602 22 10306
0 1 0 1 1 1 1 1 1 0 0 1 0 0 1 1 1 0 1 0 1 0 
1 0 1 0 0 0 1 0 1 0 0 1 1 1 0 1 1 1 0 1 1 1 
1 0 1 1 0 1 1 1 1 0 1 0 0 1 1 0 1 1 1 0 1 0 
1 1 1 0 0 0 0 1 0 1 1 1 0 1 0 0 0 1 1 0 0 1 
1 0 0 1 0 0 1 0 1 0 1 0 0 1 1 1 0 1 1 1 0 0 
0 1 1 0 1 0 0 1 0 1 0 0 1 1 0 1 0 0 1 0 1 1 
0 1 1 0 0 0 1 1 1 0 1 1 1 0 1 0 0 0 0 1 1 0 
1 1 1 1 0 0 1 0 1 0 0 1 0 1 0 0 1 0 1 0 0 1 
1 1 0 0 0 1 1 1 1 1 1 1 1 0 1 0 1 1 0 0 1 0 
0 0 1 0 1 0 0 0 0 0 0 1 0 0 0 1 1 1 0 0 1 0 
1 0 0 0 1 1 0 1 1 1 0 1 0 0 1 0 0 1 0 0 0 1 
1 1 0 1 0 1 0 0 0 1 0 0 0 1 0 0 1 1 1 1 1 0 
1 0 0 0 1 1 0 0 1 1 1 0 1 0 1 1 0 1 1 0 0 1 
1 1 1 0 1 0 1 1 0 1 0 1 1 1 0 0 0 1 0 0 0 1 
1 1 1 0 0 0 0 1 1 1 0 0 0 0 1 0 1 1 0 0 1 0 
1 0 0 1 0 1 1 0 0 0 0 1 0 0 1 1 0 0 1 0 0 0 
1 0 0 1 0 0 1 0 0 1 1 1 1 1 0 0 0 0 1 0 1 1 
1 0 1 1 0 1 1 1 1 1 0 0 0 1 0 1 1 1 0 0 1 1 
1 1 0 0 0 1 1 0 0 0 1 1 0 0 0 1 1 0 0 0 0 0 
1 0 1 1 1 1 0 0 1 0 0 0 1 1 1 1 0 0 1 1 1 1 
1 1 1 0 1 0 0 0 1 1 1 1 1 1 0 0 0 1 0 0 0 0 
0 0 1 1 0 1 1 0 1 0 0 1 0 0 0 0 1 1 1 0 1 0 
1 0 0 0 0 0 1 0 0 1 0 1 1 1 1 1 0 0 1 0 1 0 
1 0 1 1 0 0 0 0 1 0 0 1 0 1 1 0 0 0 1 1 1 0 
1 0 0 0 1 0 0 1 1 1 0 0 0 0 1 1 0 0 1 0 0 0 
1 1 1 0 0 0 1 1 0 1 0 0 0 0 0 1 1 0 1 0 0 1 
1 1 1 0 0 0 0 0 1 0 1 1 0 1 0 0 0 1 1 0 0 0 
1 1 1 0 1 1 0 0 0 0 1 1 1 1 1 0 0 0 0 1 0 1 
1 0 0 0 1 1 1 1 1 1 0 1 1 1 0 1 0 1 1 1 0 0 
1 0 0 1 0 1 1 1 1 0 0 0 1 1 0 1 1 0 0 0 0 0 
0 1 1 0 1 0 1 1 0 1 0 1 1 1 1 1 0 1 1 0 1 1 
0 1 1 1 1 1 1 0 1 1 1 0 0 1 1 0 1 0 1 0 0 1 
0 1 1 1 0 0 1 0 1 0 1 1 1 0 0 0 1 1 0 0 0 1 
0 0 0 1 0 1 0 0 0 0 0 0 1 1 1 0 0 0 1 1 0 1 
0 0 0 0 0 0 1 0 1 0 0 1 1 0 0 0 0 0 1 1 1 1 
0 0 1 1 0 1 1 0 0 0 1 0 0 1 0 1 1 0 1 0 0 1 
0 1 0 1 1 1 0 1 1 1 1 0 1 0 1 1 1 0 0 0 0 1 
1 1 0 0 1 0 0 0 1 0 1 1 0 0 1 0 1 0 1 0 0 1 
1 1 0 1 1 0 1 1 1 1 1 0 0 0 1 0 0 1 1 1 0 0 
1 1 0 1 0 0 1 1 1 1 1 1 0 1 1 0 0 1 1 0 1 0 
0 0 0 1 0 0 1 1 0 1 1 0 1 1 1 1 1 0 1 1 0 1 
1 0 0 0 1 1 0 0 0 1 0 1 1 0 0 1 0 0 1 1 1 1 
0 1 0 1 0 0 1 1 1 0 0 0 1 1 0 1 0 1 0 1 1 0 
0 1 0 1 0 1 1 1 0 1 1 0 1 1 1 1 0 0 0 1 0 1 
0 1 0 0 0 0 0 1 0 1 1 1 1 0 0 1 0 0 0 0 1 1 
1 1 0 0 0 1 1 1 1 1 1 1 0 1 0 1 1 1 1 0 1 0 
1 0 1 1 0 1 0 0 1 1 1 0 1 0 1 0 1 1 0 0 1 0 
0 0 0 1 1 1 0 1 1 0 1 0 1 0 0 1 1 1 1 1 0 0 
0 1 1 0 0 1 0 1 0 1 1 1 1 0 0 1 0 1 0 1 1 1 
1 0 1 0 0 1 1 0 0 0 0 1 0 0 0 0 1 1 0 1 0 0 
0 0 1 1 1 0 1 1 1 0 0 0 0 1 1 0 1 1 1 0 1 1 
0 1 1 0 0 0 0 1 1 1 1 0 1 1 1 0 0 0 0 0 0 0 
1 1 0 0 1 0 0 1 1 1 1 0 0 0 0 1 0 0 1 1 0 1 
1 1 1 1 1 0 0 1 0 0 0 1 0 1 1 0 0 1 1 0 1 1 
1 0 1 0 0 0 1 1 0 1 0 1 1 1 1 0 0 1 0 0 0 0 
0 0 1 0 0 1 1 1 0 1 0 0 1 1 1 0 1 1 1 0 0 1 
1 1 1 0 0 0 1 0 1 1 0 1 1 1 0 1 0 1 1 0 1 0 
1 0 0 0 0 0 1 1 1 0 0 1 1 1 0 1 0 0 1 1 1 1 
1 0 0 0 0 1 1 0 0 1 0 1 1 0 0 0 0 0 0 0 1 0 
0 0 1 0 1 0 1 1 0 1 1 0 0 0 1 0 1 1 0 1 1 0 
0 1 0 1 1 0 0 1 1 1 1 1 1 1 1 0 1 1 1 1 1 0 
0 1 0 1 1 1 0 1 0 0 1 0 1 1 0 0 1 1 0 1 0 0 
0 0 0 0 0 0 1 1 1 0 0 1 1 1 1 0 1 0 0 1 0 1 
1 0 1 1 0 0 0 1 0 0 1 0 1 1 0 0 1 0 0 1 0 0 
1 0 0 0 1 0 0 0 0 0 1 0 1 0 0 0 1 0 0 0 0 1 
1 1 1 1 1 1 1 1 0 0 0 1 1 1 0 1 0 0 0 0 1 0 
1 0 1 1 1 1 0 0 1 0 0 0 0 0 0 0 1 1 0 1 0 1 
0 0 1 1 1 1 0 1 0 0 1 0 1 0 1 1 1 1 1 1 1 0 
1 0 1 0 0 1 1 0 0 1 0 1 0 0 1 1 0 0 1 1 1 0 
1 1 1 0 0 1 1 1 1 1 0 1 0 1 0 0 0 1 0 0 0 1 
1 1 1 1 1 0 0 0 0 1 1 0 1 1 1 0 1 1 0 1 0 0 
1 1 0 1 0 0 0 1 1 1 1 1 1 0 1 0 0 1 0 1 1 1 
1 0 0 0 1 0 1 0 0 1 1 0 1 0 1 1 1 1 1 0 0 1 
0 0 0 1 0 0 1 0 1 0 0 1 0 1 1 1 1 1 1 1 1 0 
0 0 0 0 1 0 0 1 1 1 1 0 1 0 0 0 1 1 0 1 1 1 
0 1 1 1 0 0 1 0 0 1 1 1 1 1 0 1 1 0 0 0 0 0 
0 0 1 0 1 1 0 0 0 1 1 0 1 1 1 1 0 1 1 0 0 1 
0 0 1 0 1 0 1 1 0 0 1 1 0 0 0 0 0 1 1 1 1 1 
1 1 0 0 0 1 0 1 1 1 1 1 1 1 1 0 1 1 0 0 1 0 
1 1 0 0 1 0 0 1 0 0 0 0 0 1 1 0 1 1 0 1 1 1 
0 1 1 0 0 1 1 0 1 1 1 1 1 0 0 0 0 0 0 0 1 1 
0 0 0 0 1 1 1 1 0 0 0 1 0 1 0 1 1 0 1 0 0 0 
1 0 1 1 1 0 1 0 1 1 0 1 1 0 1 1 0 1 0 1 1 1 
0 1 0 0 0 0 1 0 1 0 1 1 0 0 1 0 1 0 0 1 1 0 
0 0 1 1 0 0 0 1 1 1 0 0 1 0 1 0 1 0 1 1 0 0 
1 0 1 1 0 0 0 0 1 1 1 1 0 1 0 0 1 1 0 0 1 0 
1 1 1 1 1 0 0 1 0 0 0 0 1 0 0 1 0 1 1 1 1 0 
1 1 0 0 1 0 0 0 1 0 0 0 0 1 0 0 1 0 1 0 1 1 
0 0 1 0 1 1 0 0 0 0 0 0 0 0 1 0 0 0 1 0 0 0 
1 0 1 1 0 0 1 1 0 1 1 0 1 1 0 1 0 0 0 0 1 0 
1 1 1 0 1 0 1 1 1 0 1 0 0 1 0 0 1 0 1 1 1 1 
0 1 1 1 0 1 1 1 1 0 1 0 0 1 0 0 0 0 0 1 0 1 
1 1 0 0 1 1 0 1 0 1 0 0 0 0 1 1 1 0 0 0 0 0 
1 1 1 0 1 1 0 1 1 1 1 0 0 0 1 1 0 0 0 1 0 0 
1 1 1 1 1 0 0 1 1 0 0 1 1 0 0 0 1 0 1 0 0 1 
1 0 0 0 0 0 1 0 1 1 0 1 1 0 0 1 1 1 0 1 0 1 
0 1 0 1 1 1 0 1 0 1 0 0 0 0 1 0 1 1 1 1 0 1 
0 0 1 0 0 0 1 0 0 1 0 0 0 0 0 0 1 0 0 1 1 0 
0 0 1 1 0 1 1 0 0 1 0 0 0 0 1 1 1 1 1 1 0 1 
0 1 1 0 1 0 0 0 1 0 0 1 0 1 0 1 0 0 1 0 1 0 
1 0 1 0 0 1 1 0 0 1 1 0 1 0 0 1 0 0 1 1 0 1 
1 1 0 0 0 0 0 0 0 0 1 1 1 0 1 1 0 0 0 0 0 0 
0 1 0 0 1 0 1 1 1 0 1 1 1 1 0 0 1 0 0 0 0 0 
0 0 0 0 1 0 0 0 1 1 0 0 0 1 0 0 0 0 1 1 0 0 
1 1 0 1 0 0 0 0 0 0 0 0 1 1 1 0 1 0 0 1 1 1 
1 1 1 0 1 0 1 0 1 0 0 0 1 0 1 1 1 0 0 0 1 1 
1 1 0 1 0 1 0 0 0 1 0 0 0 1 0 1 1 0 1 0 1 1 
0 1 1 0 1 0 0 0 1 0 0 1 1 1 1 1 0 0 1 0 1 1 
1 0 1 1 1 0 0 1 0 1 1 0 1 0 0 1 1 1 0 0 1 1 
1 0 0 1 1 1 0 1 0 0 0 1 1 0 0 1 1 1 1 1 1 0 
1 0 1 1 1 1 0 0 0 0 0 1 1 1 0 1 0 0 1 0 0 0 
1 0 0 0 1 0 1 0 1 0 1 0 1 1 0 0 0 0 1 0 1 1 
1 1 1 0 1 0 0 1 0 0 1 1 1 0 0 1 0 0 1 0 0 1 
0 0 1 1 1 1 1 1 1 0 0 0 0 1 0 0 1 1 0 1 0 0 
0 0 1 0 0 0 1 1 0 1 1 0 0 1 0 1 0 0 0 1 0 0 
0 0 0 0 0 0 0 0 1 1 0 0 1 0 0 0 0 1 1 0 1 1 
1 0 1 0 0 0 0 0 0 1 0 1 0 1 1 0 1 0 1 1 0 1 
0 1 0 1 1 0 1 1 0 0 1 1 1 0 0 1 0 1 1 1 0 0 
0 1 0 0 1 0 0 1 1 0 0 0 1 1 1 0 1 1 1 0 1 0 
0 1 0 1 1 0 1 1 1 1 0 1 1 1 0 1 0 0 0 0 0 1 
1 1 1 1 0 0 1 1 0 0 1 1 0 1 0 1 0 1 0 0 0 1 
0 1 1 0 0 1 0 0 1 0 0 0 1 1 0 0 0 0 0 1 1 0 
1 1 0 0 1 0 1 1 0 0 1 1 0 0 1 0 0 1 0 0 1 1 
1 0 1 0 0 1 1 0 0 0 1 0 1 1 0 0 1 1 0 1 1 1 
1 1 0 0 1 0 0 1 0 1 0 1 1 0 0 0 1 0 1 1 1 0 
1 0 1 0 0 0 0 1 1 1 1 0 1 1 1 0 1 0 0 0 1 0 
1 1 1 1 0 0 0 0 1 1 1 1 1 1 1 1 1 1 1 1 1 1 
1 0 0 0 1 1 1 1 0 0 1 1 0 0 1 1 0 1 1 0 0 1 
0 0 1 0 0 0 0 1 1 0 1 1 0 0 1 1 1 0 0 0 1 0 
0 1 0 1 0 0 0 0 0 0 0 0 0 0 1 0 1 1 1 0 1 1 
0 1 0 0 1 0 0 0 0 1 1 1 1 1 0 1 0 1 0 0 0 1 
1 1 0 0 0 0 1 0 1 0 0 0 0 0 1 1 0 0 1 1 1 0 
0 0 1 0 0 1 1 1 0 0 1 0 0 0 0 0 1 0 0 1 0 0 
0 1 1 1 1 1 0 0 1 1 0 1 0 0 0 1 1 1 0 1 0 1 
1 0 1 0 0 0 1 0 1 0 1 1 1 0 0 0 1 0 0 1 1 1 
1 0 0 1 1 1 1 1 1 1 1 1 0 1 1 1 1 0 0 1 1 1 
0 1 1 1 1 0 0 0 1 1 1 0 1 0 0 0 0 0 1 0 1 0 
0 1 0 1 0 1 1 0 1 1 1 0 1 1 0 0 0 0 0 0 0 1 
1 1 0 0 1 1 0 1 1 0 1 0 1 1 0 0 0 1 1 0 0 1 
1 0 0 1 1 1 0 1 1 1 0 1 0 0 0 1 1 0 1 0 0 1 
1 0 1 1 0 1 0 0 1 1 1 0 1 0 1 1 0 1 1 0 0 1 
0 0 1 1 0 1 0 0 0 1 0 1 1 0 1 1 1 0 0 0 1 1 
0 0 1 1 1 0 0 0 0 1 1 0 1 0 0 0 0 1 1 0 0 1 
0 1 1 0 0 0 0 1 0 1 0 0 0 0 0 1 1 1 1 0 0 0 
0 0 0 1 0 0 0 1 0 1 0 0 1 1 0 0 0 1 1 0 1 1 
0 0 1 1 1 1 1 0 1 0 0 0 0 0 0 0 1 0 0 0 1 0 
1 1 0 1 0 1 1 0 1 0 1 0 0 1 0 0 0 0 1 0 0 1 
0 1 0 0 1 1 0 0 1 0 1 1 0 1 0 0 0 0 0 1 0 0 
0 0 0 1 1 0 0 1 0 0 1 1 1 1 1 0 1 0 1 0 0 0 
0 1 0 0 0 0 1 1 0 0 1 1 1 0 0 1 1 1 1 0 1 0 
1 0 1 1 0 0 0 1 0 1 0 1 1 0 1 0 1 1 0 0 1 1 
1 1 1 0 1 1 1 0 0 0 0 0 0 0 1 0 1 1 0 0 0 0 
1 1 1 0 1 0 1 0 1 1 0 0 1 0 1 0 0 1 0 1 1 0 
0 1 0 1 0 0 0 0 0 0 0 0 0 0 0 1 1 1 1 0 0 1 
0 0 1 0 1 0 0 1 1 0 0 0 1 0 1 0 0 0 0 1 1 1 
0 0 1 1 0 1 0 0 1 0 0 0 1 1 0 0 0 0 1 1 1 0 
0 1 1 1 1 1 0 1 1 0 1 0 1 1 1 1 0 0 1 1 0 1 
1 1 0 1 1 0 1 0 0 1 0 0 1 0 1 0 0 0 0 1 1 0 
1 0 1 0 1 1 0 1 1 0 1 0 1 0 0 0 1 0 1 0 0 0 
0 1 0 1 0 1 0 0 1 0 0 0 0 0 0 0 0 1 1 0 1 1 
1 0 0 0 1 0 0 0 0 1 0 1 1 0 0 1 0 0 0 1 0 0 
1 1 1 0 1 1 0 0 0 0 1 0 1 1 1 1 1 0 0 0 1 1 
0 0 0 0 0 1 1 1 1 0 1 1 0 1 0 0 0 1 1 0 1 1 
1 0 0 0 0 1 1 0 1 1 1 1 1 1 0 0 0 0 1 0 0 0 
0 0 0 0 1 0 1 1 1 0 0 1 0 1 1 1 1 0 0 1 1 0 
0 0 0 1 0 0 1 1 1 1 1 1 0 1 0 0 0 0 0 0 0 0 
1 1 1 1 0 1 0 1 0 0 0 1 1 0 1 1 0 0 1 0 1 1 
0 1 0 0 0 1 0 1 1 1 1 1 1 0 1 0 1 1 1 0 1 0 
0 0 1 1 0 1 0 0 1 0 0 1 1 0 0 1 1 0 1 0 1 0 
0 0 0 0 1 1 1 1 1 1 1 0 0 1 1 1 0 1 0 1 1 1 
1 1 1 0 0 1 0 0 0 0 0 0 1 1 0 1 1 0 1 1 0 0 
1 1 1 0 0 0 0 1 0 0 0 0 0 1 0 0 0 1 1 1 0 0 
1 0 1 0 1 1 0 0 1 0 0 0 1 1 1 1 1 1 1 0 1 0 
1 0 1 0 0 0 1 1 0 0 1 1 1 0 1 1 0 1 1 1 1 1 
0 0 0 0 0 0 1 0 1 0 0 0 1 0 1 1 1 0 1 1 1 0 
1 1 1 0 0 1 0 1 1 0 0 0 0 0 1 0 1 0 0 1 1 1 
0 0 0 1 0 1 0 1 1 0 1 1 0 1 1 0 0 1 1 1 1 0 
1 1 0 0 1 0 0 0 0 1 0 0 1 0 1 0 1 1 1 0 1 0 
1 0 0 0 0 0 1 0 1 1 1 0 1 1 0 0 1 1 1 0 1 1 
0 1 1 0 1 1 1 0 0 0 1 0 1 1 0 1 0 1 0 0 1 0 
1 0 1 0 0 1 0 0 1 1 0 0 0 0 0 0 0 0 1 1 0 0 
0 1 1 1 1 1 1 1 0 1 0 1 0 1 1 0 1 1 1 1 0 0 
0 1 1 0 1 1 1 0 1 0 0 1 0 1 0 1 1 1 0 0 0 0 
0 1 0 1 0 1 0 1 1 1 0 0 1 1 0 1 0 1 0 1 0 0 
0 0 1 1 0 1 0 0 0 1 0 0 0 0 0 1 1 1 1 0 0 0 
0 1 1 1 0 1 1 1 1 0 1 0 1 0 0 0 1 0 1 0 0 1 
0 0 0 1 0 0 0 1 0 0 1 0 1 0 1 1 1 1 1 0 1 0 
1 0 0 0 1 1 1 0 0 0 0 0 1 1 0 1 0 0 1 0 1 1 
0 1 1 1 0 1 1 0 0 1 0 1 0 1 1 1 0 1 1 1 0 0 
1 1 1 0 1 1 1 1 0 1 0 1 0 1 0 0 1 0 0 0 1 1 
0 1 0 1 1 0 0 0 1 1 1 1 1 1 1 0 1 1 0 0 0 1 
0 0 1 1 1 0 1 0 0 0 1 0 0 1 0 1 0 0 1 1 1 1 
1 1 1 0 1 0 0 1 0 0 1 1 0 1 1 0 1 0 1 1 1 1 
1 1 1 0 1 1 0 0 1 1 1 0 0 0 1 1 0 0 0 0 1 0 
0 1 0 1 1 1 1 0 0 0 0 0 1 1 0 1 0 1 1 1 1 1 
1 0 0 1 0 1 1 0 1 0 1 1 0 1 0 0 1 0 1 0 0 1 
0 0 0 1 0 0 0 0 1 1 0 1 0 0 0 0 0 0 0 1 1 0 
1 1 0 0 1 0 1 1 0 1 0 0 1 1 1 1 0 0 0 1 0 1 
0 0 1 1 1 0 1 1 0 0 0 0 1 1 0 0 0 1 1 1 0 0 
0 1 1 0 1 1 1 0 0 0 0 0 1 0 0 1 0 0 1 0 0 0 
0 0 1 0 0 1 1 1 0 1 1 1 0 0 0 1 0 0 0 0 0 0 
1 0 1 0 1 0 1 0 1 1 1 0 0 0 1 0 0 1 1 1 1 1 
0 1 0 0 1 0 0 1 1 1 0 1 0 1 1 1 1 1 0 1 0 0 
0 0 0 0 1 0 1 1 0 1 0 0 1 0 0 0 1 1 1 0 1 0 
0 0 1 1 0 0 0 0 0 1 0 1 1 1 1 0 0 0 1 1 0 1 
0 1 0 1 0 1 0 0 0 0 0 0 0 0 1 1 1 1 1 0 0 0 
0 0 0 1 1 1 1 0 0 1 1 0 1 1 1 1 0 0 1 1 0 1 
0 1 1 1 0 1 1 0 1 1 0 1 1 1 0 1 0 0 1 1 1 0 
1 1 1 0 0 1 0 1 0 0 1 0 1 0 0 0 1 1 0 1 1 1 
1 0 1 0 1 1 0 0 1 1 1 0 1 1 1 0 1 1 1 0 1 1 
0 1 1 1 1 0 1 0 0 1 0 0 1 1 1 1 1 1 1 0 0 0 
1 0 1 0 0 0 1 0 0 0 0 0 1 0 0 0 0 0 1 0 1 1 
0 0 1 0 0 1 0 1 0 0 0 1 0 1 0 0 0 1 0 1 1 0 
1 1 0 0 0 1 0 1 0 0 0 0 1 0 0 1 1 0 1 0 1 0 
0 0 0 0 1 0 1 0 0 0 0 0 1 1 0 1 0 1 0 1 0 1 
1 1 1 1 1 1 0 1 0 1 0 1 1 0 0 0 1 1 1 1 1 1 
0 0 1 1 1 1 0 0 1 0 0 1 1 0 0 1 1 1 0 1 1 0 
1 0 1 1 0 1 0 0 0 0 1 0 1 1 0 1 0 1 1 0 1 1 
0 1 0 0 0 1 0 0 1 1 0 0 1 0 1 0 0 1 1 0 0 1 
0 0 1 0 1 0 0 0 0 1 1 1 0 1 1 0 0 0 0 0 1 0 
1 1 1 0 1 1 0 1 0 0 0 1 0 1 0 1 1 1 0 0 1 1 
1 1 1 1 1 0 0 0 1 0 1 0 1 1 0 0 0 0 0 1 1 0 
0 1 1 0 0 1 0 1 1 0 1 0 1 1 1 0 0 1 1 0 1 0 
1 1 1 0 1 0 0 1 1 1 1 1 1 1 1 1 0 0 0 1 1 1 
1 1 0 0 0 1 0 0 1 0 0 0 0 0 1 1 0 0 0 0 1 0 
1 0 0 0 1 1 1 0 0 1 1 0 0 0 0 0 0 1 1 0 0 0 
0 1 1 1 0 1 0 1 1 1 1 0 0 1 0 1 0 0 0 1 1 0 
0 1 1 1 1 1 0 0 1 1 1 0 1 1 0 1 1 1 1 0 0 1 
1 0 1 1 1 1 0 0 0 0 0 1 0 1 0 1 1 1 1 1 1 0 
0 0 1 0 0 1 1 0 0 1 1 1 1 1 0 1 1 0 1 1 0 0 
1 1 0 0 0 1 1 1 1 1 1 0 0 1 0 1 0 1 0 0 1 0 
1 0 0 1 1 0 0 0 1 1 0 0 1 1 1 1 1 1 1 1 0 0 
1 0 0 0 0 0 1 0 0 1 1 0 1 0 0 0 1 0 0 0 1 0 
0 1 1 1 1 0 1 1 0 0 0 0 0 0 0 1 1 0 0 1 1 1 
0 0 1 0 0 0 1 1 0 1 0 0 0 1 0 1 0 1 0 0 1 1 
1 1 0 1 1 1 1 0 0 1 0 1 1 0 1 1 1 0 1 0 1 1 
0 1 1 1 1 0 1 0 1 0 1 1 0 1 1 1 0 1 1 0 0 0 
1 0 1 1 1 1 0 1 1 1 0 1 0 1 0 1 1 0 1 0 0 0 
1 1 0 1 1 0 1 0 0 1 0 0 1 1 1 1 1 1 1 0 0 0 
1 1 1 1 0 0 1 0 0 1 1 0 1 1 0 1 1 0 0 1 0 0 
1 0 0 1 0 1 0 1 0 0 1 0 0 1 1 0 1 1 0 0 1 0 
0 1 0 1 1 0 0 0 1 0 1 1 1 1 1 0 1 0 1 0 0 1 
1 1 1 1 1 1 0 0 1 0 0 1 1 1 1 1 0 0 0 1 0 0 
0 0 1 1 1 1 0 0 0 0 0 0 1 1 0 1 0 0 1 0 0 1 
1 1 0 0 0 0 0 1 0 1 1 0 1 0 0 1 1 1 1 0 1 0 
1 1 0 1 1 0 0 1 0 1 1 1 1 1 0 1 1 1 1 0 1 1 
1 0 0 0 0 1 0 1 0 1 1 0 1 1 0 0 0 0 0 1 1 0 
0 0 0 1 0 0 0 1 1 1 1 1 0 1 1 0 0 1 1 0 1 0 
0 0 1 0 1 0 0 0 0 0 0 1 0 0 0 0 1 1 0 0 0 0 
1 0 0 1 1 1 0 0 1 1 0 1 1 0 0 0 1 0 0 0 0 0 
1 1 1 1 1 0 1 0 0 1 1 0 0 0 1 1 0 1 1 0 1 1 
1 1 1 0 1 0 1 1 0 0 0 0 0 0 0 1 0 0 1 1 1 1 
0 0 0 0 0 1 0 0 1 1 1 0 0 1 0 1 0 0 0 1 0 0 
0 0 0 1 1 0 0 1 0 1 0 1 1 0 0 1 1 1 1 1 1 1 
0 0 1 1 1 0 1 0 1 0 1 1 0 1 1 1 1 1 0 0 0 0 
0 0 0 0 1 0 1 1 0 1 0 0 1 0 0 1 1 1 1 1 0 0 
0 0 1 0 0 0 0 0 1 1 1 0 1 0 0 1 1 1 1 0 0 1 
0 1 0 0 0 1 1 0 1 1 0 1 1 1 0 0 1 0 1 0 1 0 
1 0 1 0 1 0 1 0 0 1 0 1 1 1 0 0 1 1 1 0 1 1 
0 0 1 0 1 1 0 1 1 0 0 0 0 1 0 0 1 1 0 0 0 0 
1 1 0 0 1 1 1 1 1 0 1 1 0 0 1 1 1 0 1 0 0 0 
0 0 1 1 1 1 0 0 0 1 1 0 0 0 0 0 1 0 0 1 0 0 
1 1 0 1 0 0 1 1 0 0 0 1 0 1 1 1 1 0 0 0 0 1 
1 0 1 1 0 1 1 0 0 0 0 0 0 1 1 0 0 0 1 0 0 0 
1 1 0 1 0 0 0 1 0 1 0 1 0 0 0 1 1 0 1 1 0 0 
1 1 1 0 0 1 1 1 1 0 0 1 1 0 1 1 1 0 1 1 0 0 
0 0 0 0 0 1 0 1 1 0 0 1 1 1 1 1 0 1 1 1 1 0 
0 1 0 1 0 1 0 0 1 1 0 0 1 1 0 1 0 0 1 0 0 1 
0 1 1 0 0 1 1 0 1 0 0 0 0 0 1 0 1 0 1 1 1 1 
0 1 1 0 1 0 1 1 0 1 1 0 1 0 0 0 0 0 1 0 0 1 
1 1 0 0 0 0 0 1 1 0 1 0 1 1 0 1 0 1 0 0 1 0 
0 1 1 0 0 1 1 1 0 0 1 1 1 1 1 0 0 0 1 1 0 0 
0 0 0 1 1 1 1 0 1 1 0 1 1 1 0 1 1 0 1 1 1 0 
1 0 1 0 1 1 1 1 0 1 0 1 1 0 1 1 0 0 0 0 0 1 
0 1 1 1 0 0 0 1 0 0 0 0 0 1 0 0 1 1 0 1 0 0 
1 0 1 0 1 1 1 1 1 1 0 0 1 0 1 0 1 1 1 0 0 1 
0 0 0 0 0 0 1 1 1 0 0 0 0 1 1 1 0 1 1 0 1 1 
1 0 1 1 1 1 0 0 0 1 0 1 0 1 0 1 1 1 0 0 1 0 
1 0 0 0 1 1 1 1 0 0 0 0 0 1 1 0 1 1 1 0 1 0 
0 1 1 1 1 1 1 1 0 1 1 0 1 1 0 1 1 0 0 0 0 0 
0 1 1 0 0 0 1 0 1 0 1 0 0 1 0 0 0 0 1 0 0 1 
0 1 0 1 0 1 1 1 1 0 1 1 1 1 1 0 0 0 0 1 1 0 
1 0 0 0 0 1 1 1 0 0 0 0 0 1 1 0 1 1 0 0 1 1 
0 1 0 0 1 1 1 0 1 1 0 1 1 1 0 0 0 0 1 1 0 1 
0 1 0 1 1 1 0 0 0 0 1 0 1 1 0 1 0 1 0 1 0 0 
0 1 1 0 1 0 0 1 0 0 0 0 0 0 1 0 0 0 0 1 1 1 
0 0 1 1 1 0 0 0 1 0 0 1 0 1 1 0 0 1 1 1 0 1 
1 1 1 0 0 0 0 0 0 0 1 1 0 1 1 0 0 0 0 0 0 1 
0 0 0 0 1 0 0 0 1 0 0 1 0 1 1 0 1 1 0 0 1 1 
0 1 0 0 0 0 1 1 0 1 0 0 1 1 1 1 0 1 0 0 0 0 
0 0 0 1 1 1 1 0 1 1 0 1 0 0 1 0 0 0 0 0 1 0 
1 1 0 1 1 0 0 1 1 0 0 1 1 1 0 0 1 0 0 0 0 1 
0 0 0 0 0 0 0 0 0 1 1 0 1 1 1 1 0 1 0 1 0 1 
1 0 1 1 0 0 0 1 0 0 0 1 1 0 1 0 0 1 1 1 1 0 
0 1 1 0 1 0 0 1 0 1 0 0 0 1 0 0 0 1 0 0 1 1 
1 0 0 0 0 1 0 1 1 1 1 0 0 0 0 0 0 0 1 0 1 1 
1 1 1 0 0 1 0 0 1 1 1 1 1 1 0 0 1 1 0 1 1 1 
0 1 0 0 0 0 1 1 1 1 1 0 1 1 0 1 1 1 0 0 1 0 
0 1 0 1 1 0 1 1 0 1 0 0 0 0 0 0 0 1 0 0 0 1 
1 1 1 0 0 1 1 1 0 1 0 1 0 1 0 0 1 1 1 1 1 0 
0 1 1 0 1 1 0 1 0 1 0 1 1 0 1 0 0 1 0 1 1 1 
1 0 0 0 0 0 1 0 1 0 0 0 0 1 1 1 0 0 0 0 1 1 
0 0 0 0 1 1 0 0 1 0 0 1 0 1 0 1 1 1 1 1 0 1 
1 0 1 0 0 1 0 1 0 0 0 0 0 1 1 0 1 0 1 1 0 0 
1 1 1 0 1 0 0 1 1 0 1 1 1 0 0 0 1 1 1 0 0 1 
0 0 0 0 1 1 1 0 1 1 1 0 1 1 1 0 0 1 0 1 1 0 
1 1 0 1 1 1 1 1 1 0 0 1 0 0 1 1 1 0 1 0 0 1 
0 1 1 0 0 0 1 0 1 0 1 0 1 0 0 0 1 0 1 1 1 1 
0 1 0 0 0 1 1 1 1 0 0 1 0 1 1 0 0 0 0 0 1 0 
1 1 1 1 0 1 0 1 0 0 1 0 0 0 0 1 0 0 0 0 1 1 
1 0 1 0 1 0 1 0 0 1 1 0 0 1 1 1 0 0 0 1 1 0 
1 0 0 1 1 0 1 0 1 0 1 0 0 0 1 0 0 1 0 1 0 1 
1 1 0 0 0 1 1 0 0 0 1 0 0 1 1 1 0 1 1 0 0 0 
1 0 1 1 1 1 1 1 1 1 1 1 1 1 0 0 1 1 1 1 0 0 
0 1 0 0 0 0 0 1 1 1 1 1 0 1 1 0 1 1 0 0 1 0 
1 0 0 0 1 1 0 1 0 0 1 1 0 0 0 0 1 1 0 0 1 1 
1 0 1 0 1 0 1 0 1 0 1 1 1 0 0 0 1 1 1 0 1 0 
0 1 0 0 0 0 1 1 1 1 1 0 0 1 1 1 0 1 1 1 1 0 
0 0 1 1 0 1 1 0 0 0 1 1 0 1 1 0 1 1 1 1 1 1 
1 1 1 1 1 1 1 0 0 1 1 0 0 0 0 1 0 0 1 0 1 0 
0 1 1 1 0 1 1 0 0 0 0 0 0 1 0 0 1 0 0 1 0 1 
1 0 1 0 0 1 1 0 0 0 1 1 1 1 0 0 1 0 1 1 1 0 
1 0 1 0 0 1 0 0 0 1 0 1 1 1 1 0 0 1 1 0 0 0 
1 1 1 1 1 1 0 1 1 0 0 1 0 0 1 0 1 1 1 1 1 1 
1 0 1 1 0 0 0 0 1 1 0 1 0 1 1 1 1 1 1 0 1 0 
1 0 0 1 1 0 1 0 0 1 0 1 1 1 1 0 1 1 0 1 1 0 
0 1 1 0 0 1 1 0 1 0 1 0 1 1 1 0 0 1 1 0 0 1 
0 0 1 0 0 1 1 1 1 1 1 1 1 1 0 1 0 0 0 1 1 0 
0 0 0 1 1 1 0 0 1 0 1 0 1 1 0 1 0 0 0 0 1 0 
1 1 0 1 1 0 0 1 0 0 0 1 1 1 1 1 1 0 0 1 0 1 
0 0 0 1 0 0 0 1 1 0 1 0 0 1 0 0 1 0 0 0 0 1 
0 1 0 0 1 0 1 0 1 0 0 1 0 1 0 0 0 1 1 1 1 1 
0 0 0 0 0 0 1 0 0 1 1 1 0 1 1 1 0 1 1 1 1 1 
1 0 0 0 1 0 1 0 0 0 0 1 0 1 0 0 0 0 0 0 1 0 
1 0 0 1 0 1 1 1 0 1 0 0 0 0 0 1 0 0 1 1 1 0 
0 1 1 1 0 0 0 0 1 0 0 0 0 0 1 1 1 0 1 0 1 0 
1 1 1 0 0 1 0 0 0 0 0 0 1 0 1 1 1 0 1 0 1 1 
1 0 1 1 0 1 0 1 1 1 1 0 1 0 1 1 0 1 0 1 1 1 
0 1 0 1 1 0 0 0 0 1 0 0 1 1 1 0 0 1 0 1 0 1 
0 1 0 1 0 0 0 1 0 0 1 1 0 0 0 0 1 0 0 0 0 0 
1 0 0 1 1 1 1 0 1 0 1 1 1 1 0 0 1 0 0 1 1 1 
1 0 1 1 0 0 0 0 0 0 0 0 0 0 1 1 1 0 0 0 1 0 
0 0 1 1 0 0 0 0 0 0 0 1 1 0 0 0 0 0 0 1 0 0 
0 1 1 0 0 1 0 1 0 1 0 1 1 0 0 0 0 0 0 1 0 1 
0 0 0 1 0 1 0 1 1 1 0 1 0 0 1 1 1 0 1 0 0 1 
1 0 0 0 0 1 1 1 1 0 0 0 0 1 1 0 0 0 0 0 1 0 
1 1 1 0 1 1 0 0 0 1 0 1 0 1 1 0 0 1 0 1 0 0 
1 1 1 1 0 0 1 0 0 0 1 0 0 1 1 0 0 0 0 0 0 1 
0 0 0 1 1 1 0 0 0 0 1 1 0 1 0 1 0 0 1 0 1 0 
0 0 1 1 0 0 1 1 0 1 0 1 1 1 0 0 1 1 0 1 1 0 
0 1 0 1 0 1 0 0 0 1 0 1 1 0 0 1 1 0 1 0 1 0 
1 1 0 1 1 1 0 1 0 0 0 0 0 0 1 1 0 0 1 1 1 0 
0 0 1 0 0 0 1 0 0 0 1 1 1 1 1 0 1 1 0 1 1 1 
0 1 1 1 0 0 1 1 0 1 0 0 0 0 0 1 1 0 1 0 1 1 
0 1 0 0 0 0 0 0 1 1 1 0 1 0 1 1 0 1 0 0 1 0 
1 0 0 1 1 0 0 0 0 0 1 0 1 1 0 0 0 1 0 1 0 1 
0 1 1 1 0 0 1 1 0 1 1 0 0 1 0 0 1 0 1 0 0 1 
1 0 0 1 1 1 0 1 0 0 0 1 1 0 1 0 1 0 0 1 1 1 
0 0 1 0 1 1 0 0 0 1 0 1 1 0 0 0 0 0 1 1 1 1 
0 1 0 1 1 0 1 0 1 1 0 0 0 0 1 1 1 0 1 1 0 1 
0 1 0 1 1 1 1 0 1 0 0 0 0 0 0 1 1 1 1 0 0 1 
0 0 0 1 1 1 0 1 0 0 0 1 1 0 0 1 1 1 0 0 0 1 
1 0 0 0 0 1 0 0 1 0 0 0 1 0 1 1 1 0 1 1 0 1 
1 1 0 1 0 0 0 0 0 0 1 1 0 0 0 0 1 1 0 1 0 0 
1 1 0 0 0 1 1 1 0 1 0 0 0 0 1 1 1 0 1 1 0 1 
1 1 0 1 1 1 0 1 0 1 1 1 1 0 0 1 1 1 0 1 0 1 
1 1 0 1 1 0 1 0 1 1 1 1 1 0 1 0 1 0 0 1 0 0 
0 0 1 1 0 0 1 1 1 1 0 0 1 0 0 1 1 1 0 1 1 1 
1 1 1 0 1 0 0 1 1 1 1 0 1 0 0 0 1 1 0 0 0 0 
0 0 0 0 0 1 1 0 0 1 0 1 1 0 1 1 0 0 0 0 1 1 
1 1 0 0 0 0 0 1 1 1 1 1 0 0 0 0 1 1 0 0 1 0 
0 0 1 1 0 1 1 1 1 0 0 0 0 0 1 0 0 0 1 1 0 1 
1 0 0 0 1 1 0 0 0 0 1 1 1 1 0 1 0 1 1 1 0 0 
1 1 1 0 0 0 1 1 1 1 1 0 1 1 1 1 0 0 1 1 0 0 
0 0 0 0 0 1 0 0 1 0 0 1 0 0 0 1 1 0 0 0 0 0 
0 1 1 1 1 0 1 0 0 0 0 0 1 1 0 0 1 1 1 1 1 1 
1 0 1 1 1 1 1 0 1 0 1 0 0 0 0 0 1 1 0 0 0 0 
0 1 0 1 0 0 0 0 1 1 1 1 0 1 0 1 1 0 0 1 0 0 
0 0 1 0 0 1 0 0 0 0 0 0 0 0 0 0 1 0 1 0 1 0 
0 1 0 0 1 0 1 0 0 1 1 0 1 0 1 0 1 1 0 0 1 1 
0 1 0 0 1 0 1 0 1 1 0 0 1 0 0 0 1 0 0 0 1 0 
0 1 1 1 0 0 1 1 0 0 1 1 0 0 0 1 1 0 0 0 0 0 
0 1 0 0 0 0 0 1 1 1 1 1 1 1 1 1 1 0 1 1 0 0 
1 1 0 0 1 0 0 0 0 0 0 0 1 0 0 0 1 1 0 0 1 1 
0 1 0 1 0 1 1 1 0 1 1 1 1 1 1 1 1 1 1 0 1 1 
0 0 0 0 0 1 0 0 1 0 1 0 0 0 1 1 1 0 0 1 1 0 
0 1 1 1 0 0 0 0 1 0 0 0 0 1 1 1 1 0 1 0 0 0 
0 0 1 0 1 1 1 1 0 0 1 1 1 0 1 0 1 1 0 1 0 1 
1 1 1 1 1 0 1 1 1 0 1 1 0 0 0 0 0 0 0 1 0 0 
1 0 0 0 1 0 0 1 0 1 1 1 1 0 1 1 0 0 0 0 1 0 
0 0 0 0 0 0 0 1 1 1 1 1 0 1 0 1 0 0 0 1 0 0 
1 1 1 0 1 0 0 1 1 1 1 1 0 1 0 0 0 1 0 0 1 0 
1 0 1 1 1 1 0 0 1 1 0 0 1 0 1 1 1 1 0 1 1 0 
1 1 0 0 1 1 0 0 1 1 1 0 1 0 1 0 0 0 0 1 1 0 
0 0 0 0 1 1 0 1 1 0 1 0 0 0 0 0 0 1 1 1 1 1 
0 1 0 0 0 1 1 1 0 1 1 1 1 1 1 0 0 1 0 1 1 0 
0 1 1 1 1 0 0 0 1 0 1 0 1 0 0 0 1 0 1 1 0 0 
1 0 0 1 0 1 0 1 0 0 1 0 1 0 1 1 1 1 0 0 1 0 
0 1 0 0 0 0 1 0 1 0 0 1 0 1 1 1 1 1 0 1 0 0 
1 1 0 1 1 0 0 0 1 0 1 0 0 1 0 0 1 0 0 0 0 0 
1 0 0 1 1 1 1 1 1 0 1 1 1 1 0 1 1 1 1 0 1 0 
1 0 0 1 0 1 0 0 0 1 0 1 1 1 1 0 0 1 0 0 0 1 
0 0 0 1 0 0 1 1 0 0 0 1 1 0 1 0 0 1 1 0 1 1 
0 1 0 1 1 1 1 0 1 1 1 1 0 0 1 0 0 1 1 0 0 0 
1 0 0 1 1 0 0 1 0 1 0 0 0 1 0 1 1 1 0 0 1 0 
1 1 0 0 1 1 0 1 1 1 0 0 1 1 0 0 1 0 1 0 1 0 
1 1 1 1 1 1 0 0 0 0 1 0 0 1 0 1 1 0 1 0 0 1 
1 1 1 0 0 0 1 1 1 1 1 1 1 1 0 1 1 1 1 1 1 0 
0 1 0 0 1 0 1 1 1 1 1 1 0 1 1 1 1 1 0 1 1 0 
0 1 1 0 0 1 0 0 0 1 0 1 0 1 0 0 0 1 1 1 1 1 
1 0 0 1 1 1 1 0 1 0 1 0 1 1 0 0 1 1 0 1 0 0 
0 1 0 1 1 0 0 1 0 1 0 1 1 0 1 0 1 0 1 0 1 0 
1 1 1 0 1 1 0 0 0 1 1 1 0 0 0 1 0 1 1 1 0 1 
0 0 1 0 0 1 0 0 1 0 0 0 0 1 0 1 1 0 0 1 0 1 
0 0 1 1 1 0 0 0 0 0 1 0 0 0 0 1 1 1 1 1 1 1 
1 0 0 1 1 0 1 1 1 0 0 0 0 0 1 1 1 0 1 1 0 1 
1 1 1 1 0 0 1 1 0 0 1 1 0 0 1 0 0 0 1 0 1 0 
1 0 1 1 1 0 1 0 0 1 0 0 1 1 1 1 1 0 1 1 1 1 
0 0 0 1 1 0 0 0 1 1 0 1 0 1 0 0 0 0 0 1 1 0 
0 1 0 1 1 1 0 1 1 1 0 0 0 1 0 0 1 0 1 0 0 1 
0 1 0 1 1 0 1 1 0 0 0 1 1 0 1 1 0 1 0 1 1 0 
1 1 1 1 1 1 1 0 0 1 1 1 1 1 1 0 1 1 1 1 1 1 
0 1 0 0 0 0 1 1 0 1 0 1 1 0 0 0 1 0 1 0 0 1 
0 1 1 1 0 1 1 1 1 1 1 0 1 1 0 1 0 1 1 0 0 1 
1 0 1 1 0 0 1 0 1 0 1 1 1 1 1 1 1 1 0 1 0 0 
1 0 0 0 0 1 0 0 0 1 1 0 0 1 0 1 1 0 0 0 1 0 
1 0 1 1 1 1 0 0 1 0 0 1 0 1 0 0 1 0 1 0 1 1 
0 0 0 1 0 0 0 1 1 0 1 1 1 0 1 1 1 0 0 1 0 0 
1 1 0 0 0 0 1 0 1 1 0 1 0 1 0 0 1 1 0 0 1 0 
0 0 0 0 0 0 0 0 0 1 0 0 1 1 1 1 0 0 0 1 1 0 
0 1 1 0 1 1 0 0 1 1 0 0 0 1 0 0 0 1 1 0 0 1 
0 1 0 1 1 1 0 1 1 0 1 0 0 0 1 1 1 1 1 0 1 1 
1 0 0 1 0 1 0 1 0 1 1 0 0 1 1 1 1 0 0 0 1 1 
0 1 1 0 1 0 0 0 0 1 0 1 0 1 0 0 0 0 1 1 0 0 
0 1 0 0 0 0 0 1 0 1 1 1 0 0 0 0 1 1 0 0 1 1 
0 1 1 1 1 0 0 0 0 1 1 0 1 0 0 0 1 0 1 1 0 1 
0 0 0 0 0 0 1 0 1 0 1 1 1 0 1 1 0 0 0 1 1 1 
1 1 1 1 1 1 0 1 0 0 1 1 0 0 1 1 1 1 0 1 0 0 
0 0 1 0 0 0 0 0 1 0 0 0 1 1 1 1 1 0 0 0 0 0 
1 1 1 1 1 0 0 0 0 0 1 0 0 0 0 0 1 1 1 0 1 0 
1 1 0 0 1 0 0 1 1 0 0 1 0 1 1 1 0 1 1 0 0 0 
0 0 0 0 0 0 1 1 0 1 1 1 1 0 0 1 0 1 0 0 1 0 
0 0 1 1 0 1 1 0 1 0 0 1 0 1 0 1 0 0 0 0 1 0 
0 0 1 0 1 0 0 1 1 0 0 1 1 0 0 1 0 0 1 1 1 1 
1 0 1 0 0 1 0 1 1 0 1 1 0 0 0 1 1 1 0 1 0 1 
0 1 1 1 0 0 0 1 1 1 0 0 1 1 1 1 0 0 0 0 1 0 
1 0 0 0 1 1 1 1 0 1 1 0 1 1 1 0 1 1 0 0 1 0 
1 0 1 1 1 1 0 1 1 0 1 1 1 0 1 0 1 0 1 1 0 0 
0 0 1 0 0 0 1 0 0 0 0 1 1 0 0 0 1 0 0 1 0 1 
0 1 0 1 0 0 1 0 0 1 1 0 0 0 1 1 1 0 1 0 1 1 
0 1 1 0 1 0 0 1 1 0 0 0 0 1 1 0 1 1 0 0 0 0 
0 1 1 1 1 0 1 1 0 0 0 0 0 1 0 1 0 1 0 0 1 1 
1 1 0 0 1 1 0 1 0 1 0 1 0 1 0 0 1 1 0 1 1 0 
1 0 1 0 1 1 1 0 1 0 1 0 0 1 1 1 1 1 0 0 1 0 
0 0 0 1 0 1 0 0 1 1 1 0 1 1 1 0 1 0 1 0 0 0 
0 0 0 0 1 0 1 0 0 0 0 1 1 1 1 0 0 0 1 1 0 1 
1 0 1 1 0 0 0 1 0 0 0 1 0 1 1 0 1 1 1 1 1 0 
0 1 1 1 0 0 0 1 0 1 1 0 1 1 0 0 0 0 1 0 1 0 
0 0 0 1 1 0 0 1 0 0 0 1 1 1 1 0 0 0 1 0 1 0 
1 1 0 1 0 1 1 1 0 0 0 0 0 1 0 1 0 0 1 0 1 0 
0 0 0 1 1 1 0 0 0 0 0 1 0 1 1 1 0 1 1 0 0 1 
0 0 0 1 0 1 0 1 0 0 1 1 0 1 1 1 1 0 0 0 0 0 
0 1 1 0 0 0 1 0 1 1 1 0 1 0 0 0 1 0 0 1 0 0 
1 0 0 0 0 1 1 1 1 0 1 1 1 0 0 0 0 1 1 1 1 0 
0 1 1 0 0 0 1 1 1 1 1 1 1 0 1 1 0 0 1 1 0 0 
0 0 1 0 1 1 0 0 0 0 1 1 0 0 0 0 0 0 0 1 0 0 
1 0 1 1 0 1 1 1 1 1 0 1 1 0 1 0 1 0 1 0 0 0 
1 0 1 0 0 1 0 1 0 1 0 0 1 1 1 1 0 0 0 1 0 1 
0 0 0 0 0 1 1 0 0 1 1 0 1 1 1 1 0 0 1 0 0 1 
0 1 0 0 1 0 1 1 1 1 1 0 1 1 1 0 1 0 0 0 1 0 
0 0 0 0 0 1 1 1 0 0 0 1 0 0 0 1 0 0 1 1 0 1 
1 1 1 1 0 0 1 0 1 0 1 0 0 1 0 0 0 1 0 0 1 1 
0 1 1 1 1 1 1 0 1 1 0 0 0 1 0 0 1 1 0 1 1 0 
1 0 0 1 0 0 0 0 0 0 0 0 1 0 0 0 1 0 1 0 0 1 
1 0 1 0 0 0 1 1 0 1 1 1 1 1 0 1 1 0 0 0 1 1 
1 1 0 0 0 0 0 0 1 0 0 0 0 1 0 0 0 1 0 0 1 0 
0 0 1 0 1 1 0 0 1 1 1 0 0 0 1 1 0 0 1 1 1 0 
0 1 1 0 0 1 1 0 0 1 0 1 0 0 1 1 0 1 0 0 0 1 
1 1 0 1 0 0 0 0 1 1 1 0 0 1 1 0 1 0 1 0 0 1 
1 1 1 0 0 1 1 1 1 0 1 0 0 1 0 1 0 1 0 1 0 0 
1 0 0 0 1 0 0 0 1 1 0 1 1 1 0 0 0 1 0 1 0 0 
1 1 1 1 1 0 1 0 0 1 0 0 0 0 0 1 0 1 0 0 0 0 
0 1 0 0 1 1 0 0 1 0 0 0 1 1 1 1 0 1 1 1 1 1 
1 0 0 0 0 0 0 0 0 1 0 0 0 1 1 0 0 1 1 1 0 0 
0 0 0 1 1 0 0 0 1 0 0 1 1 0 0 0 0 0 1 0 1 0 
1 1 0 1 0 1 1 0 1 1 1 1 0 1 1 0 0 1 0 0 1 1 
0 0 1 1 0 0 1 0 0 0 0 0 0 1 1 0 1 1 0 1 0 1 
1 1 0 0 1 1 0 0 1 1 1 1 1 1 0 0 0 0 1 1 0 1 
0 0 1 0 1 1 0 0 1 1 0 0 0 1 0 0 0 1 1 1 0 0 
1 1 0 1 0 0 0 1 1 0 0 1 1 1 1 1 1 0 1 0 0 0 
1 0 1 1 1 0 1 1 0 1 1 0 1 0 1 0 0 1 0 1 1 0 
0 1 1 0 0 1 0 0 0 1 0 1 1 0 1 0 0 1 1 1 0 0 
0 0 1 0 0 1 1 0 1 1 0 0 0 1 0 0 0 0 0 1 0 1 
1 1 0 1 1 1 0 0 1 0 1 0 0 0 0 1 1 1 0 0 0 0 
1 0 1 1 0 1 0 1 1 0 1 0 1 0 0 0 1 0 0 0 0 0 
0 1 0 1 1 0 1 1 0 1 1 0 0 0 1 0 1 1 1 1 0 0 
0 0 0 1 0 0 0 0 1 0 1 0 0 1 1 1 0 1 1 1 1 1 
1 1 1 0 0 0 1 0 0 1 1 0 0 0 0 1 0 0 1 1 0 1 
0 0 0 1 1 1 0 1 1 0 1 0 0 0 1 0 1 0 0 0 0 0 
0 0 1 1 1 0 1 1 0 1 0 0 0 0 1 0 0 1 1 1 1 1 
0 1 1 0 1 0 1 1 0 0 0 1 0 0 1 0 0 1 0 0 0 0 
0 1 1 0 1 1 1 1 1 0 1 1 1 0 0 1 0 1 0 0 1 1 
1 1 0 0 1 0 0 0 0 1 1 1 1 0 1 1 0 1 0 1 1 1 
1 0 0 0 1 0 0 0 0 0 0 0 1 0 1 1 0 1 0 1 1 0 
1 1 0 1 1 0 0 0 0 1 0 1 1 1 0 0 0 1 0 0 0 0 
1 1 1 1 1 1 0 0 1 0 1 0 0 1 0 1 0 0 0 0 1 0 
0 1 0 0 0 1 0 1 1 0 0 1 0 0 0 0 1 0 0 0 1 0 
1 1 1 0 1 1 1 0 0 1 0 1 0 1 1 1 0 0 1 1 1 1 
1 1 0 1 0 1 0 1 0 0 0 0 1 0 1 1 1 0 0 1 1 0 
1 1 0 0 0 1 0 0 1 0 0 0 1 0 1 0 0 1 1 1 0 0 
0 1 1 0 1 1 0 0 1 1 1 1 1 1 1 1 1 0 0 1 1 0 
1 0 0 1 1 1 0 1 0 1 0 1 0 0 0 1 0 0 0 1 1 1 
0 1 0 1 1 0 1 1 0 1 0 0 0 1 1 1 1 1 0 1 1 1 
0 0 0 1 0 1 0 1 0 1 1 1 1 1 0 0 1 0 0 0 0 0 
1 0 0 1 0 0 0 0 0 0 0 1 1 1 1 1 0 0 0 1 0 0 
1 1 0 1 0 1 0 0 1 0 1 0 1 1 0 1 1 0 0 0 1 1 
0 0 0 0 1 1 1 1 0 0 1 1 1 1 1 1 0 1 1 1 0 0 
1 1 0 1 0 1 1 1 1 1 1 0 0 0 1 0 0 1 0 0 1 1 
0 0 1 0 0 0 0 0 1 1 1 1 0 1 0 1 1 0 1 1 0 0 
1 1 0 0 0 1 0 0 0 0 0 1 0 1 0 1 0 1 1 1 1 1 
0 0 1 0 0 0 1 1 1 1 1 1 0 0 0 1 0 1 0 0 1 1 
0 0 1 1 0 1 0 0 0 0 0 0 0 1 1 1 1 1 1 1 0 1 
0 1 0 0 1 1 0 1 1 0 0 1 0 0 1 0 0 1 1 0 1 0 
0 0 0 0 1 1 1 1 1 1 1 0 0 0 1 0 1 0 0 0 1 1 
0 1 0 0 1 0 0 0 1 0 1 1 1 0 0 1 1 1 0 1 1 0 
0 0 0 0 1 1 1 0 0 0 0 1 1 1 0 0 0 1 0 1 0 0 
1 0 0 1 1 0 1 1 0 0 0 1 1 0 1 0 0 0 1 1 1 1 
0 1 0 0 1 1 1 1 1 1 1 1 1 0 1 0 1 1 0 0 0 1 
0 0 0 1 1 1 0 0 0 0 0 0 1 1 0 0 1 1 0 0 1 1 
0 0 0 0 0 1 0 1 0 0 0 0 0 1 1 1 1 0 0 0 0 0 
1 0 0 1 0 0 0 1 1 0 0 0 1 1 1 1 0 1 0 1 1 0 
1 0 1 0 0 1 0 0 1 1 0 0 1 1 0 0 1 1 0 1 1 1 
0 0 1 0 0 1 0 1 1 1 1 0 1 0 1 1 0 0 1 0 1 0 
1 0 0 0 1 0 0 0 0 1 1 0 0 0 1 1 1 0 1 0 1 0 
1 1 0 0 0 1 0 1 0 0 1 1 0 0 0 0 1 0 0 0 0 0 
1 1 0 1 0 1 1 0 1 0 1 0 1 0 0 1 0 0 1 1 0 0 
0 1 1 1 1 0 1 1 0 1 1 1 1 1 0 0 1 0 1 0 0 0 
0 0 1 1 1 1 1 1 1 1 0 1 1 1 1 1 0 1 1 1 1 0 
0 0 1 1 0 0 0 0 1 0 1 1 0 0 1 0 0 0 1 0 1 1 
0 0 0 0 0 0 1 1 1 0 0 0 1 0 0 0 1 0 1 0 0 1 
1 0 0 1 1 1 0 1 1 0 1 0 0 0 1 1 1 0 1 1 1 1 
1 1 1 1 0 1 1 1 1 1 0 0 0 0 0 1 0 0 0 1 1 1 
1 0 1 0 0 1 0 1 1 1 0 0 0 1 1 0 1 0 1 1 1 0 
1 0 1 0 0 1 0 1 0 1 1 0 1 1 0 1 1 1 0 1 1 0 
1 1 1 1 1 0 1 1 1 1 0 1 1 0 1 1 1 0 1 1 1 1 
0 0 1 1 0 1 1 1 0 1 1 0 1 1 0 0 0 1 0 1 0 1 
0 0 0 0 0 1 0 1 1 0 1 1 1 0 0 0 1 1 0 0 0 1 
0 0 1 0 0 1 0 1 0 0 1 0 1 1 0 0 0 1 1 0 1 0 
0 1 0 1 0 1 0 0 0 1 1 0 0 1 1 1 0 0 0 0 0 1 
0 1 0 1 0 1 1 0 0 1 0 0 0 0 0 0 0 1 0 0 0 1 
1 1 0 0 1 1 0 1 1 0 1 0 0 1 0 1 1 1 0 1 1 0 
1 1 1 0 1 1 0 1 1 1 1 0 0 0 1 1 1 1 1 0 0 0 
0 1 1 1 0 0 0 0 1 1 0 1 0 0 1 0 1 0 1 0 0 1 
1 0 0 0 0 0 0 0 1 0 1 0 0 1 1 0 1 0 0 1 1 0 
1 0 0 0 1 0 1 1 0 1 0 1 1 1 0 0 0 1 1 1 1 1 
1 0 1 1 1 1 0 1 1 1 0 1 1 0 0 1 0 0 0 1 0 1 
0 0 0 0 0 0 1 1 0 0 0 0 0 0 1 1 0 0 1 0 0 0 
0 0 1 0 0 0 0 0 1 0 1 0 0 0 1 1 0 1 1 1 0 1 
0 1 0 0 1 0 1 0 0 0 1 0 0 0 1 0 0 0 0 1 0 1 
0 1 0 1 0 1 0 1 1 1 1 0 0 0 1 0 1 1 0 0 0 1 
1 1 1 0 1 1 0 1 0 0 1 0 1 1 0 1 0 0 1 0 0 0 
0 0 0 0 0 1 0 1 0 1 1 1 0 0 1 0 1 0 0 0 0 0 
0 0 0 1 1 1 0 0 0 0 1 1 1 1 1 0 1 0 0 0 1 1 
0 0 1 1 0 1 0 1 1 0 1 1 1 1 1 1 1 1 1 0 1 1 
0 1 1 0 1 1 0 0 0 1 1 0 1 1 1 0 0 0 0 0 0 1 
0 1 1 0 0 1 1 1 0 1 1 1 1 0 0 1 1 0 0 0 1 1 
1 1 1 1 0 1 0 1 0 1 1 1 1 0 0 0 0 1 1 1 0 0 
1 0 0 1 0 0 1 1 0 1 0 0 1 0 1 1 1 0 1 0 1 1 
0 0 0 1 1 1 1 1 0 0 1 1 0 0 1 0 1 1 1 0 0 1 
1 1 1 0 1 1 1 1 0 0 0 0 1 0 1 1 1 1 0 1 0 0 
1 1 1 1 0 1 1 0 1 0 0 0 0 1 0 1 0 0 1 0 1 1 
1 1 0 0 0 1 0 0 1 1 1 1 0 1 1 0 1 1 0 0 1 1 
1 1 1 0 1 0 1 1 0 0 0 0 0 1 0 0 0 1 0 0 0 1 
1 0 1 1 1 1 0 1 0 0 1 1 1 0 0 0 0 1 1 0 1 1 
1 1 1 0 0 1 0 1 0 1 1 0 1 1 1 0 1 0 1 0 0 0 
0 0 1 1 1 0 0 0 1 0 1 1 0 0 1 1 0 0 0 0 0 1 
0 0 0 0 1 1 0 1 0 0 0 0 1 0 1 0 0 1 1 1 1 1 
0 1 0 0 0 0 0 0 1 0 0 1 1 1 0 1 1 0 0 0 1 1 
1 0 0 1 1 0 1 1 0 0 1 1 1 1 0 1 0 1 1 0 1 1 
0 0 0 1 0 0 0 0 0 1 1 0 1 0 1 0 0 0 0 0 0 0 
0 1 1 0 1 0 0 1 1 1 0 1 0 1 1 0 0 1 1 1 1 0 
1 1 1 1 1 0 1 1 0 0 1 1 0 1 1 0 0 0 1 0 0 1 
1 0 0 1 0 1 0 1 0 1 0 0 1 0 0 1 0 0 1 1 1 0 
0 1 1 1 0 1 0 1 1 1 1 0 1 1 1 1 0 1 0 0 0 1 
0 1 1 1 1 0 0 0 0 0 0 0 0 1 1 0 0 1 1 1 0 0 
1 1 0 0 0 1 1 0 0 0 0 0 1 0 0 1 0 1 0 0 0 1 
1 1 0 1 1 0 0 1 0 0 1 0 1 0 0 1 0 0 1 1 1 0 
1 0 0 1 1 1 0 1 0 0 0 1 0 0 0 1 1 0 0 1 0 0 
0 0 0 0 1 1 0 0 0 0 0 1 1 1 1 0 1 0 1 0 1 0 
1 1 1 0 1 1 1 0 0 0 1 0 1 1 0 0 0 1 1 0 0 0 
1 1 1 1 1 0 0 1 0 0 1 0 0 1 1 0 1 0 0 0 1 1 
1 0 0 0 1 0 0 0 1 1 1 0 0 0 0 0 0 0 1 1 1 0 
1 1 1 0 0 0 0 0 0 1 0 0 1 0 1 0 0 1 1 1 0 0 
1 1 0 1 1 1 0 1 0 1 1 1 0 1 0 0 1 0 0 1 0 1 
1 0 1 1 0 1 1 1 0 1 1 1 1 0 1 0 1 0 0 1 1 1 
0 1 0 1 0 1 0 0 0 1 1 1 0 1 1 1 0 1 1 0 0 0 
1 1 0 1 0 1 0 0 1 1 0 0 0 1 1 1 1 1 1 0 0 0 
0 0 0 0 1 1 1 0 0 1 0 1 0 0 1 1 1 0 1 0 1 0 
0 1 1 1 1 1 1 0 0 0 0 0 0 1 1 0 1 1 0 0 0 0 
1 1 1 1 1 1 1 0 1 1 1 1 0 0 0 0 1 0 1 0 1 1 
0 1 0 1 1 1 1 0 1 0 0 0 1 1 1 1 0 0 1 0 1 0 
1 0 1 1 0 0 1 1 1 1 1 1 0 0 1 1 1 1 1 0 0 0 
367 5
7 22
491 21
271 19
399 7
311 13
475 7
456 7
81 1
376 2
527 16
129 1
346 4
526 6
248 22
340 17
322 9
106 12
422 19
551 1
548 8
50 21
382 17
219 11
121 11
105 22
396 16
378 10
50 2
281 2
108 22
277 10
83 10
114 20
493 21
313 19
491 5
67 6
402 19
497 4
59 15
201 11
483 11
83 15
352 10
269 17
83 8
422 12
305 22
427 16
409 5
451 8
181 3
355 20
220 10
527 6
77 6
308 3
486 4
140 10
139 22
493 20
169 13
12 12
35 18
591 20
544 15
398 8
533 9
598 14
287 17
340 10
289 2
321 11
368 11
260 10
368 15
363 14
14 22
332 14
125 17
246 2
254 6
160 15
531 18
21 13
158 12
294 7
391 7
256 4
439 19
429 11
574 9
450 11
11 10
57 6
120 21
538 21
452 1
17 22
416 20
62 4
64 15
278 22
413 13
402 11
116 7
214 10
599 11
96 5
125 7
553 8
187 15
409 6
276 3
423 21
427 4
15 6
122 6
314 1
517 11
445 4
358 7
432 7
529 8
331 12
153 17
229 21
462 13
152 10
431 2
203 22
464 15
529 11
566 10
285 7
333 6
297 20
593 11
388 3
319 22
157 9
222 21
354 2
115 9
483 2
465 6
456 19
281 2
324 19
349 15
83 6
533 21
391 12
297 15
197 22
135 18
469 8
197 6
595 6
268 14
343 9
232 11
522 20
465 20
96 11
323 17
48 21
235 21
228 12
284 6
158 13
353 12
237 22
398 22
512 18
231 12
144 21
31 13
149 11
184 6
109 3
160 2
446 20
593 6
323 14
326 13
99 6
291 14
360 5
104 10
273 14
491 14
8 7
442 14
545 10
536 6
415 19
37 15
561 21
127 12
218 12
311 22
564 3
490 17
347 10
245 18
48 10
194 2
288 2
317 13
417 21
182 16
537 7
36 2
477 7
93 6
216 2
34 22
54 8
379 1
412 17
383 2
272 16
227 9
55 10
55 19
202 3
592 22
85 3
336 1
480 9
524 17
193 2
60 14
485 5
20 16
367 17
555 14
473 17
53 9
96 3
223 20
521 19
256 22
108 2
570 18
142 8
537 14
30 12
258 8
566 11
153 2
37 13
512 12
274 4
513 22
599 3
520 20
79 21
510 16
168 6
316 20
452 13
347 9
247 6
292 6
271 21
598 1
56 5
376 16
571 1
57 20
341 5
442 6
488 3
144 10
236 4
379 17
348 20
463 6
151 14
545 18
407 17
602 10
241 11
323 15
425 10
536 20
18 2
437 19
18 15
561 15
543 7
488 4
501 8
70 17
86 7
454 8
75 16
403 15
295 19
257 18
348 21
103 7
240 10
263 18
105 21
583 16
117 18
175 9
267 16
539 4
180 2
163 14
493 9
257 13
154 9
341 2
25 20
75 18
190 7
196 18
164 4
302 10
406 21
298 17
13 11
415 1
298 9
92 8
60 13
505 21
503 17
327 19
149 19
218 12
568 22
204 18
216 3
166 22
363 18
167 15
372 15
128 10
454 8
574 6
557 14
525 14
590 11
470 17
182 1
403 13
143 21
559 16
77 13
141 9
399 3
445 17
408 16
492 4
208 6
149 4
498 21
414 4
303 9
165 2
526 8
285 1
363 15
282 21
425 11
513 2
118 16
110 22
407 6
495 8
12 12
251 9
435 22
435 2
287 1
100 10
36 15
107 15
391 8
586 12
571 11
92 4
225 16
306 1
183 22
406 20
314 15
52 21
217 5
81 16
159 19
467 12
149 22
163 14
7 14
121 22
526 10
23 18
351 19
354 9
466 4
312 19
201 2
254 2
522 4
436 17
187 15
278 1
553 15
230 12
168 3
371 9
544 11
419 5
262 21
359 14
123 13
412 6
575 13
415 13
510 13
316 6
508 1
172 22
306 13
399 1
447 10
315 7
262 12
394 9
452 16
512 7
39 20
375 19
291 4
207 8
381 3
327 21
249 11
67 22
155 17
90 6
475 5
406 15
253 3
57 10
459 6
295 7
458 14
174 3
302 8
252 12
43 15
297 7
575 7
447 19
514 10
17 3
188 17
241 19
100 15
51 19
568 1
157 12
204 3
176 17
390 4
439 2
501 7
29 4
36 9
496 13
143 16
189 13
550 7
230 1
402 21
337 9
184 6
19 9
15 16
477 2
320 11
193 20
600 19
51 19
597 3
563 13
324 22
524 11
532 3
454 4
253 6
120 13
337 4
310 11
312 1
158 13
564 9
224 15
183 20
146 14
208 11
62 9
19 15
244 11
231 15
582 17
224 5
160 2
353 13
394 7
596 6
4 11
86 15
492 7
22 5
583 4
276 11
425 3
536 13
313 5
446 18
515 9
450 22
288 12
186 20
344 8
374 12
75 17
549 8
167 13
236 5
112 20
412 20
2 16
165 22
331 1
487 12
50 7
105 11
423 22
133 16
321 6
528 8
178 10
467 3
261 16
274 18
580 1
405 17
497 22
45 17
308 9
399 4
378 3
212 11
509 15
557 6
498 17
316 5
174 7
529 5
61 11
530 7
58 21
529 14
409 12
293 7
529 20
237 8
440 21
304 18
495 19
410 12
44 2
57 1
601 12
106 8
160 16
377 17
526 2
397 8
441 12
436 9
518 14
196 22
332 4
580 8
268 20
423 5
580 4
206 22
108 13
65 14
75 10
571 18
485 14
349 1
369 21
401 6
308 11
484 22
72 2
291 18
4 5
393 21
308 1
475 22
407 5
213 7
269 12
123 1
143 8
147 16
239 9
108 14
472 3
366 14
467 16
442 5
38 14
356 6
549 3
307 16
24 9
499 10
405 12
451 4
271 6
117 7
514 22
286 10
469 21
488 11
323 16
126 18
252 8
529 19
500 21
482 22
27 3
100 17
36 9
179 18
136 9
198 21
233 21
460 3
388 2
512 3
164 22
249 8
470 11
422 2
297 7
308 9
36 21
332 18
57 20
439 17
265 10
244 22
134 15
401 13
512 1
207 5
220 14
257 13
593 16
531 5
548 18
243 16
319 4
519 20
65 19
247 12
464 17
61 15
154 19
142 6
481 2
150 18
39 14
388 19
383 14
526 15
5 20
99 15
105 12
316 21
451 6
190 13
566 1
449 22
81 15
399 7
353 22
551 9
87 22
60 15
390 19
310 1
72 5
293 4
153 12
375 4
64 19
131 21
549 13
135 11
593 11
545 14
476 9
2 9
182 3
469 6
512 13
375 3
151 14
393 5
466 9
423 16
249 5
201 12
31 5
121 6
310 10
212 11
72 1
282 12
136 16
110 11
569 8
295 7
254 6
413 21
253 18
413 15
346 1
76 7
17 22
73 10
70 19
55 19
263 21
437 5
465 13
591 11
586 16
420 9
520 22
574 22
41 1
61 13
442 20
271 3
577 2
50 9
343 21
402 22
310 18
182 14
244 11
461 6
327 18
543 20
441 10
35 7
444 14
474 20
596 20
320 2
556 11
485 8
377 20
366 17
353 13
508 1
225 22
551 11
370 16
138 19
312 7
209 3
261 4
251 18
273 14
428 19
419 11
252 12
414 15
458 7
100 7
62 6
340 21
34 20
141 13
497 2
443 17
536 2
177 9
225 6
366 10
595 2
328 20
572 5
253 5
468 12
539 8
282 3
599 13
260 22
340 16
257 8
356 15
230 18
325 5
49 16
559 21
214 5
282 11
333 12
569 6
471 21
415 10
404 20
450 4
176 8
185 16
410 6
524 14
442 1
561 10
409 2
468 17
50 17
522 11
564 17
516 16
132 3
421 4
473 2
521 3
422 4
105 4
16 11
150 2
481 21
350 14
275 2
445 9
137 13
30 1
235 13
420 3
488 9
296 11
285 10
402 4
237 20
505 3
275 10
574 11
288 6
547 6
537 22
63 5
420 20
526 16
492 7
231 11
420 6
22 1
56 20
311 8
525 5
351 5
183 14
443 21
294 10
342 4
595 10
82 20
208 19
375 22
297 10
160 8
279 9
494 14
60 18
464 5
16 2
199 14
78 20
322 10
578 2
320 19
407 7
351 10
64 1
325 4
551 17
184 14
272 20
376 14
254 15
186 1
507 2
419 11
175 13
473 8
561 13
402 2
145 5
419 11
130 22
187 10
3 22
559 18
508 13
482 3
368 13
530 22
458 21
14 7
251 15
490 17
377 9
209 17
562 17
407 22
537 12
495 6
72 18
244 12
602 6
520 11
290 8
367 15
399 11
229 5
354 9
303 4
594 17
35 13
446 21
310 21
24 11
419 15
71 19
63 5
284 8
1 2
424 8
214 2
223 9
354 20
212 1
304 4
285 18
203 18
252 20
170 5
327 16
300 17
539 22
228 1
536 16
577 16
181 20
476 1
109 2
288 14
434 17
300 19
57 6
428 11
136 7
148 3
573 12
144 13
568 9
395 22
602 12
170 1
148 10
330 10
134 9
412 11
587 3
237 11
146 22
595 7
329 6
299 18
445 3
16 11
415 13
174 21
262 11
65 3
395 19
287 16
522 5
424 3
515 9
535 10
475 3
18 18
458 18
74 22
59 4
56 20
11 20
109 18
132 20
118 15
319 11
225 14
169 4
440 19
207 9
248 5
115 12
164 1
80 16
583 20
260 11
407 8
252 22
104 5
205 4
139 10
315 21
52 12
87 14
220 19
258 22
359 17
509 22
106 20
457 10
342 3
261 9
117 9
516 17
164 1
214 11
8 8
321 8
515 22
267 3
190 2
190 21
581 15
234 20
251 5
334 3
591 11
365 10
398 18
53 12
523 9
29 11
241 16
157 2
601 1
567 21
22 14
213 10
476 11
420 10
577 9
124 2
417 6
103 22
152 1
289 9
550 5
387 7
508 2
514 19
87 13
325 15
382 17
267 19
7 13
21 13
426 8
333 20
564 1
400 17
544 8
42 8
575 19
129 19
472 12
348 18
80 2
94 3
268 13
37 13
187 2
112 15
13 2
143 19
349 10
62 2
157 3
451 21
212 2
224 8
278 21
409 20
275 14
172 17
400 4
458 9
479 19
262 9
293 13
446 11
595 20
279 16
529 15
284 11
485 1
149 15
433 19
364 13
53 17
9 19
325 21
191 2
308 2
574 11
509 15
28 20
72 10
214 1
158 13
181 4
237 3
337 6
459 15
434 5
235 18
258 4
2 4
185 15
435 12
186 14
544 6
278 17
365 5
257 18
359 2
241 3
475 19
255 22
101 17
472 22
496 8
219 8
374 6
270 7
135 13
282 1
97 1
107 14
29 8
437 7
235 1
62 15
369 22
541 10
122 14
222 2
564 5
228 11
332 11
452 20
67 7
453 10
363 3
579 7
595 15
147 3
434 17
74 4
580 5
267 20
426 11
418 15
48 22
184 10
221 5
368 21
450 1
504 9
367 15
342 16
232 7
297 13
276 20
306 18
225 18
377 12
503 15
161 18
97 3
208 5
422 7
163 20
43 15
204 20
85 4
308 7
262 16
388 10
90 13
85 14
549 11
265 1
368 12
13 2
127 12
11 2
572 4
557 1
6 12
93 3
69 10
192 11
137 10
241 22
451 16
480 18
155 4
567 6
264 13
90 9
59 4
107 6
301 14
229 2
296 12
139 6
256 15
591 2
236 17
394 4
164 10
342 18
560 19
360 2
439 20
452 15
94 8
278 20
222 11
390 8
578 3
133 7
584 16
219 3
406 15
444 17
51 9
256 12
165 20
180 1
317 22
88 2
141 13
526 20
336 6
401 2
592 22
531 21
583 11
161 13
189 1
417 17
509 4
358 11
460 17
594 15
327 13
148 1
390 11
106 2
245 3
373 4
182 17
424 12
578 12
225 14
234 8
194 5
127 10
118 7
43 7
10 13
293 7
524 19
532 20
526 4
540 1
552 13
93 18
344 7
484 18
174 8
276 11
100 15
513 10
572 18
201 6
292 7
29 13
236 18
145 3
323 15
419 12
525 16
350 7
473 14
11 22
512 9
144 21
92 18
40 20
63 22
299 5
337 5
144 12
386 20
158 22
116 6
265 22
417 2
321 7
309 13
431 8
396 20
528 21
118 10
254 10
234 11
52 10
327 14
494 14
103 11
256 20
383 15
61 21
518 14
284 21
254 1
325 7
479 1
198 4
288 12
102 4
76 17
388 4
386 22
294 12
445 3
61 11
30 7
231 20
63 8
245 6
204 20
80 12
69 15
378 12
378 21
119 12
548 8
468 5
562 14
490 14
335 8
59 7
449 1
431 16
301 10
534 12
444 21
186 19
95 9
402 11
110 12
384 18
168 16
384 9
366 6
87 4
74 2
243 7
309 4
340 12
446 15
194 10
327 15
351 10
436 21
129 22
289 19
178 3
450 4
147 14
198 7
509 14
337 1
323 18
138 9
57 9
487 21
206 3
83 15
496 9
139 9
134 3
182 14
213 16
46 15
88 12
515 21
588 6
356 22
340 22
342 4
103 15
169 22
249 13
407 4
582 17
29 4
515 11
525 19
216 5
415 14
252 16
44 8
499 19
585 21
299 6
342 20
162 16
551 19
114 2
32 1
178 13
290 6
164 9
400 11
514 16
207 14
187 14
557 10
448 19
92 7
16 21
138 1
348 8
594 8
467 11
425 11
513 1
134 14
451 16
121 20
231 4
238 6
205 13
420 7
42 15
500 14
240 17
252 12
252 18
74 4
491 7
83 12
359 19
223 4
88 22
387 9
211 16
489 8
404 11
191 9
272 17
538 22
129 5
412 20
188 7
422 3
252 2
411 3
263 9
223 20
427 8
561 11
290 19
308 14
228 1
193 3
145 13
357 10
137 18
87 8
150 12
335 8
90 12
574 21
60 17
368 10
270 5
43 4
12 13
208 9
522 8
266 4
265 9
567 15
353 16
394 7
568 9
548 12
463 2
204 22
195 9
233 15
441 9
435 20
181 16
587 2
135 5
521 20
1 10
408 7
391 4
502 16
35 19
164 8
173 3
22 21
205 15
267 22
216 22
6 4
162 21
566 12
233 21
61 12
513 5
58 6
377 13
255 19
526 3
251 19
590 12
151 14
301 22
9 2
125 1
528 19
273 17
339 8
567 4
180 21
302 7
205 19
80 1
384 10
312 9
235 17
175 21
24 5
572 13
500 19
339 13
445 4
453 10
380 1
301 2
498 8
265 6
484 19
49 2
159 2
591 20
451 16
402 17
358 11
52 11
254 4
146 5
420 3
243 9
545 12
450 8
392 6
328 20
560 8
519 15
133 9
277 6
446 6
78 17
78 15
173 18
85 5
476 11
233 20
22 9
347 17
203 18
468 2
596 12
590 10
6 4
189 19
587 10
83 10
335 13
376 5
169 12
478 1
400 3
388 9
560 17
161 10
187 13
165 16
295 3
473 21
272 21
385 22
330 13
429 2
168 14
4 16
285 11
468 1
290 11
180 12
509 17
144 9
258 18
350 3
241 21
212 4
212 10
500 3
237 11
68 6
266 16
419 17
508 2
193 1
171 22
78 1
256 21
135 4
27 20
166 18
300 4
566 15
314 18
174 14
104 22
553 18
458 21
560 7
102 2
509 22
158 10
144 18
74 5
538 1
158 13
221 7
524 17
320 12
185 15
347 3
318 12
378 2
450 4
225 17
249 5
462 1
60 2
188 19
418 5
219 4
144 14
4 9
449 13
85 13
517 7
390 8
22 22
198 10
171 20
84 17
410 10
558 16
526 15
545 15
34 1
266 5
192 8
395 5
366 6
162 21
90 10
78 8
160 4
509 2
314 1
121 15
490 6
581 2
574 6
387 10
55 5
56 14
485 7
305 9
574 12
159 8
81 6
269 21
378 3
511 14
481 8
439 16
357 11
574 17
343 6
178 21
546 2
394 14
194 11
253 13
236 8
550 15
347 21
169 14
549 16
313 16
64 17
89 4
361 5
215 1
49 9
407 8
575 17
584 22
265 2
134 13
570 1
316 21
299 20
49 19
482 18
397 3
100 13
184 13
228 15
10 16
110 3
551 12
313 4
1 7
372 1
159 18
18 5
147 7
198 3
524 9
167 5
442 3
214 18
340 14
408 5
508 15
183 3
326 19
114 18
397 15
447 13
197 4
483 22
394 1
368 6
60 14
424 3
549 13
98 19
438 14
134 17
61 1
293 11
572 2
358 9
215 19
1 1
247 17
217 14
601 8
517 11
489 6
235 14
558 2
296 21
315 11
441 22
418 15
139 20
320 19
2 18
474 18
321 1
94 11
557 9
592 8
276 11
162 22
90 21
68 10
86 22
402 19
506 10
477 15
471 6
459 12
31 18
496 16
515 19
596 15
75 15
19 15
63 10
81 2
86 16
170 12
334 1
408 3
136 10
311 4
507 19
500 11
276 22
348 12
566 6
78 16
568 13
594 13
90 20
479 4
593 4
30 7
414 10
25 3
545 17
123 17
284 6
449 11
111 17
438 4
352 11
483 16
225 16
67 17
382 21
410 11
265 9
373 15
215 8
135 5
598 14
360 11
191 8
21 16
376 11
405 1
385 12
181 7
13 17
431 20
176 13
267 2
263 8
233 7
273 20
242 22
238 12
519 2
491 19
171 11
505 21
336 1
4 7
276 1
39 17
112 20
376 10
320 13
437 15
483 15
298 16
109 15
514 18
479 12
389 5
221 3
532 11
175 16
443 15
110 7
262 4
12 2
62 4
131 12
393 8
117 7
514 4
205 13
344 6
172 12
38 10
292 17
279 5
159 1
207 18
357 1
387 19
280 21
480 20
133 15
197 6
465 4
486 18
474 14
531 11
334 14
533 2
60 13
273 11
482 7
534 15
371 4
494 19
502 20
503 14
566 4
142 12
174 4
440 2
213 11
493 14
286 12
581 21
560 15
410 5
355 17
421 10
352 1
63 5
323 21
284 14
114 13
570 6
499 20
183 13
320 5
371 18
143 5
180 15
215 7
376 9
178 12
245 3
65 7
148 22
156 1
331 2
240 16
217 19
326 10
455 13
448 2
68 17
82 6
576 14
199 22
496 12
425 15
23 9
22 15
354 15
113 18
560 12
431 6
444 11
277 3
320 4
524 20
209 14
365 1
227 6
81 10
201 13
459 7
328 14
532 15
91 5
588 10
489 17
596 21
300 21
401 13
132 16
163 7
570 15
19 2
483 6
360 3
466 17
524 8
115 11
114 18
228 16
296 5
589 9
528 22
450 21
95 19
345 5
131 5
115 16
165 4
117 2
350 18
193 12
427 1
250 22
259 6
119 5
396 6
324 1
324 6
579 9
151 5
495 7
401 5
342 20
166 17
457 14
15 15
402 9
230 22
309 15
139 7
379 22
449 1
76 17
45 3
97 16
63 4
563 10
528 17
586 21
20 12
584 3
193 3
547 16
197 4
253 17
407 16
571 17
463 20
476 7
221 7
232 6
360 12
382 8
515 22
45 14
359 19
275 16
335 19
471 7
437 9
274 10
211 12
443 5
190 10
94 15
231 20
581 11
387 1
341 18
12 4
77 6
356 19
152 11
580 22
520 13
70 6
325 15
343 19
101 17
395 6
278 20
537 1
398 2
516 3
335 3
186 8
19 16
451 4
69 21
402 4
295 1
103 18
561 6
565 16
384 17
6 10
132 19
503 17
563 11
71 10
185 20
421 1
76 12
534 12
495 18
420 12
589 7
449 2
560 19
188 18
569 19
159 20
292 22
257 8
90 2
372 22
473 19
459 8
187 16
49 20
199 13
18 5
73 9
32 9
259 17
156 22
169 14
216 1
423 1
324 22
423 15
426 22
316 4
291 6
286 2
323 1
3 20
528 1
337 1
29 9
587 15
181 5
524 15
420 3
252 21
61 11
336 20
115 15
228 19
431 10
368 20
214 4
187 18
236 12
454 21
533 8
165 11
114 22
18 9
160 19
449 18
117 12
88 5
212 22
447 8
457 2
24 13
338 12
506 4
395 12
424 18
395 19
322 11
127 21
42 18
147 6
541 13
45 13
462 13
470 4
94 20
137 11
515 12
385 8
343 6
422 1
126 19
50 11
193 20
294 10
518 15
125 22
166 17
309 22
345 21
499 8
267 17
89 12
77 20
601 13
211 4
429 19
296 12
523 13
45 8
175 11
205 18
45 8
509 18
260 8
517 14
211 13
227 18
599 21
424 18
170 15
29 17
286 1
207 11
295 12
23 1
500 5
244 3
93 5
2 7
333 12
436 22
461 16
514 15
488 15
414 20
364 19
258 12
326 18
534 19
221 17
160 15
81 20
450 6
183 4
367 3
533 16
136 20
48 16
416 10
302 19
307 22
247 21
78 2
595 15
332 10
576 10
170 8
443 15
199 17
436 16
599 15
309 16
407 2
2 15
593 15
495 9
243 1
98 3
357 8
191 11
428 14
353 21
245 10
463 7
599 1
60 15
516 21
70 21
450 16
63 1
407 8
150 17
145 9
312 18
171 7
64 17
568 20
244 16
582 14
580 8
476 13
510 15
498 18
73 9
110 12
113 3
133 22
443 2
107 6
39 4
388 11
354 17
400 14
281 7
282 14
409 8
207 18
186 15
411 7
541 18
508 17
543 4
62 4
485 15
140 9
568 16
306 19
450 3
315 18
444 21
290 21
252 5
365 9
76 20
523 10
266 9
276 11
115 14
278 16
88 7
140 3
537 7
447 13
293 16
507 16
405 3
180 2
60 17
209 18
509 12
233 5
424 16
30 2
515 9
112 3
347 16
438 14
374 1
359 20
413 6
388 17
457 21
88 4
169 3
30 1
508 15
421 18
348 13
244 4
507 13
376 2
131 1
96 16
214 8
451 8
155 15
141 1
363 7
480 17
130 5
216 12
535 3
528 5
164 5
303 11
119 14
527 13
165 8
554 11
249 15
35 18
408 20
274 19
117 13
560 8
292 1
378 11
7 11
54 6
512 14
232 20
416 2
58 21
77 8
567 12
165 22
466 12
433 15
316 20
589 11
205 2
37 3
323 13
377 19
319 4
70 12
568 14
210 18
25 8
96 18
68 9
307 17
20 7
197 13
189 4
540 6
230 17
208 20
159 5
160 5
65 3
302 7
330 15
333 9
478 16
415 21
514 18
61 11
142 10
564 15
190 19
517 16
435 13
571 14
565 15
138 15
433 20
372 11
304 3
417 11
243 10
248 8
13 9
525 15
400 12
331 16
600 4
376 22
126 6
84 3
556 2
81 8
264 6
461 20
189 15
238 11
216 12
13 14
147 1
444 11
249 8
352 10
530 4
314 1
314 7
297 13
515 16
173 8
89 6
413 7
535 1
16 9
358 2
181 1
38 1
91 21
587 6
503 14
203 3
171 1
159 8
578 14
513 1
311 1
399 19
87 4
487 14
520 6
584 19
566 1
453 21
75 11
316 6
566 12
259 11
331 17
378 5
169 12
171 12
271 1
472 7
74 3
257 10
367 19
75 5
492 10
227 17
344 11
29 11
87 15
560 9
455 13
554 1
258 10
223 21
242 2
389 21
552 6
445 12
187 20
559 17
582 14
594 18
166 12
155 13
263 20
591 16
600 12
186 19
134 14
88 5
398 15
575 14
568 7
299 21
469 5
144 10
580 6
525 3
187 9
188 7
193 7
504 20
481 14
547 4
196 5
551 2
35 13
163 7
446 10
409 17
316 22
538 3
504 20
560 5
171 3
70 3
189 3
107 21
3 4
90 19
105 2
370 10
234 11
523 20
447 19
318 21
446 6
149 7
73 14
463 20
205 20
119 12
384 11
416 7
294 16
168 8
77 3
131 1
597 20
170 11
442 21
40 12
346 15
114 7
328 2
364 20
172 12
31 7
466 4
12 8
392 5
40 20
194 12
19 17
433 18
307 18
303 20
593 2
91 4
227 10
340 20
260 11
65 9
545 12
366 3
307 22
386 20
475 15
261 3
79 5
495 11
392 10
578 22
495 21
464 10
502 20
130 2
449 18
551 15
468 11
93 1
185 6
156 18
188 2
471 21
314 2
169 7
254 19
548 4
424 7
85 7
200 4
577 9
160 1
415 9
116 5
178 15
488 9
290 14
133 1
239 9
354 3
299 21
342 22
446 19
77 12
421 1
193 9
292 5
202 8
338 19
1 18
436 18
391 14
218 8
170 1
84 22
9 5
469 16
294 16
437 13
587 20
163 12
15 21
100 22
320 17
339 22
535 19
219 4
400 10
259 21
584 14
179 14
150 15
152 5
184 21
182 14
337 5
600 1
108 11
556 17
358 19
521 11
33 13
259 10
106 20
258 22
39 7
153 5
146 20
61 9
290 11
68 21
428 19
9 19
143 15
169 4
305 1
441 12
163 7
303 13
335 17
164 11
44 14
260 10
385 7
328 19
509 5
3 17
487 5
424 18
64 4
315 6
130 20
435 5
326 8
575 7
513 5
417 7
83 12
585 20
366 18
44 14
503 17
595 6
256 21
37 15
117 6
576 5
197 3
477 9
412 19
59 18
285 15
340 11
475 19
198 8
252 8
80 20
66 22
106 21
455 1
108 15
96 16
423 18
595 18
131 3
449 4
295 16
65 3
534 11
560 10
505 2
358 3
351 4
361 8
189 2
392 13
431 21
404 4
268 9
499 6
317 7
148 2
59 13
401 1
88 9
227 4
423 3
186 18
115 5
269 21
404 1
588 20
30 5
380 5
215 4
36 8
114 22
341 16
77 5
466 17
177 5
574 3
385 9
48 4
244 18
264 4
419 19
273 1
434 7
531 7
392 19
113 3
111 9
493 11
246 11
372 18
264 16
470 10
442 16
228 10
226 13
541 14
388 2
470 11
14 20
229 20
327 14
395 19
143 19
61 18
393 5
518 9
177 10
46 21
244 1
542 16
506 15
295 2
68 21
573 11
145 14
357 13
452 7
420 12
441 14
64 9
98 14
194 10
442 8
460 20
255 20
325 11
312 15
556 4
573 9
296 16
288 7
25 15
70 8
455 19
51 9
323 12
451 5
498 10
323 6
566 18
184 19
431 2
274 20
263 22
432 18
189 15
589 21
281 6
121 5
569 13
270 22
78 20
468 19
307 4
589 4
7 9
323 6
148 15
538 19
531 11
142 22
110 6
565 20
224 16
319 6
102 12
139 12
199 12
56 4
132 19
511 1
196 6
108 10
540 8
45 9
225 13
323 2
279 6
413 22
452 21
89 1
28 11
510 10
552 4
71 20
251 8
30 20
367 6
354 9
47 13
483 19
437 3
41 12
211 22
203 5
286 15
43 12
329 15
435 8
207 22
191 19
518 21
469 11
243 16
309 2
472 18
515 18
5 13
47 9
290 11
554 2
356 22
329 20
60 19
533 11
188 9
458 11
406 5
415 13
60 4
505 2
9 20
504 14
121 9
161 9
553 22
235 16
110 6
142 2
517 19
189 17
226 8
334 22
167 19
125 21
413 18
27 18
98 15
139 3
521 17
501 3
571 4
405 20
193 11
521 20
446 14
460 5
447 12
264 5
193 1
454 11
169 18
155 12
369 6
153 12
239 4
577 10
336 1
572 7
466 20
159 10
227 21
203 19
70 2
333 1
589 6
129 12
493 16
88 18
172 2
453 6
411 22
276 1
386 10
314 9
550 14
363 15
366 6
492 18
88 19
218 3
212 4
288 22
340 3
227 11
296 9
39 4
94 9
520 1
462 17
24 6
68 18
595 18
281 4
301 2
499 20
584 2
80 17
172 16
172 11
352 3
198 12
49 7
330 9
349 4
102 13
326 13
482 3
165 14
107 14
533 8
424 14
14 8
20 21
581 8
14 4
455 2
409 14
514 15
109 10
108 3
439 14
124 1
25 10
212 1
46 11
253 22
163 2
236 20
136 5
180 15
94 2
1 8
549 12
546 11
204 8
587 1
81 2
339 21
286 6
409 17
51 11
126 17
586 11
29 5
406 22
393 5
491 8
18 18
55 12
139 2
158 3
480 14
325 20
541 15
566 22
276 12
34 14
114 14
451 18
494 7
516 12
540 6
538 2
429 8
224 11
352 2
431 3
217 14
301 20
466 8
88 10
234 14
106 12
29 6
113 8
25 21
111 19
71 9
518 19
56 9
63 2
277 22
506 6
3 12
169 9
577 1
573 5
256 16
208 21
321 1
342 5
488 21
459 7
211 16
127 18
501 18
329 18
561 4
463 7
347 18
322 16
201 21
436 19
90 2
104 10
521 13
455 10
104 19
467 4
338 7
325 1
229 1
466 3
121 20
374 14
592 7
565 14
51 7
466 8
506 16
124 16
551 1
497 10
483 18
470 4
526 20
346 3
258 10
560 18
230 9
314 16
524 4
381 5
272 21
446 19
347 21
180 10
10 16
97 5
451 1
411 1
114 14
417 5
546 17
513 9
132 10
100 20
514 6
113 9
356 8
369 22
255 12
483 17
57 13
315 17
38 1
318 6
393 11
485 22
50 20
278 6
508 10
35 16
33 12
149 1
307 21
418 7
76 17
516 3
507 1
553 6
514 9
499 1
176 12
412 2
275 4
308 19
419 11
560 8
339 13
589 14
293 21
398 11
322 3
456 12
86 12
7 21
195 17
579 21
264 2
201 7
590 3
352 3
601 13
207 8
389 22
493 5
251 8
125 20
408 7
569 5
226 5
133 5
126 13
353 15
517 22
293 18
52 1
568 17
556 20
567 19
164 1
479 2
268 13
286 1
124 19
312 15
482 17
229 8
567 18
436 2
139 5
57 4
120 17
275 2
210 8
192 15
107 3
385 14
186 13
78 16
443 8
404 13
14 19
6 16
195 22
2 1
340 21
58 18
372 2
559 13
214 15
347 19
179 16
155 14
249 3
251 13
427 8
346 13
3 3
50 12
285 13
281 10
182 10
78 8
221 8
577 6
373 10
29 7
428 10
74 14
512 5
425 4
92 18
444 12
296 4
47 18
398 18
475 13
197 15
199 3
516 17
205 18
49 13
238 19
366 8
199 18
566 5
400 17
579 19
360 12
425 7
532 9
215 14
507 2
301 20
343 5
130 19
265 5
358 7
400 1
231 8
425 2
599 15
51 9
390 17
493 2
445 16
561 2
591 1
565 5
114 20
365 5
209 7
341 13
166 1
137 16
600 19
448 15
67 22
79 6
110 6
42 16
570 8
408 8
497 20
139 21
24 12
467 4
281 13
486 16
68 9
165 20
198 5
601 14
302 19
249 11
98 9
204 13
343 22
495 1
522 12
29 3
36 9
301 11
180 6
415 1
448 18
466 13
456 7
401 12
42 21
508 14
248 4
204 5
150 17
193 5
273 11
264 3
57 1
311 21
212 7
508 22
483 10
142 1
428 16
67 17
24 18
204 12
466 4
73 4
285 7
296 16
45 15
68 21
1 21
33 3
288 7
281 2
210 6
568 3
446 12
583 6
297 20
481 5
416 9
47 11
456 2
252 5
61 9
214 19
588 5
360 15
161 22
357 16
138 19
561 20
169 19
128 2
209 9
236 17
296 13
135 5
240 9
537 4
245 10
54 14
584 11
286 2
584 14
138 4
241 18
281 17
417 10
22 20
67 3
24 5
526 20
413 4
16 4
224 9
494 18
601 1
541 10
267 18
206 1
99 4
588 22
81 1
525 5
110 22
139 5
357 16
513 16
129 8
575 2
342 16
274 21
329 19
543 2
581 10
8 6
128 7
266 2
394 3
334 2
14 22
312 11
209 22
596 9
5 4
452 14
410 17
373 9
181 15
547 15
544 20
106 10
441 6
267 20
372 2
494 13
551 12
19 2
191 15
358 4
340 7
349 18
218 12
177 21
93 15
390 16
461 13
314 20
94 8
237 3
458 19
458 19
564 13
163 15
510 22
250 9
544 21
518 6
145 19
457 2
23 1
111 17
160 10
172 18
381 1
410 2
295 15
596 14
162 3
547 9
486 10
22 10
165 16
61 19
493 3
218 19
202 21
65 8
551 1
84 12
596 22
500 2
476 3
381 7
509 3
513 20
55 7
453 12
285 5
347 5
27 2
345 1
405 22
190 16
473 18
291 8
39 10
304 12
600 5
222 2
209 17
5 4
4 2
119 20
492 18
208 19
192 14
319 15
300 7
477 18
559 19
257 17
312 3
174 7
341 17
290 7
370 17
237 1
138 18
354 20
418 21
261 6
398 16
359 7
533 11
225 8
276 1
377 9
422 12
356 3
285 11
409 22
219 8
359 8
164 5
69 9
449 16
45 17
66 21
393 4
491 2
58 16
450 16
546 15
283 4
137 5
75 18
332 20
358 7
447 3
184 10
22 6
304 16
169 8
15 17
134 21
77 3
212 5
306 5
334 16
364 15
153 14
370 22
566 5
249 2
98 20
110 4
281 13
248 9
70 2
409 10
551 20
169 4
304 15
428 14
287 9
9 21
174 15
112 1
35 10
261 8
234 17
370 5
292 18
468 10
113 1
59 18
138 10
191 4
402 8
457 7
419 3
596 3
363 11
204 20
95 21
356 14
342 19
575 10
539 21
279 15
131 4
363 7
7 1
490 18
495 18
236 4
215 8
52 22
201 21
191 14
9 12
335 21
184 8
123 11
154 10
49 12
446 21
551 2
270 9
492 13
64 4
216 10
139 14
33 3
515 18
554 12
40 20
556 22
254 1
7 4
382 5
296 3
197 13
265 8
25 14
210 18
242 1
327 5
247 18
400 8
147 20
403 9
295 11
385 12
582 7
101 1
522 9
236 7
323 11
306 16
26 7
32 13
168 7
30 6
221 14
160 2
268 8
342 11
433 7
129 7
107 15
20 12
14 19
112 7
76 11
166 4
600 17
79 16
296 13
80 13
150 2
87 5
518 8
515 9
99 15
173 5
404 19
595 22
382 9
290 21
38 16
583 20
290 17
556 14
509 11
186 20
394 1
169 2
590 20
512 2
346 21
209 19
241 16
78 14
559 13
275 5
67 9
535 7
543 9
74 21
359 12
441 10
132 21
2 13
294 19
3 19
46 15
533 4
2 2
217 17
377 6
370 22
187 20
92 8
346 17
296 16
184 3
126 15
37 14
473 3
427 6
187 22
470 14
457 16
114 7
386 20
413 21
219 16
120 16
44 20
593 2
25 13
134 7
219 3
310 2
404 1
600 20
161 9
210 9
304 7
248 15
202 4
590 8
67 15
263 3
575 18
37 16
337 19
121 1
564 15
519 14
34 13
337 21
72 22
292 18
198 8
260 15
151 20
11 10
437 15
399 19
499 4
542 4
415 19
452 17
189 20
325 11
27 3
214 6
186 16
511 6
359 7
471 15
491 9
252 14
461 21
50 4
205 17
79 3
275 13
531 10
441 10
401 16
545 6
463 9
520 7
586 16
515 9
289 2
600 14
264 13
365 22
149 2
483 12
367 9
578 11
39 22
228 12
5 18
215 4
77 5
444 20
231 7
212 16
578 13
555 6
326 18
202 8
478 18
46 7
66 12
27 21
531 4
74 10
204 4
313 20
449 6
51 22
47 22
162 21
279 15
116 9
295 9
145 20
359 3
36 13
77 14
375 4
279 20
533 12
174 22
48 11
382 7
548 5
40 12
108 15
277 17
337 22
174 4
592 8
411 15
156 6
104 20
465 10
315 17
36 7
311 14
407 13
413 11
230 9
414 20
411 13
304 22
403 7
596 10
564 3
348 12
522 20
223 21
63 3
296 2
373 17
516 12
564 8
365 21
364 16
567 21
216 15
139 17
191 20
178 3
180 15
558 2
345 5
92 9
472 21
342 7
220 18
414 11
152 13
369 18
233 9
556 13
166 8
450 20
494 11
6 20
490 7
252 7
87 12
475 16
269 18
41 15
140 3
499 19
395 11
264 19
277 8
221 13
553 12
521 6
348 8
53 12
8 18
536 9
119 15
359 16
34 9
105 18
506 7
73 9
460 12
446 12
13 18
403 12
84 8
321 13
324 3
318 6
178 8
504 8
538 15
75 14
412 17
86 11
366 20
480 13
127 3
523 21
517 22
545 1
258 4
556 21
183 19
509 17
98 1
263 8
545 1
3 12
165 22
191 6
144 9
261 3
565 12
30 5
115 5
115 1
164 7
108 2
277 1
577 13
158 5
261 4
304 12
568 14
348 2
456 8
421 12
457 15
236 15
589 8
454 19
552 12
113 8
97 20
516 5
156 21
80 15
500 9
220 11
235 7
78 12
517 1
474 6
426 14
245 20
208 19
275 13
241 10
122 7
239 14
47 15
25 11
574 12
145 16
578 3
322 14
286 11
160 15
306 17
573 18
25 12
156 18
406 9
106 11
515 16
408 18
578 7
262 19
44 20
254 20
268 22
525 19
221 12
450 9
416 7
282 3
497 14
432 21
345 16
492 5
502 18
483 14
485 7
126 2
111 18
45 6
26 9
576 19
288 16
314 21
596 2
440 13
410 11
305 13
435 5
492 5
74 16
430 21
439 7
495 12
299 20
414 17
291 18
467 14
60 12
134 22
290 2
494 3
382 8
589 19
346 14
277 2
250 7
428 5
532 15
283 1
451 11
525 9
221 17
164 17
41 4
177 8
240 14
191 2
475 13
324 11
348 16
512 15
436 9
464 7
428 6
48 10
129 18
482 15
421 18
237 11
35 4
127 7
108 11
109 12
277 11
29 17
100 5
31 5
156 15
68 1
591 17
546 6
290 11
317 19
259 10
396 10
328 2
349 7
193 12
142 4
601 13
565 13
105 21
141 18
188 17
239 19
419 4
518 4
352 14
385 5
245 8
486 4
338 14
155 2
397 16
447 22
528 4
256 13
146 7
502 2
18 5
298 13
370 8
496 10
558 12
564 8
43 7
232 16
404 8
114 17
162 12
518 9
448 17
298 5
588 21
129 4
456 14
354 6
210 12
71 8
36 5
524 6
527 15
367 13
202 8
127 13
390 19
129 17
567 12
111 11
537 15
202 7
377 7
475 3
14 20
85 22
343 8
190 3
143 15
270 18
134 8
90 9
506 8
119 20
406 21
95 16
524 5
300 1
255 13
421 16
382 2
153 11
393 2
561 3
388 17
400 16
105 12
478 21
235 1
278 10
5 21
511 17
377 17
581 16
168 2
376 8
133 10
451 6
9 14
18 5
350 14
164 11
237 16
190 20
1 18
155 5
178 12
524 16
561 14
395 9
145 5
422 10
483 14
531 16
217 19
268 1
115 1
153 18
137 12
484 12
141 4
70 18
465 17
273 17
443 16
101 17
155 9
42 6
72 15
535 4
522 9
101 10
89 12
32 1
559 12
13 4
264 18
88 2
426 20
246 17
270 22
450 16
551 15
497 21
155 15
518 22
235 21
284 14
465 11
150 4
328 8
197 21
248 1
381 16
581 22
267 13
163 17
391 16
457 16
161 1
45 14
260 21
492 5
485 7
471 9
250 15
379 12
516 4
271 1
456 2
242 13
322 22
458 5
596 17
294 5
218 1
18 4
335 6
255 15
469 15
409 3
437 14
288 22
216 19
358 9
177 15
505 6
29 21
376 9
564 4
576 4
534 10
425 4
492 9
219 4
266 17
134 3
584 19
499 16
46 19
434 12
233 4
532 4
188 22
195 4
154 11
297 15
526 12
188 16
414 3
116 15
452 17
85 20
341 1
193 21
480 22
332 12
304 6
234 2
57 13
140 15
559 18
358 4
68 6
503 17
404 9
276 18
168 2
300 19
151 8
316 6
264 9
515 17
32 1
370 3
218 10
463 2
556 14
286 15
39 4
351 9
309 12
139 21
552 21
272 20
95 12
385 17
337 2
511 16
100 22
76 11
555 9
84 8
146 9
382 8
436 4
2 7
220 12
125 5
253 18
353 12
292 1
485 2
352 13
316 12
595 9
446 11
352 5
586 12
143 19
229 20
38 5
319 4
369 2
273 7
581 12
355 5
116 16
417 15
338 7
588 20
43 19
96 5
75 9
373 19
529 22
28 18
493 20
430 7
270 10
99 7
119 21
284 21
514 7
216 10
592 5
331 14
347 6
315 13
273 20
426 16
305 7
192 11
527 10
299 11
417 16
259 7
453 9
308 14
520 1
507 3
301 8
574 8
517 8
234 6
196 10
500 11
314 20
161 11
547 18
318 1
360 5
414 17
343 3
419 1
552 16
106 9
441 5
417 15
11 10
139 19
148 16
98 14
1 5
186 6
87 21
523 1
426 16
543 20
555 15
162 4
19 4
496 17
16 14
554 11
583 5
222 13
68 8
272 13
99 11
265 13
127 16
52 6
550 18
31 15
394 13
113 16
425 21
379 20
513 11
470 13
476 17
545 11
449 5
596 16
5 16
330 8
268 18
407 7
27 9
558 22
217 18
252 13
23 11
280 4
400 14
193 1
11 9
352 6
146 3
48 8
173 18
289 14
180 7
399 8
522 17
142 17
77 15
59 16
330 16
11 19
32 5
437 22
581 13
163 2
261 20
293 20
301 16
85 6
481 4
236 1
402 8
401 18
258 20
246 4
330 4
7 21
437 3
97 11
43 13
598 9
416 16
453 20
261 22
315 13
552 7
439 20
544 13
223 7
594 1
469 9
111 7
552 20
205 22
585 7
494 10
57 10
571 6
35 1
466 1
259 13
266 20
549 4
51 3
138 4
211 5
277 10
429 22
335 21
493 6
206 3
275 19
169 16
48 11
54 21
210 10
220 16
271 1
251 17
518 13
80 17
436 4
153 6
508 21
68 9
426 19
596 4
398 6
586 15
340 4
256 10
455 3
527 22
371 14
135 3
181 4
597 14
241 17
314 7
452 16
78 20
234 3
145 13
236 1
453 20
78 18
311 13
295 17
33 5
520 22
171 6
259 6
151 15
240 5
579 20
151 9
380 4
29 16
89 20
376 6
197 20
440 11
583 1
80 14
181 17
22 20
178 7
134 8
55 5
1 20
458 2
196 14
102 19
221 17
41 12
324 7
264 9
338 6
101 17
66 5
321 18
177 7
217 2
292 10
113 16
57 14
409 20
2 7
103 19
168 17
205 4
529 10
512 19
370 8
46 21
49 14
9 13
271 4
351 3
175 8
494 8
399 9
12 2
279 21
566 18
362 16
544 6
168 22
273 22
25 10
115 8
235 18
553 22
93 16
296 4
581 2
509 9
60 18
526 9
486 6
142 11
130 6
344 16
238 11
275 22
26 15
275 17
159 7
147 18
135 14
533 7
583 6
343 16
243 8
289 1
238 6
506 8
427 16
345 2
190 4
201 21
161 11
328 10
152 3
431 13
148 21
116 11
371 4
201 7
162 13
584 10
319 13
213 5
244 5
583 6
316 22
162 21
301 14
35 8
158 8
390 13
237 9
71 18
497 14
329 1
509 9
250 17
433 8
504 9
598 1
472 15
221 20
542 20
343 6
531 17
41 2
95 18
327 21
598 9
433 17
233 8
178 13
106 12
398 18
279 1
319 10
390 16
40 8
382 18
589 9
111 9
188 22
97 18
351 2
256 15
558 2
296 14
497 13
537 20
158 4
518 4
252 1
286 9
14 18
597 17
570 14
237 2
497 6
595 11
388 4
254 7
143 14
221 10
204 7
268 17
385 3
243 5
478 4
437 14
432 4
579 9
387 13
542 4
150 2
185 10
388 5
460 11
98 17
396 21
43 20
266 6
279 15
18 20
64 19
206 19
546 11
559 6
461 1
586 18
364 12
508 1
157 8
245 2
47 20
454 16
186 21
544 21
138 8
553 14
354 13
572 18
546 5
308 8
484 14
18 14
33 11
249 22
379 2
336 12
369 10
593 4
393 7
77 4
403 12
280 9
95 18
233 10
207 19
374 9
161 10
502 14
510 4
454 15
43 22
184 19
532 14
171 18
165 20
231 11
218 8
379 5
147 1
446 11
25 8
438 17
381 22
84 15
478 2
318 21
171 20
443 19
309 18
38 19
111 16
181 3
305 1
389 7
285 15
570 3
121 4
247 6
84 21
37 1
175 18
66 11
208 10
272 7
396 7
568 6
385 22
479 11
472 1
359 19
14 22
530 17
208 6
332 6
479 6
105 15
547 22
18 2
373 14
377 6
602 19
294 15
288 1
29 22
524 17
567 16
479 9
163 16
244 15
392 5
479 1
327 8
496 9
62 3
172 12
259 8
22 14
434 9
403 9
69 22
16 9
577 16
548 5
288 21
268 10
541 1
305 11
206 16
308 17
161 15
215 17
16 22
327 9
101 5
82 11
366 12
339 11
42 13
498 20
157 2
455 21
162 9
166 2
375 22
518 1
369 1
330 5
430 9
536 17
409 16
454 15
586 22
227 6
585 16
514 22
412 10
538 12
397 20
451 22
361 7
545 5
202 19
596 13
562 13
289 22
198 12
507 3
541 15
284 15
239 14
484 20
381 11
249 12
573 22
402 5
184 13
393 21
392 6
579 7
592 20
448 17
524 4
562 7
327 6
379 3
579 10
52 8
177 22
179 21
200 3
253 1
359 7
411 13
545 9
494 8
169 18
476 3
151 7
52 20
547 14
365 16
467 6
401 16
115 7
524 2
280 2
546 7
464 14
536 17
194 18
423 13
159 7
177 3
405 7
210 16
346 9
421 16
520 4
416 11
29 20
254 2
16 8
211 8
382 15
260 11
338 21
167 2
347 20
181 7
233 21
341 11
192 18
348 17
477 3
129 20
101 19
468 20
281 10
553 17
553 12
388 19
53 8
549 6
329 10
319 3
59 13
555 22
13 11
549 20
433 19
56 14
299 19
75 14
198 5
146 22
332 10
170 14
150 6
275 14
391 19
208 4
147 1
342 9
408 13
182 20
217 12
315 20
261 13
522 5
218 18
165 18
325 16
539 8
241 17
60 16
392 21
365 19
440 15
573 7
289 1
454 2
95 4
520 8
383 6
226 2
170 21
395 4
128 9
553 13
330 1
501 15
42 16
522 4
15 22
575 8
207 19
414 1
234 3
244 7
8 7
483 9
428 4
576 6
581 19
545 22
529 9
383 19
587 3
445 13
95 22
545 12
457 7
316 5
533 4
85 17
493 16
86 9
343 7
281 21
53 4
41 13
370 7
338 1
168 5
248 19
393 15
168 13
529 21
321 1
469 13
164 19
389 14
188 4
504 20
448 8
270 3
384 11
395 17
356 9
373 5
46 1
112 5
255 1
544 20
552 11
161 20
599 15
240 15
260 15
101 21
256 16
112 2
297 11
42 6
148 7
489 15
551 4
317 2
44 20
574 8
470 2
559 21
473 13
241 10
70 22
591 5
265 3
54 15
460 15
400 1
89 1
378 5
211 9
593 12
551 17
371 9
5 1
134 22
21 6
373 3
523 5
148 10
361 2
375 2
404 22
217 16
267 11
306 20
56 15
451 15
595 19
186 15
440 20
285 19
294 9
590 6
56 13
197 18
122 5
90 20
496 18
601 6
81 4
143 6
287 16
213 4
97 22
410 20
112 17
400 6
361 2
148 16
101 7
513 14
131 10
402 9
502 11
297 3
95 17
198 11
104 3
591 12
36 1
110 6
114 11
559 7
9 5
117 5
301 20
320 18
17 7
340 8
132 22
123 11
380 7
78 16
318 1
335 4
74 13
483 6
549 11
467 13
397 1
463 5
30 19
366 18
281 11
84 20
138 20
583 11
219 9
142 9
86 2
456 3
523 13
41 11
128 2
324 11
32 1
40 15
38 9
326 4
153 16
42 5
370 9
67 4
593 12
537 10
173 12
328 5
122 14
519 1
10 5
85 8
350 14
413 4
91 12
103 8
390 8
42 12
409 2
61 8
226 4
553 17
557 19
172 14
132 18
512 22
545 2
190 16
161 2
342 19
148 6
171 8
494 16
148 2
336 4
586 22
565 22
429 21
485 11
207 13
567 3
107 11
576 15
267 4
505 11
575 7
434 3
278 14
250 3
53 9
111 4
141 6
369 15
145 1
201 3
332 3
253 12
111 2
334 1
303 2
5 16
112 19
398 4
164 17
453 14
348 16
13 15
524 21
162 15
100 19
496 13
500 12
293 4
98 14
128 15
454 1
578 12
307 6
412 17
463 9
543 1
398 8
43 4
382 1
63 1
460 20
100 12
238 1
168 6
108 18
292 21
125 9
439 15
274 1
491 15
147 18
55 6
128 2
354 2
111 2
492 12
590 6
567 16
442 13
99 7
292 17
156 9
73 2
418 1
550 12
158 7
119 11
392 9
1 4
553 20
535 20
366 2
288 2
551 14
271 12
463 5
495 11
57 5
327 15
286 9
200 11
475 8
222 14
406 1
191 8
472 19
602 2
567 12
578 17
39 13
376 13
474 10
113 1
128 18
230 14
287 14
491 3
57 13
491 15
539 15
86 21
444 21
176 10
284 19
297 19
300 21
170 8
390 10
358 14
308 3
543 4
235 8
388 17
112 4
103 5
108 3
569 21
473 7
223 12
229 15
35 7
472 6
548 10
111 19
569 14
556 18
6 6
141 16
370 18
244 14
23 15
421 16
559 7
382 22
493 13
140 22
229 20
178 17
426 3
173 12
432 3
280 11
209 16
199 17
567 1
145 8
290 14
498 6
215 12
156 15
87 6
416 17
279 18
191 19
297 18
396 1
442 1
525 8
593 4
380 8
285 11
518 5
480 19
597 9
122 4
521 15
149 20
327 8
30 17
506 15
434 15
316 6
432 1
333 8
333 22
8 22
60 18
400 20
147 22
565 16
595 13
539 13
534 15
244 2
246 16
479 11
1 9
495 8
588 15
30 13
113 16
446 19
88 20
512 22
534 1
594 8
580 13
491 21
483 6
106 17
140 3
266 7
186 20
305 10
119 3
158 10
99 8
572 6
203 11
565 12
260 18
137 19
515 6
185 22
537 11
445 3
31 11
382 18
196 19
269 7
571 6
223 12
460 15
442 21
402 20
162 5
87 19
196 20
77 3
602 22
277 14
9 14
156 19
167 20
93 9
573 9
517 9
402 13
384 1
278 21
29 5
340 14
66 16
357 20
18 17
382 5
265 11
408 12
552 22
201 11
66 17
303 19
250 20
549 2
405 4
218 4
338 5
55 15
275 10
101 13
135 14
388 10
364 2
228 8
515 19
201 1
13 7
41 4
105 3
457 3
226 13
443 7
98 5
312 14
339 13
583 22
47 14
175 10
7 12
588 18
80 10
508 10
152 12
85 10
131 7
389 22
490 3
33 2
290 11
311 16
479 12
585 16
222 3
276 16
14 10
308 11
246 8
196 2
129 8
190 14
152 1
408 15
73 16
403 11
365 21
283 17
91 5
550 21
599 4
593 9
429 4
290 18
278 17
235 15
489 19
396 11
74 5
501 12
289 16
468 6
270 7
441 16
590 16
560 9
162 2
294 22
270 4
531 20
301 13
60 2
182 2
94 2
173 7
370 18
495 1
59 14
329 5
253 7
581 8
484 3
125 15
72 1
380 13
486 18
286 12
354 21
202 19
220 3
172 21
403 8
379 12
71 20
410 20
462 3
469 18
28 21
58 11
591 4
108 16
308 9
43 8
220 5
578 2
242 14
101 7
525 10
93 21
220 18
228 12
42 3
365 15
380 16
156 16
397 12
408 15
517 11
539 3
19 18
83 5
79 5
401 5
34 14
79 12
102 8
467 6
555 21
361 2
486 20
139 13
261 12
114 22
291 3
407 7
116 12
161 14
410 12
156 6
257 12
240 17
154 16
280 16
179 13
538 22
576 9
94 22
47 9
426 13
533 8
17 13
546 15
292 3
289 12
314 16
349 10
549 1
332 16
155 3
108 22
446 17
477 1
229 9
249 8
263 19
382 20
523 21
183 22
94 11
419 8
263 9
286 19
150 20
443 5
216 14
289 3
143 17
146 4
458 3
506 7
437 1
390 2
489 22
236 3
413 18
246 20
234 9
83 22
280 14
519 21
202 22
394 14
29 13
115 4
301 19
595 6
265 14
120 5
59 18
260 7
601 6
510 6
260 2
197 10
412 6
167 2
449 19
576 17
21 12
233 3
154 20
14 16
406 14
343 14
331 8
187 5
157 2
316 7
118 4
505 13
406 10
50 6
185 21
388 4
191 3
50 1
176 2
477 20
343 16
420 20
396 2
436 8
4 4
568 1
415 13
354 20
367 18
549 13
353 7
545 8
529 18
285 1
414 16
363 8
188 10
473 21
452 21
30 5
26 19
319 1
358 4
336 18
297 19
76 15
340 16
188 12
394 6
262 16
559 17
168 22
597 2
157 8
420 21
395 19
223 11
248 19
240 10
387 15
276 19
260 1
159 17
539 19
438 4
308 5
495 11
91 12
189 5
96 1
402 6
383 9
210 2
392 18
214 13
370 10
33 12
386 5
13 4
200 6
176 17
124 14
518 9
506 10
561 16
12 20
278 15
580 12
212 13
153 14
137 1
274 10
66 10
594 20
80 6
187 8
33 13
151 2
243 1
12 6
172 3
352 9
427 14
115 10
251 16
366 20
135 17
166 8
388 2
542 12
196 18
171 7
410 11
308 18
601 2
67 21
558 15
53 6
506 20
208 22
41 8
25 10
119 17
351 2
221 15
254 10
404 6
267 6
141 21
32 4
509 2
7 12
463 19
240 7
552 22
370 22
195 21
454 22
502 5
62 8
585 10
349 5
557 13
246 1
454 5
77 7
368 5
311 1
562 19
55 12
507 21
372 16
200 5
170 18
481 18
447 16
599 16
211 16
315 5
411 20
373 13
340 12
7 16
261 13
569 4
280 1
328 20
126 17
136 3
353 12
497 18
262 15
587 22
193 3
569 8
550 6
209 14
449 5
231 7
200 5
277 11
487 6
565 3
464 6
237 5
466 6
108 20
464 22
118 8
35 13
272 7
519 9
50 8
128 5
67 20
54 20
229 18
97 16
59 4
5 9
83 19
165 9
221 14
385 6
243 15
475 1
5 22
146 22
199 22
58 1
434 10
486 20
537 20
545 15
394 21
333 14
38 7
139 14
173 5
212 20
169 10
115 17
257 20
568 8
235 10
297 5
326 6
82 20
577 1
528 13
428 9
530 1
53 14
539 19
207 18
293 7
602 19
453 8
201 3
132 2
415 11
281 21
185 16
471 5
88 9
347 6
477 12
58 3
539 17
364 22
448 13
461 1
49 15
226 10
376 18
424 20
50 3
599 11
110 5
350 18
475 16
7 8
15 8
276 9
314 22
209 14
54 14
92 16
290 13
213 5
37 18
238 18
51 2
40 11
535 22
540 3
286 16
416 8
181 11
326 14
409 6
370 9
556 19
136 17
299 10
498 10
353 17
384 19
140 14
528 11
271 12
457 9
165 10
339 5
353 8
377 16
268 18
109 3
558 8
34 17
510 3
257 15
555 13
152 6
495 13
74 2
368 9
259 4
445 14
408 16
252 15
341 11
298 10
51 18
245 10
314 1
331 2
378 6
47 4
528 7
96 10
583 2
123 18
318 10
22 15
72 2
363 12
452 4
180 12
416 11
8 1
298 9
313 18
333 11
27 4
271 7
366 18
283 11
321 17
560 22
290 16
475 21
292 13
62 21
205 16
11 10
299 15
285 14
510 4
477 8
455 9
152 9
311 3
290 10
500 1
81 21
504 12
402 20
207 22
527 10
144 19
183 20
454 2
601 3
414 13
592 3
229 1
144 16
150 2
426 21
601 15
217 9
514 1
68 14
544 1
364 12
508 13
84 10
200 9
386 21
300 20
435 21
415 4
375 22
73 19
575 16
375 22
167 20
48 16
385 19
153 14
77 20
354 8
440 20
301 13
185 19
598 15
417 6
489 21
351 1
35 18
362 17
6 3
536 13
451 9
163 21
544 6
170 2
97 13
87 15
158 2
571 14
33 9
413 22
491 10
340 8
432 7
53 5
256 22
440 18
593 3
57 19
183 20
122 20
39 18
602 5
43 12
561 1
282 4
36 9
345 20
331 7
237 9
17 15
110 5
179 7
554 6
121 8
128 10
287 19
194 20
98 19
68 4
352 11
312 15
34 3
246 21
136 12
384 6
211 17
208 9
43 15
271 22
36 20
54 1
106 19
83 19
278 14
45 6
161 20
547 4
560 4
1 13
183 2
91 13
445 7
285 4
583 2
178 10
205 16
356 22
166 1
412 19
286 16
61 9
123 9
77 12
509 22
23 1
350 12
208 18
150 2
94 15
461 1
440 11
300 3
319 3
475 22
40 17
271 5
550 10
179 10
120 9
293 2
115 22
170 8
201 13
112 10
228 15
163 2
397 11
423 20
199 1
171 2
298 19
583 4
155 5
569 19
543 10
236 20
250 19
438 1
148 20
76 8
204 6
218 22
272 13
423 1
376 2
547 16
349 5
471 13
395 14
236 1
24 3
309 3
296 2
422 2
416 16
529 19
529 22
364 10
203 12
407 17
470 13
420 2
304 6
109 9
380 17
325 10
376 22
559 22
318 9
241 20
419 22
153 2
283 19
265 7
138 3
159 7
578 17
550 6
119 20
560 17
461 16
322 9
529 13
130 6
459 14
421 20
508 2
590 5
358 21
366 19
240 7
471 11
472 21
9 10
458 15
467 1
250 12
245 9
159 6
269 20
359 20
117 6
151 3
456 17
326 3
378 4
429 14
19 13
409 6
508 9
529 14
71 20
462 18
13 11
581 10
134 16
527 10
8 1
412 2
568 4
270 20
433 16
138 11
432 13
326 10
182 10
213 4
267 19
279 7
506 5
582 13
519 10
231 8
422 11
471 6
529 3
227 5
87 21
251 17
210 5
451 12
371 21
36 2
480 10
179 1
583 13
9 18
303 6
534 17
184 15
355 10
383 11
327 16
285 22
297 5
544 7
113 12
63 15
36 3
315 2
555 22
57 9
161 13
361 17
565 9
487 4
350 19
135 6
22 10
35 14
477 22
80 4
536 9
560 2
27 7
544 15
339 6
38 5
302 18
72 11
155 9
328 14
412 8
209 16
87 11
526 14
180 4
95 7
259 16
193 2
179 19
397 21
339 11
265 3
581 3
466 8
63 8
589 1
527 18
515 1
360 9
250 5
162 16
20 5
264 22
491 12
318 2
15 19
395 3
396 7
476 9
254 14
42 8
113 2
235 16
263 1
368 15
538 14
253 15
54 1
53 1
58 9
396 20
520 12
51 21
596 16
248 19
292 1
594 20
108 11
474 8
107 5
257 22
363 2
190 7
198 21
367 8
202 16
120 12
5 22
589 4
468 6
138 15
341 16
335 9
316 22
448 22
228 21
284 18
524 21
368 19
267 14
444 1
282 15
361 16
473 5
367 1
600 19
126 5
339 8
57 22
65 9
472 6
194 16
73 12
41 18
441 22
538 4
121 19
3 6
580 15
201 20
6 3
529 13
158 1
564 12
467 18
447 18
340 8
208 10
279 8
357 10
15 18
79 11
544 16
57 19
163 11
150 12
232 6
523 9
463 12
494 13
464 4
452 3
197 22
457 22
353 17
515 10
484 12
92 4
512 10
550 20
175 10
546 6
558 14
181 1
50 17
598 17
269 2
595 14
590 19
97 19
559 2
422 14
63 12
356 22
176 7
442 19
165 3
572 6
113 22
332 12
248 9
400 14
165 3
11 5
204 10
467 1
99 20
569 15
298 7
90 9
545 2
123 9
372 19
337 15
310 7
113 22
431 14
494 9
247 9
541 11
199 3
274 12
108 20
149 14
264 6
237 4
541 19
471 10
561 14
164 22
513 3
534 1
485 8
196 15
272 2
237 19
128 17
180 11
74 3
466 6
328 5
364 5
548 4
553 22
266 14
259 5
542 5
576 16
449 2
118 8
26 22
583 6
488 9
554 9
134 7
398 8
198 4
524 7
375 11
235 6
549 8
333 7
40 10
31 9
303 20
167 2
357 14
428 14
307 7
239 15
60 19
33 9
126 6
69 9
291 10
368 10
420 1
580 2
509 10
487 11
159 6
136 5
145 14
229 12
381 16
388 1
271 1
254 4
500 7
452 10
426 19
339 6
302 18
494 16
503 2
297 14
525 17
343 20
602 14
96 13
507 2
192 11
267 9
601 11
453 4
216 6
514 20
401 15
348 11
39 22
12 9
438 19
133 5
57 3
522 11
253 22
112 1
493 18
151 7
435 3
176 3
44 16
191 10
382 5
101 2
375 8
571 3
565 3
410 14
485 8
71 18
79 6
273 19
412 13
429 20
390 8
175 2
264 5
13 3
592 16
401 10
365 18
487 6
300 2
249 14
457 16
405 6
109 1
261 5
195 9
61 18
197 18
17 12
281 14
223 4
315 6
301 3
134 4
552 6
229 12
314 21
14 20
597 10
561 12
563 12
426 7
52 3
153 5
288 9
496 14
131 22
205 3
514 7
131 21
122 8
329 13
18 21
387 8
177 4
495 2
548 21
519 5
309 16
110 5
366 9
328 3
196 14
268 8
478 7
484 16
344 8
198 18
235 2
144 4
20 4
411 11
372 19
250 3
192 21
181 4
212 4
231 1
205 9
200 13
457 1
417 3
268 13
427 11
543 18
110 2
487 20
102 13
569 10
554 6
290 20
338 15
11 5
522 15
238 4
65 16
6 14
276 22
172 17
417 18
413 8
277 8
381 19
186 2
28 2
313 5
30 21
361 1
93 14
497 19
158 3
83 9
75 21
534 3
313 17
368 12
359 13
357 10
100 3
283 12
388 13
312 6
318 18
217 11
137 4
566 20
579 14
167 21
490 22
56 10
385 3
338 11
423 16
324 14
499 12
578 20
141 18
377 12
568 14
515 17
237 3
479 18
52 13
168 7
138 7
185 21
391 4
433 4
440 1
474 19
494 10
9 13
496 10
106 10
393 20
131 17
379 13
524 10
535 13
529 18
73 10
85 22
74 18
114 16
34 8
84 8
59 14
82 1
165 13
559 18
558 1
130 12
574 15
162 12
312 10
229 19
366 21
247 14
530 21
298 19
227 17
470 3
166 21
30 13
495 12
23 9
337 8
283 3
437 19
218 16
400 5
265 20
323 15
514 12
355 17
294 12
341 19
129 6
422 14
557 21
117 21
258 17
124 2
95 3
188 8
523 15
277 3
436 15
149 21
322 8
88 6
337 3
278 1
119 8
174 18
315 7
152 21
181 12
231 18
39 4
97 20
274 6
176 15
315 2
199 21
473 13
531 18
187 19
530 18
331 8
16 12
34 18
387 10
297 14
344 17
446 19
235 18
284 3
196 9
599 5
493 8
369 13
581 3
338 12
445 14
561 4
412 22
437 15
318 15
71 4
368 1
122 7
332 9
52 8
61 14
547 7
598 12
554 5
342 17
437 19
321 19
175 18
382 19
484 22
240 6
315 2
176 8
448 3
96 19
118 2
405 15
597 11
403 20
405 15
191 20
342 3
459 19
382 10
108 20
223 7
111 14
188 17
141 4
300 8
274 19
142 22
251 4
361 14
580 12
473 3
561 2
114 5
591 13
125 4
558 3
556 1
419 14
281 13
516 10
59 10
280 3
495 17
292 13
14 11
35 10
93 17
361 7
414 17
322 14
392 18
178 12
15 15
193 9
187 15
393 7
282 1
416 10
350 4
153 20
95 22
83 22
461 4
259 12
50 8
433 12
149 6
451 2
518 6
26 11
502 20
464 10
74 17
315 17
109 8
93 15
136 19
154 18
266 18
10 1
538 4
332 17
549 5
556 1
490 21
447 19
358 1
508 7
332 12
360 1
266 18
32 12
255 7
240 12
496 9
416 19
557 3
161 22
219 11
128 5
41 18
398 14
358 6
465 3
369 10
342 16
412 5
369 9
140 1
87 7
586 11
297 22
378 7
302 5
55 4
496 13
595 5
348 21
30 22
208 5
500 7
196 19
374 12
572 13
126 17
62 14
388 11
355 1
546 5
16 19
51 16
349 18
477 8
432 17
88 15
587 3
65 2
23 12
423 21
181 17
22 7
248 18
375 8
90 12
308 3
81 11
285 15
300 22
237 20
368 16
470 22
563 13
526 1
341 11
560 15
88 19
523 6
350 7
253 15
78 13
239 20
306 15
168 14
551 13
515 3
564 18
359 15
496 18
343 10
148 21
62 14
298 8
191 5
79 14
169 1
583 9
242 18
154 3
276 11
482 5
324 19
206 4
100 14
164 22
472 8
18 7
47 11
175 18
62 15
340 5
477 13
154 1
140 21
572 8
459 4
561 5
411 18
446 8
300 20
207 18
125 7
549 6
67 7
41 18
123 7
233 10
277 7
498 14
89 14
120 12
440 16
338 19
217 22
473 21
596 5
542 19
136 9
113 2
230 7
121 17
255 15
11 8
376 5
102 22
408 11
327 19
22 14
67 17
417 22
529 3
219 22
295 2
429 12
247 6
41 7
522 21
381 9
501 11
180 21
270 11
112 18
560 13
487 7
571 2
406 4
89 3
229 13
1 22
259 17
589 4
177 2
62 15
442 13
262 15
224 2
404 7
145 4
461 1
455 21
368 5
489 13
85 18
501 9
179 13
337 19
369 12
563 21
239 4
135 10
59 6
339 20
42 2
78 22
330 11
391 4
416 12
519 19
114 15
599 2
242 10
463 8
575 14
81 20
382 8
119 22
166 3
244 5
175 18
588 9
84 13
394 7
87 5
419 12
2 19
156 20
98 19
232 14
266 13
260 19
509 4
491 17
300 12
550 5
287 18
579 18
188 13
398 13
176 13
126 22
591 20
488 14
85 4
283 2
9 2
126 11
430 6
110 3
400 1
578 21
190 8
38 7
100 18
79 19
322 13
215 21
258 1
546 19
196 9
290 17
493 13
430 11
268 22
29 20
192 10
480 12
214 5
399 12
297 7
355 22
208 9
201 5
390 3
518 8
260 15
310 21
500 3
477 22
248 11
55 17
5 1
550 20
183 7
178 4
315 15
47 13
260 15
340 14
542 1
426 5
436 13
351 10
482 13
37 12
8 20
357 15
33 18
94 6
163 17
257 19
2 13
297 19
9 14
203 19
85 2
149 3
270 2
413 2
548 21
534 22
37 2
141 12
445 14
60 15
469 13
119 8
559 5
537 13
422 4
339 11
575 1
217 12
523 7
106 5
544 13
79 15
465 21
49 2
39 6
291 22
159 7
78 14
167 16
162 15
433 18
119 13
249 21
390 6
128 3
278 8
16 22
164 17
522 21
102 4
429 11
168 7
201 21
84 8
201 1
233 2
24 10
482 7
195 21
63 19
547 15
369 12
99 9
471 18
113 14
214 2
345 4
428 14
71 16
479 10
356 8
70 18
31 9
316 3
350 13
192 18
498 9
309 14
462 3
522 4
379 6
153 10
570 11
179 4
544 19
199 7
145 8
583 22
123 19
4 9
260 15
553 18
160 1
10 11
231 1
145 13
329 16
511 2
337 21
463 22
394 13
379 5
478 20
602 20
307 17
16 17
116 18
159 18
594 1
498 5
212 2
57 22
204 12
418 5
401 8
218 6
422 10
224 20
233 8
300 3
270 18
9 9
204 19
403 12
188 22
399 21
488 3
345 5
92 16
398 2
595 1
560 13
477 17
357 14
20 9
571 11
42 15
287 1
461 7
161 5
365 4
588 15
110 17
336 8
356 16
550 18
573 16
58 4
414 13
436 20
345 9
481 13
44 16
356 17
306 4
428 13
201 10
319 7
40 10
301 22
526 14
316 16
303 9
12 6
294 21
232 1
383 15
167 12
50 18
343 14
458 2
188 16
504 10
381 6
149 16
140 10
190 15
176 12
299 8
371 20
148 1
459 5
497 8
121 20
319 2
76 17
568 18
470 16
276 4
397 7
221 1
295 14
196 13
150 11
36 6
350 11
485 5
91 18
362 15
361 7
265 13
145 6
376 13
432 3
378 16
218 4
460 8
176 3
48 5
184 21
600 5
365 17
236 12
24 13
183 7
534 16
220 17
549 7
593 18
192 14
166 8
276 7
526 1
405 16
458 15
488 1
145 6
98 10
25 9
478 9
172 21
434 11
429 10
139 16
178 11
462 13
107 9
368 3
219 14
3 21
47 3
405 21
64 10
123 19
178 13
580 6
216 19
113 19
466 21
447 13
243 13
557 19
149 7
467 9
442 22
291 11
206 14
439 7
230 13
202 15
207 11
288 16
449 18
555 8
5 17
481 19
247 19
483 12
444 13
291 11
227 6
477 5
297 15
433 9
69 21
589 12
386 19
454 5
381 6
428 10
296 22
534 8
264 4
524 6
262 22
404 14
509 8
70 20
24 3
310 20
127 5
42 5
263 7
487 14
277 9
70 5
202 7
242 20
559 20
528 1
398 13
227 4
283 1
345 2
93 6
439 1
129 20
453 4
164 10
234 8
153 12
552 11
200 14
110 12
586 10
478 8
230 3
255 16
397 20
155 7
338 5
60 11
465 20
499 19
326 12
253 2
481 1
314 19
502 2
141 3
37 10
552 10
282 17
90 7
522 11
351 14
541 19
135 16
142 14
61 18
342 2
188 22
356 2
386 8
262 12
120 19
509 7
544 2
338 4
600 15
392 12
27 15
289 3
229 21
10 20
191 5
178 8
407 14
139 11
39 20
572 7
537 19
162 7
128 3
190 2
104 11
477 7
267 8
33 4
408 6
452 16
461 9
406 9
225 18
259 9
602 17
429 21
255 8
525 17
224 9
513 16
333 10
476 12
141 1
179 13
96 11
409 4
217 14
178 12
415 13
549 7
44 2
572 5
521 20
581 18
529 3
70 10
554 7
584 14
392 16
390 15
318 8
478 12
219 6
436 8
335 3
259 6
65 11
320 2
150 20
266 2
29 8
442 17
7 17
74 22
477 7
64 7
169 1
148 18
434 12
484 21
310 3
264 21
259 16
163 9
354 22
106 11
276 2
254 22
586 14
437 1
133 3
138 3
339 8
399 9
473 9
16 10
493 21
279 11
161 1
208 11
430 17
53 22
581 11
147 22
478 2
389 21
359 6
439 18
364 2
564 22
458 14
374 21
438 2
399 19
31 8
338 10
496 5
139 6
375 3
282 19
489 11
16 3
302 2
200 18
288 18
305 1
47 18
419 11
113 1
224 21
268 6
10 16
571 3
271 21
591 14
67 14
11 13
552 14
342 22
540 2
312 18
377 5
467 12
83 10
513 12
39 20
237 15
310 11
347 12
150 16
459 11
358 4
521 21
394 15
467 17
162 15
21 6
209 15
61 14
244 8
101 18
57 20
238 9
74 8
594 12
53 13
153 2
147 6
561 6
525 14
460 21
79 4
532 1
132 17
259 21
443 21
403 11
175 18
335 16
453 10
181 22
319 3
264 6
538 15
138 1
435 16
43 22
466 17
503 3
285 6
481 3
584 4
580 7
350 21
371 17
500 18
523 14
575 19
12 12
570 10
165 19
232 12
5 7
544 7
455 17
240 18
135 15
264 1
202 13
389 12
446 21
502 10
462 18
583 14
98 15
541 18
263 8
22 9
394 12
213 3
126 22
404 19
535 16
32 19
522 19
57 22
43 8
143 8
352 13
87 22
281 14
433 11
581 11
50 5
567 3
30 8
23 22
471 6
79 13
358 5
567 5
251 14
351 21
186 19
284 3
535 8
69 13
424 8
404 16
272 4
528 2
145 4
405 17
431 1
183 6
104 22
590 12
128 17
576 7
244 2
417 1
229 4
487 12
178 8
116 14
328 5
103 2
63 6
198 12
18 22
587 16
221 1
287 15
585 6
536 11
462 7
572 20
481 8
29 17
485 17
357 22
43 4
347 17
128 2
25 2
15 15
598 3
193 11
413 1
348 5
441 8
8 15
246 6
528 21
557 19
491 4
455 12
247 2
213 21
288 16
266 17
124 12
253 12
21 12
456 6
151 3
254 8
304 14
118 17
199 16
331 16
185 19
471 22
77 13
179 11
381 8
425 7
546 2
602 13
117 14
241 18
87 14
21 16
229 7
540 3
12 5
65 1
436 7
110 9
537 15
406 19
414 2
507 20
421 1
264 20
431 17
581 18
11 12
438 10
383 6
48 2
50 2
140 10
450 12
159 8
414 2
171 15
99 5
213 6
535 8
452 9
181 4
594 22
395 6
602 14
169 15
166 6
525 9
446 21
394 5
147 10
150 20
1 21
418 4
336 15
477 18
26 4
558 15
76 7
159 22
95 20
192 15
29 17
539 16
533 16
231 20
252 21
473 1
429 15
204 11
548 11
317 14
322 1
240 3
89 4
312 11
171 4
528 5
336 18
280 1
170 5
42 2
177 20
16 19
89 2
152 2
201 5
505 3
427 21
511 8
16 13
445 17
309 10
383 20
444 11
461 22
392 1
107 6
1 19
133 13
99 8
380 15
156 2
197 3
468 14
15 12
80 12
247 22
577 21
278 22
494 12
475 21
126 19
168 12
109 10
436 6
219 3
404 8
467 6
547 5
599 21
209 15
254 8
409 8
162 16
125 21
522 18
381 6
31 19
317 12
448 7
601 22
561 7
317 10
75 16
262 15
98 7
316 3
479 1
194 16
458 8
199 9
540 7
158 3
121 2
111 16
578 6
372 7
287 21
81 3
43 18
496 19
520 16
579 22
597 17
495 21
535 12
241 18
472 1
440 22
287 13
77 6
42 4
77 16
581 5
85 1
192 16
374 9
315 13
14 12
152 1
49 9
546 18
254 16
549 12
152 7
208 1
128 13
449 5
292 5
371 2
477 19
567 3
397 4
574 10
234 1
267 6
354 17
85 10
399 8
316 11
292 19
64 6
427 6
190 16
79 11
499 1
556 17
300 2
31 21
47 14
547 8
30 15
191 3
555 16
566 2
166 18
17 19
527 12
44 6
49 20
239 1
41 8
530 9
341 20
484 6
574 17
77 19
184 6
458 12
394 3
69 8
271 21
560 16
408 16
164 2
563 18
206 14
302 10
434 9
315 7
369 5
491 19
85 7
61 3
432 18
116 9
353 22
167 8
97 21
308 1
300 1
582 7
543 18
404 11
330 9
114 4
518 19
490 21
390 5
71 4
497 4
354 17
205 9
303 1
553 12
530 6
191 9
181 15
493 2
542 10
431 4
413 7
488 19
507 9
314 7
326 4
360 18
539 8
293 21
75 15
550 19
483 4
475 20
49 7
359 20
89 6
496 6
245 7
474 7
287 6
294 13
16 20
346 14
506 18
125 2
583 18
272 10
497 22
276 2
158 15
535 3
221 16
444 1
204 11
419 6
1 7
377 21
87 5
300 1
173 22
438 7
87 18
216 16
585 20
170 18
239 8
322 18
105 21
598 8
567 8
586 8
467 12
183 1
109 12
200 5
563 13
221 13
267 11
420 13
329 19
591 21
147 2
303 5
168 16
59 4
349 16
68 5
357 7
221 11
91 8
214 21
505 10
423 8
42 7
382 19
48 16
495 21
266 9
458 19
385 10
161 12
103 7
55 11
553 19
293 19
572 12
221 4
411 5
278 7
348 19
547 10
339 15
219 3
516 14
550 3
15 20
80 10
220 5
123 2
157 16
77 9
59 5
586 17
266 11
102 1
578 10
532 11
482 1
556 17
137 6
569 16
602 9
389 17
510 5
195 18
534 12
302 8
71 7
139 12
439 17
165 2
383 21
16 6
100 20
173 21
301 2
401 13
321 19
29 15
460 6
179 3
128 15
375 21
138 7
389 13
18 15
444 2
450 21
439 21
170 13
79 13
591 10
443 12
162 4
19 7
89 9
335 5
131 5
591 17
360 14
536 10
392 18
590 18
434 20
568 18
428 22
502 7
253 20
275 3
528 8
424 14
52 13
352 22
577 4
435 8
22 8
358 12
297 11
73 22
270 4
223 16
226 14
390 17
326 6
468 6
285 2
123 6
36 7
438 13
384 20
187 1
578 19
214 18
243 3
503 6
563 22
319 11
131 15
502 14
7 3
88 5
587 17
527 11
400 5
405 13
294 16
470 7
4 5
172 16
358 9
133 2
98 6
197 17
344 8
403 2
599 11
26 7
291 5
162 13
471 18
587 14
98 21
40 19
540 7
377 21
288 1
550 8
208 10
8 12
199 3
397 17
151 8
23 6
372 20
537 10
39 3
163 20
336 18
204 15
555 13
333 9
352 18
527 21
12 9
408 9
365 9
111 20
483 11
326 6
580 20
502 20
578 7
125 17
68 19
262 20
569 5
297 10
482 2
258 19
542 22
382 11
246 6
587 20
228 22
404 6
596 21
83 13
189 9
150 21
364 10
264 9
241 10
285 3
520 21
328 18
29 1
126 20
415 1
559 9
389 14
308 15
69 8
32 15
244 17
521 10
185 12
343 11
602 15
596 4
60 17
536 1
460 15
353 14
141 21
487 20
347 5
467 7
512 9
9 7
393 8
233 22
379 13
556 14
204 8
175 11
332 14
478 4
112 20
213 5
550 22
490 14
565 21
168 21
10 20
276 13
135 1
294 7
289 19
288 1
78 16
154 16
276 15
330 22
283 16
77 7
533 15
306 2
41 13
189 17
297 15
370 10
161 14
482 22
436 22
584 13
600 20
193 1
77 12
38 10
451 19
272 20
149 1
540 10
150 21
576 5
363 17
575 15
9 14
503 12
117 7
98 21
473 20
222 5
293 11
135 10
54 22
40 1
288 3
544 14
520 15
468 15
30 13
447 17
189 10
357 19
213 13
64 9
157 5
570 13
177 4
580 1
240 8
221 17
560 19
137 9
501 19
110 4
493 5
322 9
224 17
439 6
366 3
455 19
122 13
9 19
16 13
518 17
323 10
263 1
66 14
123 11
541 15
478 15
254 12
88 18
561 15
446 12
325 10
177 17
288 16
421 15
330 1
365 12
419 4
539 5
135 18
5 19
488 10
168 16
451 4
522 21
405 1
126 16
321 20
262 12
176 13
444 18
215 5
319 11
194 18
277 21
122 2
22 10
539 1
243 13
259 20
514 5
259 3
48 11
356 1
32 17
120 17
532 14
16 20
165 17
50 14
65 4
493 14
383 3
602 22
450 17
506 1
158 13
369 21
545 20
10 19
532 7
281 9
313 3
602 11
98 20
136 15
446 14
218 19
292 18
285 5
164 9
569 22
159 11
116 9
75 14
261 16
294 7
490 3
71 8
53 9
137 21
18 9
213 22
150 2
246 16
583 15
132 15
132 9
383 18
232 21
266 19
543 3
409 14
590 22
182 11
55 13
477 21
283 21
457 1
299 9
466 3
367 15
216 3
348 17
250 2
219 3
485 2
322 5
528 13
56 13
13 8
289 5
23 15
434 13
274 14
316 19
110 12
131 2
232 4
242 21
550 6
263 10
292 15
467 21
436 20
308 1
443 17
490 7
120 2
179 6
328 20
429 16
293 21
190 21
160 7
125 8
58 4
485 20
555 20
405 5
157 9
146 3
344 1
529 8
192 7
372 12
218 2
8 6
423 11
259 20
363 19
111 5
92 5
167 10
502 17
232 16
64 8
97 4
319 3
504 5
437 21
466 2
497 16
237 21
406 8
483 20
484 4
168 14
294 19
410 12
343 14
437 7
396 5
82 11
450 18
443 7
530 17
520 6
300 16
185 4
499 13
172 13
178 21
489 16
562 17
509 13
90 2
260 21
449 15
401 16
398 15
280 9
182 14
447 22
294 6
434 19
25 2
147 15
372 5
403 1
490 13
140 5
211 16
103 13
280 19
421 18
76 8
68 2
406 19
209 16
243 19
35 14
545 18
531 22
364 13
141 19
395 1
10 16
146 6
274 22
541 17
477 16
29 8
207 21
313 12
582 21
574 8
170 9
385 7
431 12
568 8
9 20
321 9
421 11
397 6
256 2
453 19
152 9
103 16
54 22
273 12
241 20
309 9
8 21
101 12
362 11
241 17
287 3
460 17
23 6
418 14
381 14
261 19
556 20
400 3
597 15
339 14
408 20
236 2
148 3
404 14
343 2
584 15
600 17
500 7
38 3
466 22
308 1
327 4
255 19
169 16
212 22
244 17
172 4
557 19
243 16
131 4
497 3
279 22
235 5
561 15
8 14
278 19
307 1
390 1
341 11
142 18
110 4
492 9
114 15
527 8
178 14
153 6
491 6
340 16
310 3
212 1
394 19
110 18
53 15
175 1
595 21
522 12
447 6
597 13
522 11
136 2
4 4
37 7
218 17
216 5
388 3
227 16
84 6
281 18
37 21
564 19
432 14
210 2
24 6
232 1
406 10
144 15
59 19
301 17
282 20
526 16
274 12
332 13
142 8
174 18
360 8
447 5
512 5
273 10
544 12
112 5
577 16
166 9
46 20
513 21
204 7
335 6
15 17
103 5
277 4
323 1
544 20
367 8
480 10
54 14
120 19
258 17
382 16
136 6
53 7
348 9
358 22
297 1
217 14
18 4
257 6
458 16
37 20
129 11
234 2
122 14
236 4
601 4
394 7
179 20
509 3
131 20
257 8
141 14
426 18
335 21
81 5
462 9
475 22
113 7
232 4
498 19
340 15
245 8
13 12
181 16
79 16
78 2
275 8
87 18
42 11
587 16
367 2
331 6
171 3
305 20
66 19
123 3
571 18
416 22
183 15
389 21
6 20
167 14
273 13
362 9
72 10
165 9
157 8
354 11
428 15
217 14
26 17
555 15
365 5
305 22
6 7
361 13
303 8
377 19
543 8
452 9
69 5
409 22
372 21
215 3
152 9
396 20
441 12
523 14
98 19
367 19
425 7
338 14
145 21
316 7
408 20
461 20
562 12
378 15
141 15
439 14
592 14
118 9
485 15
87 20
10 16
234 18
195 11
566 5
582 16
414 8
532 17
418 18
155 2
181 13
600 7
7 9
303 6
506 21
296 3
130 18
329 13
602 7
212 12
568 13
225 9
68 4
6 14
225 6
585 18
110 13
464 7
274 15
386 5
346 10
118 6
475 19
510 21
66 10
361 11
129 22
193 5
116 3
375 17
390 17
8 10
555 17
408 20
596 18
482 3
458 15
455 4
600 14
529 9
470 1
491 16
434 5
508 6
188 17
558 14
92 6
354 11
11 19
271 16
108 6
470 14
393 10
163 2
256 4
445 21
216 11
546 22
453 8
271 10
207 8
143 17
21 6
444 21
472 1
150 6
561 11
114 18
252 3
424 13
534 7
339 3
13 9
435 20
495 18
385 20
337 22
67 10
227 8
324 21
173 5
315 13
327 4
106 12
531 2
69 19
152 5
73 21
164 3
456 17
26 19
499 14
326 17
190 8
39 13
99 14
95 10
431 7
510 19
300 9
249 4
283 14
362 13
161 15
177 10
276 4
511 10
112 22
315 19
189 14
565 9
285 10
79 11
118 16
582 19
457 9
250 20
581 15
560 5
23 21
533 14
16 13
486 2
50 2
6 7
10 7
184 12
194 7
453 8
518 4
287 14
111 10
327 12
211 1
69 15
115 16
44 17
108 13
331 2
346 9
120 3
434 3
13 15
382 17
375 4
596 12
415 13
333 18
247 4
24 5
546 13
27 10
379 5
473 20
61 17
83 16
21 16
118 6
117 11
439 21
319 2
545 7
159 13
505 20
322 4
468 13
520 19
363 18
529 13
412 19
224 8
447 5
32 6
384 7
459 16
143 5
35 20
407 12
238 3
38 14
350 5
312 5
518 14
520 13
497 20
299 13
185 18
460 19
262 20
284 14
482 9
492 6
12 22
178 19
588 1
401 21
436 10
407 14
372 5
334 17
160 22
384 11
202 20
545 6
257 10
165 2
2 21
165 12
568 14
304 9
14 22
320 15
397 8
225 14
40 12
575 10
246 20
311 5
428 13
493 13
107 10
294 16
102 20
129 3
524 13
327 1
50 1
426 2
277 7
365 6
478 11
52 15
311 16
555 21
388 2
176 21
393 10
144 21
326 6
522 13
536 7
203 8
493 1
320 8
411 10
78 3
240 20
124 4
137 6
70 11
556 7
91 17
438 19
239 6
484 22
561 22
363 22
26 22
586 21
465 12
214 2
11 6
484 15
296 22
20 20
284 11
83 8
227 3
601 9
561 9
484 12
250 6
384 13
478 9
516 6
46 15
229 1
294 20
436 12
265 15
420 8
527 18
591 8
562 9
596 5
373 1
64 7
391 1
110 18
124 18
117 18
437 7
531 2
546 5
357 14
144 14
314 14
409 9
467 20
182 11
42 12
417 15
187 20
218 1
31 8
343 18
166 5
256 16
413 11
252 10
541 19
283 18
450 16
474 21
100 3
370 7
577 14
221 16
104 19
355 20
72 15
327 20
42 10
77 14
3 9
573 21
290 15
230 14
92 16
444 8
8 14
98 17
213 19
479 19
523 11
345 7
107 17
337 18
131 18
70 14
79 3
488 2
467 8
472 13
54 14
234 17
81 12
82 9
450 17
136 13
568 11
351 20
176 3
400 20
62 7
238 9
31 7
42 9
546 22
562 7
294 20
421 12
85 15
326 20
48 3
166 7
273 9
7 4
521 13
461 21
242 13
75 1
142 19
298 12
233 1
384 19
283 15
347 15
183 13
456 11
20 1
131 22
222 6
51 10
33 12
451 7
404 20
149 14
551 15
526 7
590 19
569 3
455 19
250 12
193 12
252 7
349 3
14 17
53 3
110 2
214 12
434 7
4 1
557 14
265 8
9 20
452 16
365 6
558 1
193 17
244 1
207 22
80 4
324 1
259 7
32 5
94 10
489 11
506 10
134 5
486 18
416 16
506 1
278 19
78 10
533 6
366 13
86 16
595 7
303 10
18 9
410 10
99 22
394 22
477 17
451 13
310 19
517 12
588 9
437 14
444 22
402 20
88 10
486 6
427 15
317 5
205 5
25 13
476 21
1 13
423 6
581 13
87 6
534 4
232 21
552 7
567 1
577 13
81 17
346 4
523 18
439 4
41 18
334 1
377 6
64 11
320 9
505 21
447 12
434 16
495 20
354 7
137 5
88 21
541 4
542 9
206 4
511 14
25 11
93 11
112 10
591 9
526 16
208 10
407 1
333 1
532 1
198 11
321 6
297 6
426 10
407 15
319 12
554 17
101 2
169 3
122 1
463 17
534 17
588 5
100 10
128 16
194 1
435 3
587 10
310 10
427 15
437 10
401 5
294 21
1 12
435 12
552 3
66 17
562 10
200 12
530 8
459 17
116 10
335 20
557 10
286 22
68 6
597 3
224 9
439 22
82 1
195 20
117 20
568 8
400 12
252 11
569 19
140 15
304 3
39 22
30 11
50 21
566 14
601 19
417 10
246 6
78 7
326 10
200 8
279 2
30 14
545 19
310 3
281 5
103 1
424 12
165 18
472 6
396 17
134 14
333 11
282 1
355 22
294 21
129 16
214 16
462 3
61 3
393 10
494 3
123 19
516 5
244 11
548 17
328 20
194 14
318 5
379 11
407 8
64 17
251 4
126 7
195 6
386 18
83 7
594 14
91 8
144 9
413 15
42 6
163 13
117 21
376 3
275 16
394 12
309 11
474 9
169 16
122 4
419 1
47 11
396 7
489 1
207 10
134 12
254 11
10 8
228 8
430 5
87 13
25 12
506 19
191 2
360 21
312 20
187 2
83 5
571 22
245 12
32 1
33 15
459 14
531 14
250 20
129 18
327 8
240 21
117 6
85 17
264 2
200 15
573 6
575 5
438 5
320 19
71 21
565 12
543 4
173 12
233 4
365 15
496 6
535 2
238 7
184 6
1 2
309 5
388 22
21 10
568 20
542 18
2 12
112 14
549 2
540 18
244 17
598 10
199 1
65 14
535 10
512 10
399 14
347 15
6 16
114 14
131 17
192 4
234 12
545 19
423 17
11 2
422 8
550 6
375 13
540 14
38 21
593 13
417 21
98 1
283 19
406 19
579 20
533 16
267 5
15 10
189 7
312 22
124 16
134 17
399 16
499 7
346 12
554 5
510 13
535 17
312 3
82 1
178 22
286 2
105 14
281 22
48 16
468 14
269 16
387 5
527 16
359 3
325 21
55 4
490 6
95 6
187 19
383 20
175 5
480 5
34 4
429 18
200 18
453 20
78 21
564 9
38 21
16 3
20 22
86 13
102 4
586 9
115 4
62 11
24 22
594 16
29 13
226 10
427 19
159 5
12 6
144 17
570 9
476 18
145 12
280 2
257 2
528 6
262 17
559 3
374 10
246 22
539 7
245 5
385 5
326 13
515 1
67 13
202 4
217 15
387 11
288 14
421 9
255 10
218 22
119 9
326 3
14 13
140 1
362 20
388 19
215 13
509 5
312 1
7 13
120 2
96 21
349 10
120 18
286 19
487 18
542 11
327 9
107 21
346 13
244 15
221 11
189 10
598 13
15 9
381 4
369 10
252 13
221 6
244 8
241 3
329 5
252 17
478 8
12 20
277 3
594 18
81 21
499 21
262 4
504 12
175 7
571 4
457 18
231 15
484 2
353 7
47 19
517 17
136 13
121 11
120 16
498 10
554 20
181 20
347 20
5 13
244 21
500 11
469 13
593 12
147 4
577 4
531 3
137 12
590 9
394 15
105 15
458 14
359 20
35 8
306 5
456 12
227 7
229 5
528 9
59 20
184 14
56 5
19 3
349 11
273 21
473 18
397 8
237 10
208 18
170 18
123 19
136 9
149 3
240 11
580 17
193 4
35 7
136 2
228 10
320 19
569 2
322 21
29 14
585 3
206 11
95 20
196 17
557 16
192 19
262 21
208 3
48 2
356 11
153 10
383 13
140 20
426 12
352 15
41 13
4 20
532 19
164 22
278 5
423 22
462 3
413 22
259 3
558 22
591 15
541 18
545 18
310 21
321 3
380 17
163 13
369 19
526 16
374 14
198 18
115 6
578 8
132 20
365 8
368 15
535 11
355 8
408 6
601 21
562 9
439 17
313 1
135 6
332 10
140 7
311 11
574 18
22 17
483 6
273 13
148 5
112 17
35 1
210 20
56 13
70 2
128 14
390 14
338 4
402 6
89 3
400 15
447 12
185 9
505 17
111 7
495 2
527 4
331 22
486 6
478 17
186 8
421 10
532 18
273 11
103 22
342 19
171 21
63 12
183 5
47 7
165 5
269 15
337 3
19 9
89 15
530 14
46 16
331 5
33 15
566 4
363 4
524 3
136 8
146 14
377 22
593 9
217 8
490 22
22 21
264 6
481 10
354 14
274 20
492 17
61 1
11 15
478 6
281 3
319 22
495 8
320 6
585 14
323 16
110 8
528 21
21 13
471 19
423 21
150 16
342 16
356 21
337 15
426 20
301 8
328 1
38 14
31 15
410 14
278 22
453 7
218 11
508 1
363 3
116 2
366 13
231 18
43 1
442 15
365 8
90 5
53 8
427 16
33 3
235 12
568 1
176 20
243 7
572 4
533 12
122 4
14 15
521 21
85 10
482 17
127 13
66 6
399 15
556 17
486 21
170 10
360 7
554 12
381 12
362 15
304 1
529 3
228 3
104 16
144 7
478 6
382 2
248 20
455 11
350 6
412 18
353 19
265 16
95 4
173 17
436 9
523 1
239 8
172 17
38 2
496 2
195 13
148 15
387 5
65 9
259 3
383 1
148 10
386 12
10 20
92 17
561 8
365 3
420 11
130 20
597 22
459 12
137 16
21 19
520 15
266 16
581 4
507 15
594 2
181 5
274 17
326 13
289 15
322 17
508 4
503 4
538 3
152 20
405 14
75 1
279 15
587 2
340 10
164 18
485 18
500 21
389 6
439 5
431 12
551 15
6 2
544 2
322 17
465 5
294 19
297 7
370 16
79 4
231 4
10 3
496 6
145 3
181 7
493 8
469 13
333 13
200 12
32 1
360 2
43 10
40 10
15 9
558 2
447 14
563 12
162 8
425 1
499 20
13 21
28 22
486 2
320 10
586 18
339 21
505 6
52 4
1 20
221 21
236 11
520 1
70 14
249 7
124 10
342 16
566 21
108 22
46 19
368 3
203 7
358 5
142 16
139 15
185 12
448 14
266 3
499 10
90 20
202 10
404 12
100 12
314 5
154 4
41 14
377 2
379 7
151 22
252 14
368 14
328 4
424 5
582 8
252 3
176 21
571 6
460 17
552 13
68 3
144 12
492 13
565 19
453 22
401 3
376 11
543 16
404 6
458 12
159 16
293 22
172 9
149 17
514 22
82 15
7 16
357 11
522 4
178 2
99 8
31 14
520 8
533 8
330 13
46 22
23 8
249 11
167 5
579 21
547 20
237 3
378 3
315 14
25 5
17 19
453 22
386 21
287 14
587 17
232 7
558 11
460 15
142 22
305 16
302 18
449 2
493 15
345 1
482 20
376 9
119 17
218 2
269 12
14 12
116 16
403 19
308 3
380 21
337 10
400 14
499 2
92 1
338 9
591 4
321 10
469 15
181 15
111 8
521 9
439 2
548 10
62 21
191 13
192 18
60 7
