310 63 4058
0 0 0 1 1 0 1 1 1 0 1 1 0 0 0 1 1 0 0 0 1 1 0 1 0 1 0 1 1 1 1 0 0 1 1 1 1 1 0 1 1 0 0 1 0 1 1 1 1 1 0 1 1 0 1 1 0 1 1 1 0 0 0 
1 0 0 0 1 1 1 1 1 0 1 0 0 0 1 1 0 1 0 1 0 0 0 0 1 1 1 0 0 1 1 0 1 1 1 1 0 0 0 0 1 1 0 1 1 0 0 0 1 0 0 1 1 1 0 1 1 0 1 1 0 0 0 
0 0 0 1 0 0 0 0 1 1 1 0 1 0 1 1 1 1 0 1 0 0 0 1 0 0 0 0 0 1 0 1 0 0 0 1 1 1 0 0 0 0 1 0 0 1 0 1 1 1 0 1 0 0 0 0 1 1 1 1 1 0 0 
0 1 1 0 1 0 0 0 1 1 1 0 0 0 1 1 0 0 1 1 0 1 1 1 0 0 1 0 0 0 1 1 1 1 1 0 0 1 1 0 0 0 0 1 0 0 0 1 0 1 1 0 1 1 1 0 1 1 0 0 0 0 0 
1 1 1 0 0 1 1 0 1 0 1 1 1 1 0 1 0 0 0 0 0 0 1 0 1 1 0 0 0 1 1 0 0 1 1 1 1 0 0 0 1 1 0 0 1 0 1 0 1 1 1 0 0 1 1 1 1 1 0 1 1 0 1 
1 0 1 1 1 1 0 0 1 1 1 0 0 0 1 0 1 0 0 0 1 1 1 0 1 1 0 1 1 0 0 0 1 1 0 1 1 1 0 1 0 1 1 1 1 0 1 1 1 0 0 1 0 1 1 1 0 1 0 0 0 0 1 
0 1 0 1 0 1 0 0 1 1 0 0 0 1 0 1 0 0 0 1 1 1 1 1 0 0 1 0 0 0 0 0 1 1 1 0 0 1 1 0 0 0 1 0 0 1 1 1 1 0 1 1 0 1 1 0 1 1 0 1 0 1 1 
0 1 1 1 0 0 0 1 1 0 0 1 0 0 0 0 0 0 0 0 1 1 0 0 1 1 0 0 1 1 1 1 1 0 0 1 1 1 1 0 0 1 1 1 1 1 0 0 1 0 0 1 0 1 0 0 0 1 1 0 1 1 0 
1 1 0 1 0 0 1 1 1 1 1 1 0 1 1 1 0 0 0 0 1 0 0 0 1 0 1 0 1 0 1 0 0 0 1 0 1 0 0 0 0 1 1 1 1 0 1 1 1 0 0 1 0 0 0 0 1 1 0 0 0 0 0 
1 1 1 0 1 1 1 0 0 1 1 1 0 0 1 1 0 1 0 1 0 0 1 1 0 1 0 0 0 0 0 0 0 1 0 1 1 1 0 1 1 1 0 0 1 0 0 0 0 1 0 1 1 0 1 1 1 1 0 1 0 0 0 
0 0 1 1 0 0 1 0 1 1 1 0 1 0 1 1 0 1 0 0 0 0 1 1 1 0 1 1 1 0 1 1 0 1 0 1 1 0 0 1 0 0 0 1 1 1 1 0 0 1 1 1 0 1 1 0 1 0 1 0 0 1 0 
0 0 1 0 1 0 1 0 0 1 0 1 0 1 0 1 0 1 0 1 0 1 0 0 0 0 0 0 1 0 1 1 1 0 1 0 1 0 0 1 1 0 1 0 0 1 1 0 1 1 0 1 0 0 0 1 1 0 1 0 1 0 0 
1 1 1 1 0 1 0 1 0 1 1 1 1 0 0 1 0 0 1 0 0 1 1 0 0 0 0 0 1 1 0 0 1 0 1 1 0 0 0 0 0 1 0 1 1 0 1 0 1 0 1 1 0 1 1 0 0 0 0 0 1 0 1 
0 0 1 1 1 1 1 1 1 1 1 1 0 0 1 0 0 0 0 0 1 0 0 1 0 1 0 0 0 1 0 0 0 1 1 1 0 0 1 1 0 1 0 0 1 1 0 0 1 1 0 0 0 0 0 1 1 1 1 1 0 1 1 
1 0 1 1 0 1 0 1 0 0 1 0 1 0 1 1 1 0 1 0 0 1 1 1 1 1 1 1 1 0 0 1 0 0 1 1 0 0 0 1 0 0 1 0 1 1 1 0 1 1 1 0 1 0 1 1 1 0 0 0 1 0 0 
0 1 0 1 1 1 1 0 1 1 1 0 1 0 1 0 0 1 0 0 0 0 1 1 0 1 1 0 1 0 1 0 0 0 1 0 0 0 0 1 0 1 1 0 0 1 1 0 0 1 0 1 0 0 1 0 0 0 1 1 1 0 1 
1 1 0 0 0 1 0 0 0 1 1 0 1 1 1 0 0 1 0 0 1 0 1 0 0 0 1 1 0 0 0 0 0 1 1 0 0 1 1 0 1 1 1 1 1 0 0 0 0 1 0 0 1 0 0 0 0 1 0 1 1 1 1 
0 0 0 0 1 0 0 0 1 0 0 0 0 0 1 0 1 0 0 0 0 1 0 0 0 0 0 0 1 1 1 0 1 0 1 1 1 0 1 1 0 0 0 1 1 1 0 1 1 1 0 0 1 0 1 1 0 1 1 1 1 1 0 
0 0 1 1 1 1 0 1 0 0 0 1 0 1 1 1 1 0 0 1 0 1 0 0 0 1 1 1 1 1 0 1 1 0 1 0 0 0 1 0 1 0 0 1 1 0 0 1 1 0 0 1 0 0 1 0 1 1 1 0 0 1 1 
1 0 0 1 1 1 1 1 0 0 1 0 0 1 1 1 1 1 1 0 0 0 0 0 1 0 0 0 0 0 1 1 0 1 0 0 1 0 0 0 0 1 0 1 0 1 0 0 0 1 1 0 0 1 0 0 1 0 1 1 1 0 1 
1 0 0 0 1 0 0 1 0 1 0 1 1 1 1 1 1 0 1 0 0 1 0 1 1 1 1 0 1 0 0 1 1 0 1 1 1 1 1 0 0 0 1 0 1 1 0 1 0 0 1 1 1 0 1 1 1 0 0 0 0 1 1 
0 0 1 0 1 1 0 0 1 1 1 1 0 0 1 0 0 1 0 1 1 1 0 1 0 1 0 1 1 1 0 0 1 1 0 1 0 0 0 1 0 0 0 0 1 1 0 1 0 1 0 1 1 1 0 0 0 1 0 1 1 0 0 
1 1 1 1 0 1 0 0 1 1 0 1 1 1 1 1 1 0 0 0 1 1 0 0 0 0 0 1 0 1 1 0 0 0 1 1 1 0 0 0 1 1 1 0 1 1 0 0 0 1 0 1 1 1 1 0 1 1 1 1 0 1 1 
0 1 0 0 1 0 0 0 1 0 1 1 1 0 1 1 1 0 1 1 1 0 0 1 1 1 1 1 1 1 1 1 1 0 0 1 1 0 1 1 0 1 1 1 0 0 1 0 1 1 0 0 0 0 1 0 0 1 0 1 0 1 1 
1 0 0 1 0 0 1 1 1 1 0 1 1 1 0 0 0 1 1 0 0 1 0 1 1 0 1 0 0 0 1 0 1 1 1 0 0 0 1 1 1 1 0 0 0 0 1 1 1 1 1 1 0 1 1 0 0 1 0 0 1 0 1 
1 0 0 0 0 1 0 0 1 0 1 1 0 1 0 1 0 0 0 1 0 1 0 1 0 1 1 1 0 0 1 0 0 1 0 1 0 0 1 0 1 0 1 1 1 1 0 1 1 0 1 0 0 1 1 0 1 1 0 0 0 0 1 
0 1 0 0 1 1 1 1 1 0 0 1 0 0 1 1 1 0 1 1 1 1 0 1 1 1 1 0 1 1 0 0 0 1 0 1 0 0 1 1 1 1 0 0 0 1 0 1 1 0 0 0 0 1 1 0 0 0 0 1 0 1 1 
1 0 0 1 0 0 0 1 1 1 1 1 1 1 0 1 0 1 1 1 0 1 0 0 0 0 0 1 1 1 1 0 1 0 0 1 1 0 1 1 0 1 0 1 1 1 0 0 1 1 1 1 0 1 1 0 0 1 1 0 0 0 1 
0 1 1 0 0 0 0 1 0 1 1 0 1 0 0 1 0 1 1 1 0 1 0 1 0 1 0 1 1 0 1 1 0 0 1 0 1 0 1 0 0 0 1 1 0 0 1 0 0 1 0 1 1 0 1 0 1 0 1 1 1 0 1 
0 1 0 1 0 0 0 1 1 0 0 1 1 0 1 0 1 1 0 0 0 1 1 0 0 0 0 0 0 0 1 0 0 0 1 1 1 0 0 1 0 0 0 1 1 0 0 0 0 0 0 0 0 1 1 0 1 1 1 1 1 1 0 
0 0 1 0 0 0 1 1 1 1 1 0 1 1 0 1 0 0 0 1 1 1 0 0 1 0 1 1 1 0 1 1 1 0 1 0 0 0 0 0 1 1 0 1 1 1 1 0 0 1 0 0 1 0 1 1 1 1 0 1 0 1 1 
0 1 0 1 1 1 1 0 1 1 1 0 0 0 1 1 1 0 0 0 0 0 1 1 1 0 0 1 0 1 1 0 0 0 1 0 0 1 1 0 1 1 1 0 1 0 0 1 1 1 1 1 1 0 1 0 0 1 0 0 0 1 1 
0 0 0 1 1 0 0 0 1 1 0 1 0 1 0 0 0 0 0 0 1 1 1 0 1 1 0 0 0 0 0 0 0 1 0 0 1 1 1 0 0 1 0 0 1 0 1 1 1 0 1 0 0 1 0 0 1 0 0 0 0 1 0 
0 0 1 0 1 1 0 1 0 0 0 0 0 0 1 1 1 1 1 1 1 1 1 1 0 1 0 1 0 0 1 1 1 1 0 1 1 1 1 0 0 1 0 0 1 0 1 0 0 1 0 0 1 1 1 0 0 0 0 0 0 1 1 
1 1 1 0 0 1 0 1 1 0 0 0 1 1 1 0 1 1 0 0 0 1 0 1 0 0 1 0 1 0 1 0 0 0 1 1 1 0 1 1 0 0 1 1 1 1 1 1 1 1 0 0 1 1 0 0 1 1 1 1 0 0 1 
0 0 0 0 1 0 1 1 1 1 1 0 1 0 0 0 0 0 1 0 0 1 1 0 1 0 1 0 0 0 0 1 0 0 1 0 0 0 1 1 0 0 0 0 1 1 0 0 0 1 1 1 0 0 0 0 0 0 0 1 1 0 0 
0 1 0 1 0 0 0 1 0 1 1 1 0 1 0 1 0 0 0 1 0 1 1 0 1 0 1 1 0 1 0 0 1 1 0 0 0 1 0 0 1 0 1 0 0 0 0 1 0 0 1 0 0 0 0 0 1 0 0 1 1 1 1 
0 1 0 0 1 1 0 1 0 1 1 0 1 0 1 1 1 1 1 0 0 0 1 0 0 0 0 1 0 1 1 1 1 1 1 0 1 1 0 1 1 1 0 1 1 1 1 0 1 1 0 1 1 1 1 0 0 0 1 1 0 1 1 
0 0 1 1 0 1 1 0 0 1 1 0 1 0 1 0 1 1 0 1 0 0 1 1 0 1 1 1 0 1 1 0 0 1 0 1 0 1 0 0 0 1 0 1 0 0 1 0 0 0 1 0 1 1 1 1 0 1 0 1 0 1 1 
1 1 0 0 0 1 1 1 0 1 1 1 1 0 0 0 1 1 1 1 1 1 1 1 0 0 1 0 0 1 0 0 1 1 0 0 0 1 0 1 1 1 1 1 0 1 1 1 1 0 0 0 1 0 0 0 1 0 1 0 0 1 0 
0 1 0 1 0 1 1 1 0 0 0 1 1 1 1 1 1 0 0 1 0 0 1 0 0 0 1 1 0 0 0 1 0 1 0 1 1 0 0 1 1 0 0 1 1 0 1 0 1 1 1 1 0 0 1 0 0 0 0 0 1 1 0 
1 1 1 0 1 0 0 0 0 0 1 0 0 1 1 0 0 0 1 0 0 0 0 0 0 1 0 1 0 0 1 0 0 0 0 0 1 1 1 1 0 0 1 0 1 0 0 0 1 0 1 1 0 1 1 0 0 1 0 1 1 0 0 
0 1 0 1 1 1 1 0 1 1 1 0 0 1 0 0 0 1 0 1 1 1 0 1 0 1 1 0 0 1 0 1 0 1 0 0 0 0 0 1 0 1 0 1 0 0 0 0 0 0 1 1 0 0 0 0 1 0 1 1 0 1 0 
1 0 0 1 0 0 0 1 1 1 0 0 1 0 0 1 1 0 0 0 0 0 0 0 1 1 0 0 0 1 0 1 1 0 0 0 0 0 0 0 1 0 0 1 1 0 0 0 1 0 1 0 1 0 1 1 0 1 1 0 0 0 0 
1 0 0 0 1 0 0 0 0 1 1 1 0 0 0 0 0 0 0 1 0 1 0 1 0 1 1 1 0 0 1 1 1 0 0 0 1 1 1 0 0 0 0 1 1 0 1 0 0 1 1 1 1 1 1 0 1 0 1 0 1 0 1 
0 1 1 0 0 0 0 0 1 1 1 1 1 1 0 1 1 0 1 1 0 0 1 1 1 1 0 1 0 1 0 0 1 0 0 1 0 0 1 1 1 0 1 0 0 0 1 0 1 1 1 1 0 1 1 1 1 1 0 1 0 0 1 
1 0 1 0 1 1 0 0 1 0 0 0 1 1 1 0 1 1 1 1 0 1 1 0 1 1 0 0 1 0 1 0 0 0 0 1 0 0 1 0 0 1 0 0 0 0 1 1 1 1 1 1 0 0 0 1 1 0 1 0 0 0 0 
1 1 1 1 0 0 1 1 0 0 1 0 0 1 1 1 1 1 1 1 1 1 1 0 0 1 1 1 0 0 0 0 1 1 1 1 0 1 0 1 1 1 1 1 1 1 1 0 0 0 0 0 1 1 0 0 0 1 1 1 1 0 1 
0 1 1 1 0 1 1 1 1 1 0 1 0 1 0 1 0 0 0 0 1 1 0 0 1 1 0 1 1 1 1 1 1 1 1 0 1 0 0 1 1 1 1 1 0 1 1 0 0 1 1 1 0 0 1 1 1 0 0 0 0 0 1 
0 0 1 0 0 1 0 1 0 0 0 1 1 0 0 1 0 0 0 0 0 0 1 1 1 1 0 0 0 0 1 0 0 0 0 0 1 1 1 1 0 1 0 1 1 1 0 0 1 1 1 1 1 1 1 0 1 1 1 0 1 0 1 
0 1 0 1 1 1 0 0 0 1 1 0 1 0 0 0 0 1 1 0 1 0 0 0 1 1 0 0 1 0 0 0 1 0 1 1 1 0 1 1 1 1 1 0 0 0 1 1 0 0 1 0 1 0 1 1 0 0 0 0 1 1 1 
0 0 0 1 1 0 1 1 1 0 1 1 1 1 1 1 1 0 0 0 0 1 0 1 0 1 0 0 0 0 0 0 0 0 0 1 1 0 1 1 1 1 0 1 0 1 1 1 1 1 1 0 0 1 0 1 0 0 1 1 0 1 0 
1 0 1 0 0 1 1 0 1 1 0 1 0 1 1 1 0 0 1 1 0 0 0 0 0 0 1 0 0 0 0 1 1 0 0 0 1 0 1 0 0 0 0 0 0 0 1 0 1 0 1 0 0 1 0 0 1 0 0 1 0 1 0 
1 0 0 1 1 1 1 0 1 1 0 1 1 0 0 0 0 1 1 1 1 1 1 0 0 0 1 0 1 1 0 1 1 1 1 0 1 1 1 1 0 1 0 0 1 1 1 0 1 1 0 1 1 1 0 0 0 0 1 1 0 0 1 
0 0 0 1 1 0 0 0 0 0 1 1 0 0 0 1 1 1 0 0 1 1 1 0 1 0 1 1 0 0 1 1 1 0 0 1 0 1 1 0 1 1 0 1 1 0 0 0 1 0 1 0 0 1 0 0 1 1 0 0 0 0 0 
1 0 1 0 0 0 0 0 1 0 1 1 1 0 0 1 1 0 1 0 0 0 1 1 1 0 0 1 0 1 0 0 1 1 1 0 1 1 0 0 1 1 0 0 0 0 0 0 1 0 1 0 0 0 0 1 1 1 0 1 0 1 0 
0 0 0 0 0 0 0 1 1 0 0 1 0 0 0 0 1 0 1 0 0 0 1 1 0 0 0 1 1 1 1 0 1 1 0 1 1 0 0 1 1 1 1 1 1 0 1 1 1 0 1 0 1 1 1 1 1 0 0 0 1 1 0 
1 0 0 1 1 1 0 1 1 1 1 1 1 0 1 1 0 0 1 1 0 0 1 0 0 0 0 1 1 0 1 0 0 1 0 1 0 1 0 1 1 0 1 0 1 1 1 1 1 1 1 1 0 0 0 0 0 0 0 0 0 0 0 
0 1 0 1 1 0 0 0 0 1 0 1 0 1 0 1 1 0 1 0 1 0 0 0 1 1 1 0 1 0 0 0 0 0 0 0 1 0 1 1 0 0 0 0 1 1 1 0 1 1 1 0 1 1 0 0 1 1 0 1 0 1 0 
1 0 0 1 0 0 0 1 0 0 1 0 0 1 1 1 0 1 1 0 1 1 1 1 0 0 0 0 0 1 1 1 0 0 1 0 1 1 0 1 1 0 1 1 1 0 0 0 1 1 0 0 1 1 1 1 0 1 0 1 1 0 0 
0 0 0 1 0 0 0 1 0 1 1 0 1 1 0 0 0 0 1 0 0 0 1 1 0 0 0 1 0 1 0 1 0 0 0 1 1 1 0 1 1 1 1 0 1 1 1 1 1 0 1 0 1 0 0 1 1 1 1 1 1 0 0 
1 0 0 0 1 1 1 1 1 0 0 1 1 0 1 0 1 0 0 1 0 0 1 1 0 1 0 0 1 1 1 0 0 0 1 1 1 1 1 0 1 0 0 1 1 0 1 1 1 0 0 0 1 0 0 0 0 0 0 1 0 0 1 
1 0 1 0 1 0 1 0 1 1 1 1 1 1 1 0 1 0 0 0 0 1 0 0 0 0 0 1 0 1 1 0 1 1 1 1 1 0 0 0 1 0 1 0 0 1 0 1 1 0 1 0 0 0 1 0 1 0 0 1 1 0 1 
1 0 0 0 1 0 1 1 1 1 0 0 0 0 1 1 0 1 1 1 0 1 1 0 0 1 0 0 1 1 1 1 1 0 0 1 0 0 0 0 1 0 1 0 0 0 1 1 0 1 1 0 0 1 0 0 0 0 1 1 0 0 1 
0 0 1 1 1 1 1 0 1 0 1 0 0 0 1 0 1 0 0 1 1 0 0 0 1 1 1 1 0 0 1 1 0 1 0 1 1 1 0 1 0 0 0 1 1 0 1 0 0 0 0 1 0 0 1 1 0 0 0 0 0 0 1 
0 0 1 1 0 0 0 0 1 1 0 0 0 0 0 1 1 1 1 0 1 0 0 1 1 0 0 0 0 0 1 0 0 0 0 1 0 0 0 1 1 1 1 1 0 1 0 0 1 1 1 0 0 0 1 0 1 0 1 0 0 1 1 
0 1 1 1 1 0 1 0 0 1 0 0 0 1 1 0 1 0 1 1 1 1 1 0 1 1 1 1 0 1 0 1 1 1 1 0 1 1 0 1 1 1 1 1 1 0 1 0 1 1 0 0 1 0 0 0 0 1 0 0 0 1 1 
0 1 0 1 0 0 1 1 0 0 1 0 0 1 1 0 0 0 1 0 0 0 1 0 1 1 0 0 0 0 0 1 0 1 0 0 0 1 0 1 0 1 0 1 0 1 0 1 0 1 1 0 0 0 1 1 1 0 0 1 1 0 0 
0 0 1 1 0 0 1 1 1 1 0 1 1 0 1 0 1 1 0 1 1 0 1 0 0 1 1 1 0 1 0 0 0 1 1 1 0 1 1 0 0 1 1 0 1 1 0 1 1 0 1 1 0 1 0 0 1 0 0 0 1 0 0 
1 0 1 0 0 0 1 1 1 1 1 0 1 1 0 0 0 1 0 1 0 0 0 1 1 0 1 0 0 0 0 1 1 1 0 1 1 1 1 0 1 0 0 0 0 1 1 0 1 0 1 1 0 0 0 1 0 0 0 1 1 0 0 
1 0 1 1 1 1 1 0 0 0 0 1 1 0 0 0 0 0 1 1 0 1 1 1 1 0 0 0 0 1 0 1 0 0 0 1 1 1 1 0 1 1 1 0 0 1 0 0 1 0 1 1 1 0 0 1 1 1 1 0 0 0 0 
0 0 0 1 1 1 1 0 0 1 0 1 1 0 1 0 0 0 1 1 0 0 1 0 0 1 1 0 0 1 0 0 1 1 0 0 1 1 1 1 1 0 1 1 0 1 1 1 0 0 1 0 1 1 1 1 0 1 0 1 1 1 1 
1 0 1 0 0 1 1 0 1 0 0 1 0 1 1 1 0 1 0 1 1 0 1 0 0 1 1 1 1 1 0 1 1 0 0 1 1 1 0 1 0 1 1 0 1 0 1 0 0 1 0 1 0 1 0 0 0 1 0 0 1 0 0 
1 1 0 0 0 1 1 0 1 1 0 0 0 1 0 0 1 0 1 1 1 0 0 0 0 0 0 0 1 0 1 0 0 1 0 0 1 0 1 1 0 0 0 1 0 0 0 0 1 1 0 1 0 1 1 1 0 1 0 0 1 0 0 
0 1 1 1 0 0 0 1 1 0 0 0 1 0 0 1 0 0 1 0 1 0 0 0 1 0 1 0 0 0 1 1 0 0 1 0 0 0 0 1 0 1 1 0 1 0 1 1 0 0 1 0 1 0 1 1 0 1 1 1 1 1 1 
0 0 0 1 1 0 1 1 1 1 1 0 1 1 1 0 1 0 1 0 1 1 0 0 0 0 0 1 1 1 1 0 0 1 1 0 1 0 1 1 1 0 0 0 0 1 0 1 1 0 1 1 0 1 0 1 1 0 0 0 1 1 1 
1 0 0 1 1 1 0 0 1 1 0 0 1 1 1 1 0 0 0 0 1 1 0 1 1 1 0 1 0 0 1 1 0 0 0 1 1 1 0 1 1 1 1 1 0 1 1 0 1 1 0 0 1 0 0 1 0 1 0 1 0 0 0 
1 0 1 0 1 0 0 1 0 1 0 0 1 1 1 0 1 0 0 0 0 0 0 1 1 0 0 0 0 1 0 0 1 0 0 0 1 1 1 1 1 0 1 1 1 1 1 0 0 0 0 0 1 1 0 0 1 0 0 0 0 0 0 
0 1 1 1 0 1 1 0 1 1 1 0 0 0 0 1 1 1 1 1 1 1 1 0 1 1 0 1 0 0 0 1 0 1 0 1 1 0 1 0 1 1 0 0 1 1 1 0 1 0 0 0 1 0 0 1 1 0 1 0 0 0 1 
0 0 1 0 0 1 1 0 1 0 1 0 0 1 0 1 1 0 1 0 0 0 1 1 0 1 0 0 0 0 0 0 1 0 1 0 1 0 0 0 0 0 1 1 0 0 1 1 1 0 0 1 1 0 0 1 1 0 1 1 0 0 0 
0 1 0 1 1 1 0 1 0 0 0 0 1 1 1 1 0 1 1 1 1 0 1 1 1 1 1 0 1 0 1 1 0 1 0 0 0 0 1 0 0 1 0 0 1 1 1 1 0 1 1 1 0 0 1 1 0 1 0 1 0 0 1 
1 1 1 0 1 1 1 0 0 1 0 1 1 0 1 0 0 0 1 0 1 0 1 0 0 0 1 0 0 1 0 0 0 0 0 1 1 1 1 0 1 1 1 1 0 1 0 0 0 0 0 1 1 0 0 1 0 1 0 1 0 0 0 
0 1 0 1 1 0 1 0 1 1 1 1 1 1 1 0 1 1 1 1 0 1 0 0 0 0 0 0 1 0 0 0 1 1 0 0 0 0 0 0 0 1 0 1 1 0 0 0 1 1 1 0 1 0 1 1 1 0 1 0 0 0 0 
0 0 0 1 1 0 0 1 0 1 0 0 1 1 0 0 1 0 0 1 0 0 0 1 1 0 1 1 1 0 0 1 0 0 0 1 1 1 0 0 1 0 0 0 0 1 1 0 1 0 0 0 0 1 1 0 1 1 1 1 1 1 0 
0 0 1 0 1 1 1 0 0 0 1 1 0 1 1 0 0 1 0 1 0 0 0 1 1 0 0 0 0 1 1 0 0 1 0 0 0 0 0 1 1 0 0 0 1 0 0 1 1 1 0 1 0 1 1 1 1 1 1 1 1 1 0 
0 0 0 1 0 1 0 0 0 0 1 1 1 1 0 1 0 0 0 0 0 0 0 1 0 0 1 0 0 1 0 0 0 0 0 0 1 1 1 0 1 1 1 1 0 1 0 0 0 0 1 0 1 1 1 0 0 0 0 1 0 0 1 
0 1 1 1 1 1 1 1 0 0 1 1 0 1 0 0 0 1 0 0 0 1 1 0 1 1 0 0 1 1 1 1 0 0 0 1 0 0 0 1 1 1 1 0 1 1 1 0 1 1 0 0 0 1 1 0 0 1 0 0 0 1 0 
0 0 0 0 1 1 1 1 1 0 0 1 0 1 1 1 1 1 1 1 1 0 1 0 0 0 1 1 1 0 1 0 0 0 1 0 0 0 0 1 1 1 0 0 0 0 1 1 0 0 0 1 0 1 1 1 1 0 0 0 1 1 1 
1 1 0 1 1 1 0 0 0 1 0 0 0 1 0 1 0 0 0 0 1 0 1 0 1 0 0 0 0 1 1 1 0 1 0 1 0 0 1 1 1 0 0 0 0 1 1 1 0 0 1 1 1 0 1 1 0 1 1 1 0 0 0 
1 0 0 0 0 0 1 0 1 1 0 0 0 0 1 1 0 0 0 0 1 0 0 0 1 1 0 1 1 1 0 0 0 1 1 1 1 0 0 0 1 1 1 0 1 1 0 1 1 1 0 1 0 1 0 0 0 0 0 0 1 0 1 
0 1 0 1 1 0 0 1 1 1 0 1 1 1 0 0 1 0 0 1 1 1 0 0 1 0 0 0 1 1 1 0 0 0 1 1 0 1 1 0 1 1 0 1 1 0 0 0 0 1 0 0 1 1 0 0 1 1 1 0 0 1 1 
1 0 1 1 1 0 0 0 1 1 0 0 0 0 1 0 0 0 0 0 1 1 0 1 0 0 1 0 1 1 0 0 0 0 0 0 1 1 1 0 0 0 0 0 1 0 0 1 1 0 1 1 1 1 0 0 1 1 0 0 0 0 0 
0 1 0 0 1 0 1 0 0 1 0 1 1 0 1 1 0 0 0 1 1 1 1 1 1 0 0 0 1 1 1 0 0 1 0 0 1 1 0 1 0 1 0 0 1 1 1 1 1 1 1 1 1 1 1 0 1 0 1 1 0 1 1 
0 1 0 0 0 1 1 0 0 1 1 0 0 1 1 1 0 1 1 1 1 0 0 0 0 1 1 1 1 1 1 0 0 1 1 0 0 0 0 1 1 1 0 0 1 0 1 1 1 1 0 1 1 1 0 0 1 0 0 1 1 1 1 
1 1 0 1 0 0 0 1 0 0 1 0 0 1 1 1 0 0 0 1 1 0 1 0 1 1 1 1 0 0 0 1 0 1 1 1 1 1 0 1 1 1 1 1 0 1 1 0 1 1 1 1 0 0 1 1 0 0 0 0 1 1 1 
0 0 1 0 1 1 1 0 0 0 0 0 0 0 1 0 1 0 1 1 0 0 1 0 1 1 1 0 1 0 0 1 1 1 1 0 1 0 0 0 1 1 0 1 0 1 1 1 0 1 0 1 1 1 0 1 1 0 0 1 1 1 1 
1 1 1 1 0 1 0 1 1 0 0 0 1 1 1 1 1 0 0 1 1 1 1 1 1 0 1 1 0 0 0 1 0 1 0 0 1 1 1 1 0 1 1 0 1 0 1 0 1 0 1 0 0 0 0 1 0 0 1 1 1 0 0 
1 0 1 1 0 0 1 1 0 1 1 0 0 1 0 0 0 1 0 1 1 0 1 0 0 1 1 0 0 1 0 1 0 0 1 0 1 0 1 0 0 0 0 0 1 0 0 0 1 1 1 1 1 1 1 1 0 1 1 0 1 1 1 
1 0 0 0 0 0 0 1 1 0 0 0 1 1 0 0 1 0 1 0 1 0 0 0 0 0 1 1 0 1 1 1 0 1 1 1 0 0 0 1 0 0 0 1 1 0 1 0 1 0 1 1 0 0 0 1 1 0 0 1 0 1 1 
1 0 1 1 0 0 0 1 0 1 0 0 0 0 0 0 1 0 1 0 0 0 0 0 1 0 0 1 1 0 1 0 0 0 0 1 0 0 0 1 1 1 0 1 0 0 0 0 0 1 1 0 0 1 0 1 0 1 1 1 0 0 1 
0 0 1 0 0 0 0 0 0 1 1 1 0 0 1 1 0 0 1 1 0 0 1 0 1 0 0 1 0 1 0 1 0 1 1 1 0 0 0 0 0 0 0 0 0 0 1 1 1 1 0 1 0 1 1 1 0 0 1 0 1 0 1 
1 1 0 1 1 0 1 1 0 1 0 1 1 0 0 0 0 1 0 1 1 0 0 1 1 0 1 0 1 0 1 0 1 0 0 1 0 0 0 0 1 0 0 0 0 0 1 0 0 0 0 0 0 0 1 0 1 0 0 1 1 0 1 
1 1 0 0 1 1 1 1 1 1 0 1 1 1 0 0 0 0 0 1 1 0 0 0 0 1 1 1 1 0 1 1 1 0 0 1 1 1 1 1 1 0 0 1 1 1 1 1 0 0 0 1 0 1 1 0 0 1 0 0 0 0 1 
0 0 1 1 1 1 1 1 0 0 0 0 1 0 0 1 1 0 0 0 1 1 0 0 0 0 0 0 1 1 1 0 1 0 0 0 0 0 1 0 1 0 0 1 0 1 0 1 1 0 1 0 0 1 1 0 0 0 0 1 0 1 1 
1 0 1 1 1 1 0 1 1 1 1 0 0 0 1 0 0 1 0 0 0 0 0 1 1 1 1 1 1 1 1 0 0 1 1 1 1 1 0 0 1 0 1 0 0 0 1 0 1 0 0 1 1 0 1 0 0 0 0 0 1 0 0 
0 0 1 0 0 1 1 1 1 1 1 0 1 0 1 0 1 1 1 0 0 1 1 1 0 0 1 1 0 1 1 0 0 0 1 1 0 0 1 1 1 1 0 1 0 1 1 0 0 1 0 1 0 1 0 0 0 0 0 1 1 0 0 
0 1 0 0 0 0 1 1 1 0 0 0 0 1 0 1 0 0 0 0 1 1 1 1 0 0 1 0 0 1 1 0 1 0 0 0 0 0 1 0 0 0 0 0 0 0 1 0 0 1 0 1 0 1 0 0 1 0 1 0 0 0 1 
0 1 1 1 1 0 0 1 1 1 1 1 0 0 0 1 0 1 1 0 0 0 0 1 0 1 1 1 1 1 0 1 1 1 0 0 1 0 1 1 1 1 1 0 1 0 1 1 1 1 0 0 0 1 1 1 0 1 1 1 0 1 0 
1 1 1 0 1 0 0 1 0 0 0 0 0 0 0 1 0 0 1 0 0 1 1 1 1 1 1 0 0 1 0 1 0 0 1 0 0 0 0 1 1 1 1 0 1 1 1 1 1 0 0 1 0 0 0 0 0 1 0 1 0 0 0 
1 0 1 1 0 0 1 0 1 1 1 0 1 1 1 0 1 1 0 0 1 0 1 0 0 1 1 0 1 0 0 1 0 0 1 0 0 1 1 1 1 1 0 1 1 1 1 1 1 1 1 0 1 1 1 1 1 0 1 0 0 1 0 
1 1 0 1 0 0 0 0 1 0 0 0 0 1 1 1 1 0 0 1 0 0 0 1 0 0 0 0 0 0 0 1 1 0 1 1 0 0 0 1 0 0 1 0 1 0 0 0 0 0 1 0 0 0 0 0 1 1 0 1 0 0 0 
1 1 1 0 1 0 1 0 1 0 1 1 1 0 1 1 0 0 1 0 1 1 1 1 0 0 0 1 0 1 0 1 0 1 1 0 1 1 0 1 1 1 0 1 0 1 0 1 0 1 0 0 1 1 0 0 1 1 0 0 0 1 0 
0 0 1 0 0 0 1 1 1 1 1 1 1 0 0 1 1 1 1 0 0 0 0 1 0 0 0 0 0 1 1 0 1 1 1 0 0 0 0 0 1 1 0 0 0 1 0 1 0 1 0 1 1 1 0 0 0 0 1 0 0 0 0 
1 0 1 0 0 1 1 1 1 1 0 0 0 1 1 1 1 1 1 0 1 0 1 1 0 1 0 0 0 1 0 0 1 0 1 1 1 0 1 1 1 0 1 1 0 1 1 1 0 0 1 0 0 0 0 0 1 0 0 0 1 0 1 
0 0 0 0 0 0 0 1 0 0 0 1 1 0 1 0 0 0 0 0 0 1 0 1 1 1 0 1 1 1 1 0 1 1 0 1 0 0 1 1 1 0 0 0 1 0 0 0 0 1 1 1 1 0 0 0 1 1 1 0 1 0 1 
0 0 1 0 0 1 0 1 1 0 0 1 0 1 1 1 0 1 1 1 0 0 1 1 0 0 1 0 1 0 0 1 1 0 0 1 0 1 1 0 1 1 1 1 1 1 1 0 0 1 0 1 0 1 1 0 0 1 0 0 0 0 0 
0 0 1 0 1 1 0 0 0 0 0 1 1 1 1 0 0 1 1 0 0 0 0 0 0 0 0 0 0 0 1 1 1 0 0 0 1 1 0 0 0 1 1 0 1 0 1 0 1 0 1 1 1 0 1 1 0 1 1 1 1 0 1 
1 0 1 1 0 1 0 1 1 0 0 0 1 0 1 0 0 1 1 1 1 1 1 0 1 1 0 1 0 0 1 0 0 0 0 0 0 1 1 1 1 1 0 1 0 0 1 1 1 1 1 0 0 0 0 0 1 0 1 0 1 0 1 
0 0 1 1 0 1 0 0 1 0 0 0 0 1 0 1 0 0 0 1 0 1 1 1 1 1 0 0 1 0 1 0 0 0 0 1 0 1 1 1 1 1 0 0 1 0 1 1 0 0 0 0 1 1 1 1 1 0 0 1 0 0 0 
0 0 1 1 1 1 0 0 1 0 1 0 1 1 0 0 0 1 0 1 0 1 1 1 1 0 1 0 0 0 0 1 0 0 1 1 1 0 1 1 1 1 0 1 1 0 0 0 0 1 1 0 1 1 1 0 1 0 0 1 1 1 0 
1 0 0 0 1 0 1 0 1 1 1 0 0 1 0 0 0 0 0 0 1 0 1 1 1 1 1 1 0 0 1 0 0 0 0 0 0 0 0 0 0 0 1 1 0 0 1 0 1 1 0 0 1 0 1 0 1 0 1 1 0 1 0 
0 1 0 0 1 1 0 0 1 1 1 1 0 0 0 1 0 1 1 1 1 1 1 0 0 1 1 0 0 0 0 0 0 1 1 0 0 0 1 1 1 1 0 0 1 0 0 1 1 1 1 0 1 0 0 0 1 0 0 0 0 0 1 
0 1 0 1 1 0 0 1 1 1 1 0 1 0 1 1 0 0 0 1 1 1 1 0 1 0 0 0 0 0 0 0 0 0 1 0 1 1 1 1 0 1 0 1 0 0 0 1 0 1 1 0 1 1 1 1 1 0 0 0 0 1 1 
1 1 1 0 0 0 1 1 0 0 1 0 0 0 0 0 0 0 0 1 1 1 1 1 0 0 1 1 1 1 1 1 1 1 0 0 0 0 1 1 0 1 0 0 0 1 0 0 1 0 1 1 0 1 0 1 0 1 1 0 1 0 0 
1 1 1 1 1 1 1 1 0 0 1 0 0 1 1 0 0 1 0 0 0 0 1 0 0 1 1 0 0 0 0 0 0 0 1 1 0 1 1 1 0 1 1 1 1 0 0 1 1 1 0 0 0 0 0 0 0 0 0 0 0 1 0 
1 1 0 1 1 0 1 0 0 1 1 1 0 1 1 0 1 1 0 0 0 0 0 1 0 0 0 1 0 1 1 0 0 1 1 1 1 0 0 0 0 0 1 1 0 1 1 0 0 1 0 0 0 0 1 0 0 0 1 0 1 1 1 
1 0 1 0 0 1 1 0 1 1 0 1 1 1 0 1 0 0 1 1 1 0 0 0 0 1 0 1 1 1 1 1 1 1 1 0 0 1 1 0 0 0 1 0 1 1 1 0 1 0 0 0 1 1 1 1 1 1 0 1 0 0 0 
0 1 1 0 1 0 0 1 0 1 0 0 1 1 1 1 0 0 1 1 0 1 1 0 0 1 1 1 0 1 1 1 1 1 0 0 0 1 0 1 1 0 1 0 0 1 1 0 1 1 1 0 1 0 0 1 0 0 1 1 1 1 0 
1 0 0 1 0 0 1 1 1 0 1 1 0 0 1 1 1 1 0 0 0 0 0 1 0 0 0 1 1 0 0 1 1 1 0 1 0 1 0 0 0 1 0 0 1 1 1 1 0 0 1 0 1 0 1 0 0 1 1 0 0 1 1 
1 0 1 0 1 1 0 0 0 1 1 0 0 1 0 0 0 1 0 0 0 0 1 1 0 1 0 1 0 0 0 1 0 1 1 0 0 0 0 1 1 1 1 0 0 0 0 0 0 1 1 0 0 1 0 0 1 0 1 0 1 1 0 
0 0 1 0 1 1 1 1 0 1 1 1 0 1 1 1 1 1 1 1 1 0 1 0 1 1 0 0 1 1 1 1 1 0 0 0 1 1 1 0 0 1 1 1 1 1 0 0 1 0 1 0 0 1 1 1 0 1 0 0 0 1 0 
1 1 1 1 1 1 1 0 0 1 1 1 0 1 0 0 0 0 0 1 1 1 0 0 1 0 1 1 0 0 0 1 0 1 1 1 1 1 0 1 1 0 1 1 0 0 1 0 1 1 1 0 1 1 1 1 1 1 1 0 0 0 0 
1 1 0 0 1 0 1 0 0 0 1 1 0 1 0 0 1 0 1 1 0 0 0 0 1 1 0 0 0 1 0 1 1 0 0 0 0 0 1 1 0 1 0 0 0 1 1 1 0 0 0 1 0 1 1 0 1 1 1 0 0 0 0 
1 1 1 0 1 1 1 1 0 0 0 1 1 1 1 1 1 0 1 1 1 0 1 0 1 1 1 1 1 0 1 1 1 0 0 0 0 1 1 0 1 1 1 0 1 1 1 0 0 0 1 0 1 0 0 0 1 0 0 0 0 1 1 
1 0 1 0 0 0 0 0 1 0 0 1 0 1 0 0 1 1 0 1 1 0 1 1 1 0 1 0 1 0 1 1 1 0 1 0 0 1 1 1 0 0 1 0 1 0 1 1 0 0 1 0 0 0 0 0 0 1 1 0 0 1 0 
1 1 1 1 1 0 1 1 1 0 1 1 0 0 1 0 0 0 1 0 1 1 1 1 0 1 1 1 1 0 1 1 1 0 1 1 1 0 1 1 1 1 0 0 0 0 1 0 0 0 1 0 1 0 0 0 0 0 1 0 1 1 0 
1 0 0 1 0 0 0 1 0 1 1 1 1 1 1 1 0 0 0 0 0 0 1 1 0 0 1 0 1 1 1 0 0 1 1 1 0 1 0 1 1 1 0 0 0 1 1 1 1 0 0 0 1 0 1 1 1 1 0 1 0 0 0 
1 1 1 1 1 1 1 1 0 1 0 0 0 0 1 0 1 0 1 1 0 0 0 0 0 0 0 1 1 0 0 0 1 0 0 1 0 0 0 1 0 1 1 0 1 0 0 0 0 0 0 0 0 0 1 1 0 0 1 0 1 1 0 
1 1 1 1 1 1 0 1 0 1 0 1 0 1 0 0 0 1 0 1 1 0 1 1 1 0 0 1 0 0 1 1 1 0 1 1 0 0 0 1 0 0 0 0 1 1 1 0 1 1 1 1 1 1 0 1 0 0 1 1 1 0 1 
1 1 1 1 0 0 1 1 0 1 0 0 0 0 1 1 0 1 0 1 1 0 1 1 0 0 0 0 1 1 1 0 1 1 0 0 1 0 0 1 1 1 1 1 1 1 1 1 1 1 0 1 1 0 1 0 0 0 1 0 1 0 0 
1 0 1 1 1 0 0 1 0 1 0 1 0 1 0 0 1 0 1 1 1 1 1 1 0 0 1 1 1 0 0 0 1 0 1 1 0 0 0 0 1 0 1 0 0 0 1 1 0 1 1 1 1 0 1 1 0 1 1 0 0 1 1 
0 0 1 1 1 1 0 1 1 0 1 0 0 0 0 0 0 1 1 1 0 0 1 0 0 0 1 1 1 0 1 1 0 0 0 1 0 1 0 0 0 0 1 1 0 1 1 0 1 1 1 1 0 1 1 0 0 1 0 1 1 0 0 
0 0 1 0 1 1 0 0 1 1 0 0 1 1 1 1 0 0 1 1 0 0 0 0 0 0 1 1 1 0 1 0 1 0 0 0 1 1 1 1 1 0 1 0 0 1 1 1 0 1 1 1 0 1 1 0 0 0 1 1 1 0 0 
1 0 0 0 0 0 1 1 1 0 0 0 0 0 0 0 0 1 0 0 1 0 1 1 1 1 0 1 1 1 1 0 0 0 0 0 0 0 0 1 0 0 0 1 1 1 1 1 1 1 1 0 0 1 0 0 1 0 1 0 0 1 1 
1 1 0 0 1 0 1 1 0 0 1 0 1 0 0 0 1 0 0 0 1 0 1 1 1 0 1 1 1 0 0 0 0 0 0 1 1 0 1 0 0 0 1 0 0 1 1 1 1 1 0 1 0 1 0 0 1 0 0 0 1 1 0 
0 1 1 0 0 0 0 0 1 0 1 0 1 1 0 0 1 0 1 1 0 0 0 0 1 1 1 0 1 1 0 0 1 0 1 1 1 1 0 0 0 0 1 0 1 0 1 0 0 1 1 1 0 0 1 1 1 0 1 0 0 1 0 
1 1 0 0 0 0 0 0 1 0 1 0 1 0 0 0 1 0 1 0 1 0 1 1 1 0 1 0 0 1 0 1 1 0 0 0 1 0 0 0 0 1 1 0 0 1 0 1 1 0 0 0 1 0 1 1 0 0 1 0 1 1 0 
0 0 1 0 1 1 1 0 1 0 1 1 1 1 0 0 0 0 1 1 1 0 0 0 1 1 0 0 1 1 0 1 0 0 1 0 0 0 1 1 0 1 1 0 0 1 1 1 1 0 1 1 1 1 1 1 0 0 0 1 0 0 1 
0 1 1 0 1 0 0 1 0 0 0 0 1 0 1 1 1 0 0 0 1 0 0 1 0 1 1 1 1 0 0 1 0 0 0 0 1 0 1 1 1 1 1 0 1 0 0 0 1 1 1 0 0 0 1 0 0 1 0 1 1 1 1 
1 1 0 0 0 1 0 1 1 1 1 0 1 0 1 1 1 1 0 1 1 1 1 1 0 0 0 1 0 0 0 1 1 1 1 1 0 1 0 0 0 0 1 1 0 1 1 0 0 0 1 1 0 1 1 1 0 1 0 0 1 1 0 
0 0 1 1 0 0 1 1 1 0 1 0 1 1 1 0 0 1 1 1 1 0 0 0 1 1 0 0 1 0 1 1 1 1 1 1 1 1 0 0 0 0 0 1 0 0 1 0 0 1 1 1 1 1 1 1 0 1 1 1 1 1 1 
0 0 0 0 0 0 1 1 1 0 0 0 0 1 1 0 0 0 0 1 1 1 1 1 1 0 0 1 0 0 1 0 1 0 1 0 1 1 0 0 1 0 0 0 1 1 1 1 1 1 0 1 0 1 1 1 1 1 0 0 1 1 1 
0 1 0 1 1 1 0 1 1 1 0 1 1 0 0 1 1 0 1 0 0 1 0 1 0 1 1 0 0 0 1 1 0 1 0 0 0 0 0 0 1 1 0 1 0 0 1 1 1 1 0 1 0 0 0 1 1 1 0 1 0 1 0 
1 1 1 0 0 0 0 1 0 0 0 0 1 1 0 1 1 0 0 0 0 0 0 0 0 1 0 0 1 1 0 0 1 0 0 1 0 1 0 0 1 1 1 0 1 1 1 1 1 0 0 0 0 0 1 1 0 1 1 1 0 1 1 
0 1 0 1 0 1 1 1 0 1 1 0 1 1 1 0 0 0 0 0 0 0 1 0 1 1 0 1 1 0 0 1 1 0 1 0 1 0 1 1 1 1 1 0 0 0 0 1 0 1 1 1 1 1 0 0 1 0 0 0 1 1 1 
1 1 1 0 1 1 1 1 1 1 1 0 0 1 0 0 0 0 0 0 1 0 0 0 1 0 0 0 0 1 0 1 0 1 0 1 1 0 0 0 0 0 1 1 0 1 1 1 1 0 1 0 0 1 0 0 0 1 1 1 1 1 0 
0 0 1 1 1 1 0 1 1 0 0 0 1 0 0 0 1 0 0 0 0 0 1 1 0 0 1 1 0 1 1 1 1 0 1 0 0 0 1 0 1 0 0 0 0 1 0 1 0 0 0 1 1 1 1 1 1 1 0 0 0 0 1 
1 0 0 1 0 1 1 1 1 1 1 0 1 1 0 1 0 1 0 0 1 1 1 0 0 0 0 1 0 0 0 1 1 1 1 1 0 1 0 0 0 0 1 1 0 1 0 0 0 0 0 0 1 1 0 1 1 0 1 0 0 1 1 
1 1 0 0 1 0 1 1 0 1 1 0 1 0 1 0 1 1 0 0 0 1 1 0 0 1 0 1 1 1 1 1 0 1 1 1 1 0 0 1 0 0 0 1 1 1 0 0 1 0 0 0 0 1 1 1 0 0 1 1 0 1 1 
1 0 0 1 1 0 0 0 1 0 0 0 1 1 1 1 0 0 1 1 1 1 0 0 0 1 0 0 1 1 0 0 0 1 0 0 0 0 1 0 1 1 0 0 1 1 0 1 1 1 0 0 1 1 0 1 0 1 1 0 0 0 1 
1 1 1 0 1 1 0 1 0 0 0 1 1 0 0 0 0 0 0 0 0 0 1 1 0 0 0 1 0 0 1 0 1 0 0 0 1 1 1 0 1 1 1 1 0 0 0 1 1 1 1 1 0 1 0 0 1 0 0 1 0 0 0 
1 1 1 0 0 0 0 1 1 1 0 0 0 0 1 0 1 0 1 1 0 1 1 0 1 1 0 1 0 1 1 0 1 0 1 1 1 0 1 0 1 1 0 0 1 0 0 0 0 1 1 1 1 0 0 1 1 0 1 1 0 0 0 
1 0 1 1 1 1 1 1 1 0 0 0 0 1 0 0 1 0 1 1 1 0 1 1 0 0 1 0 0 1 0 1 1 0 1 0 0 0 1 0 1 0 0 0 0 1 1 1 1 1 1 1 0 0 1 0 0 0 0 1 1 0 0 
0 0 0 0 1 1 1 1 1 0 0 0 1 1 0 1 0 0 0 0 0 0 1 1 0 1 0 1 1 0 1 1 1 0 1 1 0 0 1 1 1 1 0 0 0 1 1 1 0 1 0 1 1 1 1 0 0 0 0 0 1 1 0 
0 0 1 1 1 1 0 1 0 0 0 0 1 1 0 1 1 1 1 1 0 1 1 0 1 0 1 0 1 1 0 0 1 1 1 0 1 1 0 1 0 0 1 0 1 0 0 1 0 0 0 1 1 1 0 1 0 1 0 1 1 0 1 
1 1 1 1 0 0 1 1 1 1 0 0 1 1 0 1 0 1 0 1 1 0 1 0 1 0 0 1 1 1 1 0 0 1 1 1 1 1 1 0 1 0 1 1 0 0 0 1 0 0 1 0 1 0 1 1 0 1 0 0 0 0 0 
1 1 0 0 1 0 1 1 1 1 0 0 0 0 1 1 0 1 0 1 0 1 0 0 1 0 0 1 1 1 0 0 1 0 1 0 0 0 0 0 1 0 1 1 1 0 1 1 1 1 1 1 1 0 1 1 0 0 1 1 1 0 0 
0 1 0 1 0 0 1 1 0 1 0 1 1 1 1 0 0 0 1 0 0 1 0 0 1 1 0 1 1 0 0 1 0 1 1 1 0 1 1 1 1 1 1 1 1 0 0 1 0 0 1 1 1 0 1 1 0 0 0 1 0 1 0 
0 1 0 0 0 0 1 1 1 1 0 1 1 1 1 0 1 1 0 1 1 1 1 0 0 0 1 1 1 0 1 1 0 1 0 1 1 0 1 1 0 1 0 1 0 0 1 0 1 1 0 0 1 0 0 1 0 1 0 1 0 0 0 
1 1 1 1 0 0 1 1 1 1 0 1 1 1 0 0 0 1 0 0 1 0 0 1 1 1 1 1 0 0 1 0 1 0 0 1 0 0 1 1 0 1 0 0 1 1 0 0 0 1 0 1 0 1 0 1 0 0 0 1 1 0 1 
1 0 1 0 1 1 0 0 0 0 1 1 1 0 1 1 0 1 1 1 0 1 0 1 0 0 0 1 1 1 0 1 1 0 1 0 1 1 1 1 0 1 0 1 1 1 0 1 1 1 1 1 1 1 0 1 0 0 0 1 1 0 1 
0 1 1 0 0 0 0 0 1 1 0 0 1 0 0 1 0 1 0 0 0 1 0 0 1 1 0 1 1 0 0 0 0 1 0 1 1 1 1 0 0 1 0 0 1 1 1 0 1 1 1 0 0 0 0 1 0 1 0 0 1 0 1 
0 1 1 1 1 0 0 1 0 1 0 1 1 1 0 1 0 1 1 1 0 0 0 1 1 0 0 1 0 0 1 1 0 0 0 0 0 1 1 0 0 1 1 1 0 0 1 0 1 1 1 0 0 1 1 0 0 0 0 1 1 0 1 
1 1 0 0 0 1 1 0 0 1 0 1 0 0 1 0 0 1 0 1 1 0 1 1 0 0 0 0 0 0 1 0 0 0 0 1 0 0 1 1 1 1 0 0 0 0 0 1 1 1 0 1 1 1 1 0 1 1 1 0 1 0 1 
0 0 1 1 1 1 0 1 0 0 0 0 1 0 1 1 1 0 0 1 1 1 0 0 0 1 0 0 0 1 0 1 1 1 1 1 1 1 1 0 1 0 1 1 0 1 1 1 1 0 0 0 1 1 1 0 0 0 1 1 0 0 1 
1 0 1 1 0 1 0 0 1 1 1 1 0 1 1 1 0 1 1 1 0 1 0 0 0 0 1 1 1 0 0 0 1 1 1 0 1 1 0 0 0 0 1 0 0 0 0 0 0 0 1 0 0 0 0 0 0 1 0 0 1 0 1 
0 0 0 0 1 1 0 1 0 1 0 0 0 1 1 1 1 1 0 0 1 0 0 1 1 1 0 1 0 1 0 1 1 1 1 0 1 0 0 0 1 1 1 1 0 1 1 0 1 0 1 1 1 0 1 0 0 0 1 1 0 0 0 
0 0 0 0 1 1 1 1 1 0 1 1 0 0 1 0 1 1 0 1 1 1 0 1 1 0 1 0 1 1 1 0 0 1 0 1 1 1 1 1 0 0 0 0 1 1 0 1 1 0 1 0 0 0 0 0 0 0 1 0 1 1 0 
1 1 1 0 0 1 0 0 0 1 1 1 0 1 0 1 1 0 1 0 1 0 1 0 0 0 1 1 0 1 0 0 1 1 0 0 0 0 0 1 1 1 0 0 1 1 0 0 0 0 1 0 0 1 1 0 1 1 0 1 0 0 1 
1 0 0 0 1 0 1 1 1 1 0 0 1 0 1 0 1 1 0 0 1 0 0 1 0 0 1 0 1 1 0 0 0 0 1 1 1 0 1 0 0 0 0 0 1 1 1 1 0 1 1 1 0 0 1 1 0 1 1 1 0 1 1 
0 0 1 1 0 1 1 1 0 1 1 0 1 1 0 0 0 1 1 1 1 1 0 0 0 1 0 1 0 1 0 1 0 1 0 0 1 0 1 0 0 1 0 1 0 1 1 0 1 0 0 0 1 1 0 0 1 0 1 0 0 1 0 
1 1 0 0 0 0 0 0 1 1 0 1 1 0 0 0 1 1 0 0 0 0 1 0 1 1 0 0 0 0 1 1 0 0 1 1 0 1 0 0 1 1 0 0 0 1 1 1 1 0 0 0 1 1 1 0 0 1 1 1 1 1 1 
1 0 0 1 0 0 1 0 1 0 0 0 1 1 0 0 0 1 1 1 0 0 1 0 0 1 0 1 0 0 0 1 0 1 0 1 1 0 0 1 0 0 0 1 0 0 0 0 0 1 0 1 0 0 0 0 0 0 1 1 1 1 0 
0 1 1 0 1 0 1 0 0 1 1 0 1 1 1 0 1 1 1 1 0 0 1 1 0 1 0 1 0 0 0 0 1 0 1 1 0 1 1 1 0 1 0 1 1 1 0 1 0 0 1 0 1 0 1 1 1 1 1 1 0 0 0 
1 0 1 0 0 1 0 0 0 1 1 0 0 0 0 0 0 0 1 1 0 1 0 1 1 1 0 0 1 0 1 0 1 0 0 1 0 0 1 1 1 1 1 1 0 1 0 0 0 1 1 0 1 1 0 1 0 1 0 1 0 1 1 
0 1 0 1 1 0 1 0 0 1 0 1 1 1 0 1 0 0 0 0 1 0 0 0 1 1 0 1 0 1 1 0 0 0 0 0 1 1 0 0 0 0 0 1 0 1 1 1 0 1 0 1 1 0 0 1 0 1 0 1 0 1 1 
0 0 1 1 1 0 0 0 1 1 1 1 1 1 1 0 0 0 1 1 0 0 1 1 1 0 1 0 0 1 1 0 1 0 1 0 1 1 1 1 0 1 1 1 0 0 1 1 0 1 1 1 0 0 1 0 0 1 0 1 1 1 0 
0 1 1 1 1 1 1 1 1 0 1 1 0 0 1 0 0 0 0 0 0 1 0 1 0 0 0 0 1 0 1 1 0 1 0 0 1 1 0 0 1 1 1 0 0 1 1 1 0 1 1 1 1 0 0 0 1 1 0 0 1 0 0 
0 1 1 1 0 1 0 0 1 0 1 1 1 0 0 1 1 0 1 0 1 0 1 0 0 0 1 1 1 1 0 1 0 1 1 0 0 1 0 1 0 0 1 0 1 1 1 1 1 1 1 1 1 1 0 1 1 0 0 1 0 0 0 
1 0 0 1 1 1 1 1 0 0 1 0 0 0 1 1 1 1 1 1 0 0 1 1 1 0 1 1 0 0 1 0 1 1 1 1 1 0 0 1 0 0 0 0 1 1 1 1 0 0 0 1 0 0 1 0 1 1 1 0 0 0 0 
1 0 0 1 1 1 0 1 0 1 0 1 0 0 1 0 1 0 0 1 1 0 0 1 0 1 1 1 1 0 1 0 0 1 0 1 1 1 0 1 1 1 1 0 0 0 1 0 0 1 0 1 0 0 0 1 0 1 1 0 1 1 1 
0 1 1 0 0 1 1 1 0 0 0 1 1 0 1 0 0 0 1 0 1 0 0 1 0 0 0 0 1 0 1 1 0 1 0 1 0 1 1 1 0 0 1 1 1 0 1 1 0 0 1 1 1 0 1 1 0 1 0 1 1 0 0 
0 0 0 0 0 1 0 0 1 1 0 1 1 1 0 0 1 1 0 0 0 1 1 1 0 1 1 1 0 0 1 1 1 1 0 1 1 0 0 0 1 1 0 0 0 1 0 0 0 0 0 0 0 1 1 0 0 1 0 0 0 0 0 
0 1 0 1 0 1 0 0 1 0 0 0 0 1 1 0 1 1 1 0 1 0 1 0 1 0 1 0 0 1 0 1 1 1 0 1 1 1 1 1 0 0 0 0 1 1 1 1 1 0 1 0 1 0 1 0 0 0 1 1 1 1 1 
0 1 0 0 0 0 0 0 0 0 0 1 0 1 1 0 1 0 0 1 0 1 1 1 1 0 1 0 1 1 1 1 0 0 1 0 0 0 1 0 0 1 1 1 1 1 1 0 0 0 1 1 0 1 0 1 1 1 0 1 1 0 1 
1 1 0 1 0 1 0 1 1 1 1 1 1 0 0 0 1 0 1 0 0 1 1 0 1 0 1 1 1 1 0 1 0 1 0 0 1 0 0 1 1 0 1 1 0 1 0 1 0 1 0 0 1 1 0 1 1 1 1 0 0 0 0 
1 0 0 1 1 0 1 0 1 1 1 1 1 1 1 1 1 0 1 0 1 0 0 1 1 1 0 1 0 0 1 1 0 0 0 1 1 1 0 1 0 1 1 1 0 0 0 0 1 1 0 1 0 1 0 0 0 1 1 1 0 1 0 
1 0 1 0 0 1 1 1 1 1 1 0 1 0 0 0 1 0 1 1 1 1 1 1 1 0 0 0 0 0 1 1 0 0 1 1 0 0 1 0 0 1 1 1 0 0 1 1 0 1 1 1 1 1 1 1 0 0 1 1 0 0 0 
0 0 0 1 1 1 1 1 1 1 1 0 1 0 1 1 1 0 1 1 0 1 0 0 0 1 0 0 0 1 1 0 1 0 1 0 1 0 1 0 0 0 0 0 0 1 0 0 1 1 1 1 1 1 1 0 0 0 1 1 1 0 1 
1 1 1 0 0 1 0 0 1 0 1 1 0 1 1 0 1 1 1 1 1 0 0 1 1 0 1 0 0 0 1 1 1 0 1 0 1 1 1 1 0 1 1 1 1 0 0 1 0 0 1 0 0 1 0 0 1 0 0 0 0 0 1 
0 1 0 0 0 0 1 1 1 1 1 0 1 0 0 1 0 1 1 0 0 1 0 1 1 1 1 1 0 1 1 0 1 0 0 0 0 0 1 1 1 1 1 1 1 1 1 1 1 1 0 0 1 0 1 0 0 1 0 0 1 1 0 
0 1 1 0 0 1 0 0 1 0 1 1 0 0 0 0 1 0 1 1 1 0 1 1 1 0 1 1 1 0 1 0 0 0 0 0 0 1 0 0 1 1 0 1 1 1 1 0 1 0 1 0 1 0 0 0 1 1 1 0 0 0 0 
1 0 1 1 0 0 1 0 0 0 1 1 1 1 1 0 0 1 0 0 1 1 1 0 1 0 0 0 0 0 1 0 1 1 0 1 1 1 1 0 1 0 1 0 0 0 1 1 1 0 1 1 1 1 1 1 1 0 0 0 0 0 0 
0 1 1 0 1 1 1 0 1 1 1 0 1 0 0 1 0 1 0 0 0 1 1 1 1 0 0 0 1 0 1 1 0 1 0 1 0 0 1 1 1 1 0 0 1 0 0 0 1 1 1 1 1 1 0 1 1 0 0 1 1 1 1 
0 1 0 1 0 0 1 0 0 0 0 0 0 1 0 0 0 0 1 0 0 1 0 0 0 1 1 0 0 1 1 0 0 0 0 0 0 1 0 1 0 0 1 1 1 1 1 0 0 0 0 1 1 1 0 0 1 0 1 1 0 0 0 
1 0 1 0 1 1 1 1 0 1 0 1 1 0 0 0 1 0 0 0 1 1 0 1 0 1 1 1 1 1 1 0 0 0 1 0 1 0 0 0 1 0 0 0 0 0 1 1 0 1 1 0 0 0 1 1 0 1 0 1 0 0 0 
1 1 1 1 0 1 1 0 1 0 1 0 1 0 0 0 0 1 0 1 0 0 0 0 0 1 0 0 0 1 0 1 1 1 1 0 0 0 1 0 1 1 1 0 0 0 1 0 0 0 0 0 1 0 1 1 1 1 1 0 0 1 0 
1 1 1 1 0 0 0 0 1 1 0 1 1 1 1 1 0 1 1 0 1 1 0 0 1 0 1 0 1 0 0 1 1 1 1 1 1 1 1 1 0 1 1 0 0 0 1 1 0 0 0 0 1 1 1 1 1 0 1 0 1 0 0 
0 1 0 1 0 0 1 1 1 1 0 1 1 0 1 0 1 0 1 1 1 0 1 1 1 1 0 1 0 0 0 1 0 0 1 1 1 0 1 0 1 1 0 1 1 1 0 1 1 1 1 0 1 1 0 0 0 0 0 0 1 1 1 
1 1 1 0 1 0 1 0 1 0 0 1 1 1 1 1 0 0 0 0 0 1 1 0 1 1 1 0 0 0 1 1 0 0 0 1 0 0 0 0 0 1 1 1 1 1 1 0 1 1 0 0 0 1 0 1 0 1 0 0 1 0 1 
1 0 1 0 0 1 1 0 1 1 1 1 0 0 0 0 0 1 0 0 0 1 0 1 1 1 1 0 0 0 0 1 1 1 1 0 1 0 0 1 0 0 0 0 0 0 1 0 1 0 1 0 0 1 1 1 0 1 0 0 1 1 0 
1 0 1 0 0 1 1 1 0 0 0 1 1 0 1 1 0 1 0 1 0 1 1 0 0 1 0 1 0 0 0 1 1 0 0 1 1 0 1 1 0 1 1 1 0 0 0 1 1 0 0 0 1 1 1 0 1 0 0 1 1 1 0 
1 1 1 1 1 0 1 0 1 1 0 1 1 0 1 1 0 1 0 1 1 0 1 1 1 1 0 0 0 0 1 1 1 1 0 1 0 1 0 0 0 1 1 1 0 0 0 0 1 1 1 1 1 1 1 0 0 0 1 0 1 1 0 
0 1 1 0 0 1 0 0 0 1 1 0 0 1 0 1 0 0 0 1 0 1 1 1 0 1 0 0 1 0 0 0 1 1 1 1 0 0 0 1 0 1 0 1 0 1 1 0 1 0 0 1 0 0 1 1 1 1 0 1 1 1 0 
1 0 1 1 0 0 0 0 1 0 1 1 0 1 0 0 1 0 0 0 1 1 1 1 1 1 1 1 0 0 1 0 1 0 0 0 1 0 1 1 1 1 1 1 1 0 1 1 0 1 1 1 1 0 1 0 0 1 0 0 0 1 1 
1 1 1 0 1 1 0 0 0 1 1 0 0 0 1 0 1 0 0 0 1 0 0 0 1 1 0 1 0 1 0 1 1 1 0 1 1 0 0 0 1 0 1 1 0 1 0 1 1 1 0 0 0 0 1 1 0 0 0 0 1 0 1 
1 0 0 1 0 0 1 1 1 0 1 1 1 0 0 1 1 1 1 1 0 1 1 1 0 0 0 1 0 1 1 1 0 0 1 0 1 0 1 0 1 0 0 1 1 1 0 1 1 1 0 1 1 1 1 1 1 1 1 1 1 1 1 
1 0 1 0 0 1 0 0 1 1 0 0 0 0 1 1 1 1 0 0 1 0 1 1 1 1 0 1 1 0 0 0 0 0 1 1 1 1 1 1 0 1 0 0 0 1 1 1 1 1 1 1 0 1 1 1 1 1 0 0 0 1 0 
0 1 1 0 0 1 1 0 0 1 0 1 1 0 0 0 0 1 0 1 1 1 1 1 1 0 1 1 0 1 1 0 1 1 0 0 1 1 1 1 0 1 1 0 0 0 0 0 0 1 0 1 0 0 1 1 0 0 1 0 0 1 1 
1 1 1 0 1 1 1 0 0 1 1 1 1 1 0 1 0 0 0 0 1 0 1 0 1 0 1 0 1 0 1 1 1 1 0 0 0 1 1 0 1 1 1 1 0 1 1 1 1 1 1 1 1 1 0 1 1 1 0 0 1 1 0 
0 1 0 1 1 0 1 0 0 0 0 1 0 0 0 1 1 1 1 1 0 0 0 1 1 1 1 1 0 1 1 1 0 1 0 0 1 0 0 1 1 1 0 1 1 0 0 0 0 1 1 1 0 1 1 1 1 1 0 1 1 1 1 
1 0 0 0 1 1 0 0 0 0 0 1 0 1 1 1 1 1 1 1 0 0 0 0 0 1 1 1 0 0 0 1 0 0 1 0 0 0 1 1 1 0 1 1 0 0 0 1 0 1 0 1 1 1 0 1 0 0 1 1 0 0 1 
1 0 1 0 0 0 1 1 1 0 0 0 1 1 1 1 0 1 0 1 1 1 0 0 0 1 0 1 0 0 0 0 0 0 0 0 0 0 1 0 0 1 1 0 1 0 1 0 0 1 1 0 1 1 1 0 0 0 1 1 1 0 1 
0 1 0 0 0 0 0 1 0 1 1 0 0 1 0 1 0 1 0 1 0 1 1 1 1 0 0 0 0 0 1 1 0 0 0 0 0 1 0 0 0 0 1 1 1 1 1 0 0 1 1 0 1 0 1 0 0 0 0 0 1 1 1 
1 0 0 1 0 0 1 0 1 0 0 1 1 1 1 1 1 1 1 0 0 0 0 0 0 1 1 1 1 0 0 0 1 1 1 1 1 0 1 1 0 0 0 1 0 0 1 0 1 1 1 1 0 0 0 0 0 0 1 0 1 0 1 
1 1 1 1 1 1 0 0 1 0 1 0 0 0 1 1 0 1 0 1 1 1 0 1 1 1 0 0 0 1 0 1 0 0 1 0 1 0 1 0 0 1 0 0 0 1 1 1 1 1 0 1 0 1 0 1 0 1 0 0 0 1 0 
0 1 1 0 0 1 1 0 1 1 1 1 0 1 1 1 1 1 0 1 1 0 0 0 0 1 1 1 1 1 0 1 1 1 0 0 1 0 1 0 1 1 1 1 0 0 1 1 0 0 0 1 0 0 1 0 0 1 1 0 1 1 1 
1 0 0 1 0 1 0 1 0 0 0 0 1 1 0 0 1 0 0 1 1 1 1 0 0 1 0 1 1 1 0 1 1 0 0 1 0 1 1 0 0 1 0 0 1 0 0 1 1 1 1 0 0 0 1 0 0 0 0 0 0 1 1 
1 0 1 0 0 1 1 0 0 0 1 1 0 1 1 0 0 1 1 0 0 1 0 0 0 1 1 0 1 0 0 0 0 0 1 0 1 0 0 1 1 0 0 0 0 0 1 0 0 1 0 0 1 0 1 0 1 0 1 0 1 0 1 
1 1 0 1 1 1 1 1 0 0 1 1 0 1 1 0 0 0 1 1 1 0 0 1 1 0 0 0 0 1 0 0 1 0 1 0 1 1 1 0 0 1 0 0 0 1 1 0 0 1 1 1 1 1 1 0 0 1 1 1 1 1 1 
1 0 0 1 0 0 0 1 1 0 1 0 1 1 1 1 1 0 0 1 0 1 1 1 0 0 1 1 0 1 1 0 1 1 1 1 0 1 1 1 0 0 1 1 0 1 0 1 1 0 1 0 1 1 0 0 1 1 0 1 0 0 0 
1 1 0 1 1 0 0 1 0 1 0 0 1 1 0 1 1 1 0 0 1 0 1 1 1 1 1 1 0 1 1 0 1 1 1 1 0 0 0 0 1 1 0 1 1 1 0 1 0 1 0 0 1 1 1 1 0 1 1 0 1 0 0 
0 0 0 1 0 1 0 1 1 0 0 0 0 0 0 1 0 1 0 0 1 0 0 0 0 1 1 1 0 0 1 0 1 1 0 0 0 0 0 1 0 0 0 0 0 0 1 0 1 0 1 0 0 0 1 1 0 1 1 1 0 1 1 
1 0 1 1 1 1 0 0 1 1 1 1 0 0 0 1 0 0 0 0 0 0 0 0 0 0 1 1 0 1 0 0 1 0 0 1 0 0 1 0 1 1 0 1 0 1 1 0 0 1 0 1 1 0 1 1 1 0 1 1 0 0 1 
0 1 1 1 0 1 1 0 0 1 1 0 0 0 1 0 0 0 1 0 0 0 1 0 1 0 1 0 1 1 1 0 1 1 0 1 0 1 1 0 1 0 1 1 0 0 0 1 1 0 1 1 1 1 0 1 0 0 0 1 1 0 1 
1 1 0 1 0 1 0 0 0 1 0 1 0 1 1 0 0 1 1 0 0 1 0 1 0 1 0 0 0 0 0 1 0 0 0 1 0 1 0 0 0 0 1 0 1 1 0 1 0 1 1 1 1 0 0 1 1 1 0 0 1 1 0 
0 1 0 1 0 1 1 1 1 0 0 0 0 1 1 1 0 0 0 0 0 1 1 1 0 0 0 0 1 1 0 1 0 1 0 0 1 0 1 0 1 0 1 1 0 1 1 0 0 1 0 1 1 0 0 1 0 1 0 0 0 0 0 
0 1 1 0 1 1 1 0 0 1 0 1 1 1 0 1 0 1 1 0 0 1 1 0 0 0 0 0 1 0 0 1 0 1 0 0 0 1 0 1 1 0 0 0 0 0 0 1 1 0 1 0 0 0 1 1 1 1 1 1 1 1 1 
1 0 0 0 0 0 0 0 0 1 0 1 1 0 0 1 1 1 1 1 0 1 1 0 1 1 0 0 1 0 0 0 0 1 1 0 0 0 0 1 1 0 0 0 0 0 0 0 1 0 0 0 0 1 1 1 1 0 0 0 1 1 0 
1 0 1 0 0 0 1 0 0 1 1 0 0 0 0 1 0 1 1 1 1 0 1 0 0 1 0 1 0 1 1 0 1 0 0 0 0 0 1 1 0 0 1 0 1 1 1 1 0 0 1 0 0 1 1 0 0 0 1 1 1 1 0 
1 1 0 0 0 0 0 0 0 1 1 0 0 0 0 1 1 0 0 0 0 0 1 0 0 0 0 0 0 1 1 0 0 0 1 0 1 1 1 0 0 0 0 0 0 1 0 0 1 1 0 0 1 1 1 0 0 1 0 1 1 0 1 
1 0 0 0 1 0 1 1 1 0 0 0 1 1 0 1 1 1 0 0 1 0 0 0 1 1 1 0 0 0 1 1 1 0 1 1 1 0 0 1 1 1 0 1 0 1 1 0 0 0 1 1 0 0 0 0 0 0 0 0 0 1 1 
1 0 1 1 0 0 0 1 0 0 0 0 1 1 0 1 1 1 1 0 0 0 1 1 1 1 1 0 0 0 0 1 0 0 1 0 1 0 1 1 1 0 0 0 0 0 0 0 0 1 0 0 1 1 1 0 1 0 0 1 0 0 0 
1 0 1 1 0 0 0 1 0 1 1 1 1 1 0 0 0 0 0 1 0 1 1 0 0 0 0 1 1 1 0 1 1 1 1 0 0 0 0 1 1 0 1 0 0 0 0 1 0 1 0 1 0 0 0 0 1 0 1 0 1 1 1 
0 1 1 0 1 1 1 0 1 0 1 0 0 0 0 0 0 1 1 0 0 1 0 0 0 0 1 1 0 0 1 1 1 1 0 1 1 0 1 1 1 0 1 0 0 1 1 0 0 1 0 0 1 0 0 0 0 0 0 1 1 1 1 
0 1 1 0 1 0 1 1 0 0 0 0 0 1 1 0 0 1 1 0 1 1 0 0 1 1 1 1 1 0 0 0 0 1 0 1 0 1 1 1 1 1 0 1 1 0 0 1 0 1 0 0 1 1 1 0 1 1 1 0 0 1 1 
0 0 0 1 0 0 0 0 0 0 0 1 0 1 0 0 0 0 1 0 1 0 0 1 0 0 0 1 1 0 0 1 1 1 1 1 0 0 0 1 1 0 0 0 1 0 1 1 0 0 1 1 1 1 1 0 0 1 1 0 0 1 0 
1 0 1 1 0 1 0 1 1 0 1 1 0 0 1 0 1 0 0 0 0 1 0 1 0 1 0 1 1 1 0 0 0 1 0 1 1 0 0 0 0 0 1 0 1 0 0 1 0 0 0 1 0 1 0 0 1 1 1 0 0 0 1 
0 1 1 0 1 1 1 0 0 1 1 0 1 1 1 1 0 0 1 0 1 0 1 1 1 0 1 1 0 1 0 0 0 0 0 0 0 0 0 1 0 0 0 1 1 1 0 0 0 0 1 1 1 1 1 1 0 0 1 0 0 0 1 
0 1 1 1 0 1 0 1 0 1 0 1 1 1 0 1 0 0 1 0 0 1 1 1 1 1 0 0 1 0 0 0 0 1 1 0 0 1 0 0 1 1 0 0 0 1 0 1 0 0 0 0 1 0 0 0 1 1 0 0 0 1 1 
0 1 1 1 1 1 1 1 0 0 1 0 1 0 0 0 0 0 0 1 1 0 0 1 0 1 1 0 1 1 0 1 1 0 0 1 0 0 0 1 1 1 0 1 0 1 0 1 0 0 1 0 1 0 0 1 0 0 1 1 1 1 0 
1 1 0 1 0 1 1 1 1 0 1 1 0 1 0 0 1 0 0 1 0 0 1 0 1 0 0 1 0 1 0 0 0 1 0 1 0 1 0 1 0 0 1 1 1 0 1 0 1 1 1 1 0 0 1 1 1 1 1 0 0 1 0 
1 0 0 1 1 0 0 0 1 1 1 1 1 1 0 0 1 0 1 0 1 0 0 1 0 1 1 0 0 1 0 0 0 1 0 0 0 1 1 1 1 0 1 1 0 1 1 0 0 0 1 0 1 1 0 1 1 1 0 1 0 1 1 
1 1 0 0 1 0 1 0 1 0 1 0 1 1 1 1 0 0 1 1 0 1 0 1 1 1 1 1 1 1 0 0 0 1 0 0 0 0 1 0 0 1 1 0 0 1 1 0 0 0 0 1 1 1 0 0 0 0 1 1 0 0 0 
1 1 0 0 0 1 1 0 1 1 1 1 0 0 0 0 0 0 1 0 1 0 0 1 0 0 1 0 0 0 0 1 0 0 0 1 0 1 0 1 1 1 1 0 0 1 1 1 1 1 0 0 1 0 1 1 0 0 0 1 1 0 0 
1 1 1 0 1 0 1 0 0 1 0 1 0 1 0 1 1 1 1 1 1 1 0 1 1 0 0 0 1 0 0 1 0 1 0 1 0 0 1 0 1 1 0 0 0 1 0 1 0 0 0 1 1 1 0 0 0 1 0 0 0 1 1 
1 0 1 0 1 1 0 1 1 1 0 1 0 1 1 1 0 0 1 0 1 0 1 0 1 1 0 1 1 0 0 1 1 0 1 1 0 1 1 1 0 1 0 0 0 1 1 1 1 1 0 0 0 1 0 1 1 0 1 1 0 0 1 
0 1 1 0 1 1 1 1 0 0 1 0 0 0 0 1 0 1 1 0 1 1 1 0 1 1 0 1 0 1 1 0 1 1 0 0 0 0 1 1 0 1 0 0 0 1 1 0 0 1 0 0 0 1 0 0 0 0 1 0 1 1 0 
1 0 0 1 1 1 0 1 0 1 0 1 0 1 0 1 0 1 0 0 0 0 1 1 1 1 0 0 0 1 0 0 0 1 1 0 1 0 0 1 0 0 0 0 0 0 0 0 0 1 0 1 0 0 1 1 1 0 0 0 1 1 1 
1 0 1 0 0 0 1 1 1 1 0 0 0 0 0 0 1 0 0 0 1 1 1 0 0 0 1 0 1 0 0 0 1 1 0 1 0 0 1 0 1 0 1 1 0 1 0 0 1 1 0 1 0 0 0 0 1 1 1 1 0 1 1 
0 1 1 0 1 1 0 1 0 0 0 1 0 0 1 1 1 0 1 1 0 0 1 0 1 1 1 1 1 1 1 1 0 0 0 0 0 1 0 1 0 1 1 0 0 1 1 1 1 1 0 0 0 1 1 1 0 0 0 1 1 1 1 
1 0 0 0 0 1 0 1 1 0 1 0 0 1 1 1 0 0 1 0 0 1 0 0 1 0 1 1 1 0 1 1 0 0 0 1 1 1 0 0 0 1 0 1 1 0 1 0 1 1 0 1 1 0 0 0 1 0 0 0 1 0 1 
0 0 1 1 1 1 1 1 1 0 0 1 0 1 0 0 0 0 1 1 0 1 1 0 1 0 1 0 1 0 0 0 1 1 1 1 1 0 0 1 0 1 0 0 1 0 0 0 1 1 1 1 1 1 1 0 1 1 1 0 0 0 0 
1 1 1 1 0 1 1 1 0 0 0 0 0 0 0 1 0 0 1 0 0 0 1 0 0 0 0 1 0 1 1 1 0 1 1 0 1 0 0 1 0 0 1 1 0 1 1 0 0 1 0 0 1 0 1 1 1 1 1 0 1 0 0 
1 0 1 0 1 1 0 0 0 1 0 0 0 0 0 1 0 1 1 0 1 0 1 1 1 0 0 0 0 1 0 1 1 0 0 0 1 1 0 1 1 0 1 0 0 1 0 0 1 0 1 0 1 0 0 0 1 1 0 1 1 1 1 
1 0 0 0 1 1 0 1 1 0 0 1 1 0 1 1 1 0 0 1 1 1 0 0 1 0 1 0 0 0 0 0 0 1 0 1 1 0 0 1 1 1 0 0 1 0 1 0 1 1 1 0 1 1 0 1 0 0 1 0 1 0 1 
0 0 1 1 1 1 1 1 1 1 1 0 0 1 1 0 0 1 1 1 1 0 1 1 0 1 0 1 0 1 1 0 1 0 1 0 0 1 0 0 1 1 1 0 1 0 0 0 1 1 0 0 1 0 1 1 1 0 1 0 0 1 1 
1 1 0 0 0 0 1 0 0 1 0 1 1 1 0 0 0 1 1 1 0 1 1 0 1 1 0 0 1 0 1 1 0 0 1 0 0 1 0 0 1 0 0 1 0 0 1 0 1 0 0 1 1 1 0 0 0 0 0 1 0 1 1 
1 1 0 1 0 0 1 0 1 0 0 1 0 0 1 1 1 1 0 0 0 0 0 0 0 0 0 0 0 0 1 0 0 0 0 0 1 0 1 0 0 0 1 0 0 1 0 1 0 1 0 1 1 0 0 1 0 0 1 0 1 0 1 
0 1 0 0 1 0 1 1 0 0 1 1 1 0 1 0 1 1 0 0 0 0 0 0 1 1 1 1 0 0 0 1 1 1 0 0 0 0 0 1 0 0 0 0 1 1 0 0 1 1 0 0 1 0 0 0 1 0 1 0 1 0 0 
0 0 1 1 1 1 0 1 1 1 0 0 1 0 0 0 0 0 1 1 0 1 1 0 1 1 0 1 0 1 1 1 0 1 1 1 1 1 1 1 1 0 1 1 1 0 0 1 0 0 0 0 0 0 0 1 0 1 0 0 0 0 0 
0 1 0 0 0 1 0 1 1 1 1 0 0 0 0 0 1 0 0 1 0 0 0 0 0 1 0 1 0 0 1 1 0 0 0 0 1 0 0 1 1 1 1 0 0 1 0 1 0 0 0 1 0 0 0 0 0 1 0 0 0 0 0 
0 1 1 1 0 1 0 0 0 0 0 1 0 1 0 1 1 0 1 0 1 1 0 0 1 0 0 0 1 0 0 0 1 0 1 0 0 1 0 1 1 1 1 0 1 1 1 1 1 0 1 1 0 1 0 1 1 0 1 0 1 1 0 
0 0 0 1 1 1 1 0 1 1 0 0 0 0 1 0 0 1 1 0 1 1 0 1 1 1 0 0 0 1 0 0 1 0 1 1 0 0 1 1 0 1 1 0 0 0 0 1 1 1 0 0 1 0 1 1 0 1 1 0 1 0 1 
0 1 0 0 0 0 0 1 1 0 0 1 1 0 0 1 1 0 0 1 1 1 0 1 0 1 1 0 0 1 1 1 0 0 1 1 1 1 0 1 0 1 1 1 1 0 0 0 0 1 1 0 1 1 0 0 0 0 0 1 1 0 1 
0 0 0 1 1 1 0 0 1 0 1 1 0 1 1 1 1 1 1 0 0 0 0 1 1 1 1 1 1 0 1 1 1 1 0 1 1 1 1 1 1 1 0 0 0 1 1 0 0 0 0 1 0 0 0 0 1 1 0 0 0 1 0 
0 1 1 1 0 1 1 0 0 1 0 0 1 0 0 0 0 0 0 0 1 1 1 1 0 0 0 0 1 1 1 1 1 0 0 0 1 1 0 0 0 1 0 1 1 1 0 0 0 1 1 0 0 1 0 0 0 0 1 0 1 1 0 
1 0 1 0 1 1 0 0 1 1 0 1 1 1 1 0 0 1 1 1 0 1 1 1 0 0 0 0 0 1 0 1 0 0 1 1 1 0 1 1 1 1 1 0 1 0 1 0 1 0 0 1 1 1 0 1 1 1 0 1 0 1 1 
0 1 0 0 1 0 1 1 1 1 0 1 1 0 1 1 0 1 1 1 0 1 1 0 1 1 0 0 0 1 0 1 0 0 1 1 0 0 0 1 0 1 0 0 0 0 1 0 0 0 1 0 0 0 0 0 0 0 0 0 1 1 0 
1 0 1 0 1 1 0 0 1 0 1 0 1 1 1 0 1 0 1 0 1 0 1 1 0 1 0 0 1 0 0 1 1 0 1 1 0 0 0 1 1 1 0 0 0 0 0 1 0 0 0 0 0 0 0 1 0 0 0 1 1 1 1 
1 1 1 0 1 1 1 0 0 0 1 0 1 1 1 1 0 1 0 1 0 0 0 0 0 1 0 1 0 1 0 0 1 0 1 1 0 0 0 0 0 1 0 0 0 0 0 0 0 1 1 1 1 0 0 1 1 1 1 1 0 0 1 
1 1 1 1 0 1 0 1 1 0 1 1 0 0 0 0 1 1 0 1 0 1 1 0 1 0 0 0 0 1 1 1 1 0 0 1 1 0 0 0 0 1 0 0 0 0 1 1 1 1 0 0 0 0 1 0 1 0 0 1 0 0 0 
0 1 0 0 0 1 0 0 1 1 1 0 1 1 1 1 1 1 0 1 0 0 1 0 0 1 1 0 1 0 1 1 0 0 0 0 1 0 0 1 0 0 1 1 0 1 0 1 0 1 1 0 1 0 0 1 0 1 1 1 0 0 0 
0 1 1 1 0 1 0 1 1 0 1 1 1 1 1 0 0 0 1 0 1 1 0 0 1 1 0 1 1 1 0 0 1 1 1 0 1 1 0 0 1 1 1 1 0 1 1 1 0 1 1 0 1 0 1 0 0 1 0 1 0 0 0 
0 0 0 1 0 0 1 0 1 0 0 1 0 1 1 1 0 0 1 0 0 1 0 0 1 1 0 1 0 0 0 0 0 1 0 0 0 1 0 0 1 0 0 1 1 1 1 0 1 0 1 1 0 0 0 1 0 1 0 0 0 0 1 
1 1 0 0 1 1 1 0 1 0 0 1 1 0 1 0 0 0 1 0 1 0 0 0 0 0 0 1 1 0 0 0 0 1 1 0 0 1 0 1 1 0 1 1 1 1 1 0 1 0 0 0 1 1 1 0 0 0 1 1 1 0 0 
1 0 1 1 0 1 1 1 0 1 0 1 1 0 1 1 1 0 0 1 0 0 0 1 0 1 0 1 0 0 0 1 0 1 1 1 0 0 1 1 0 0 1 1 0 0 0 0 1 1 0 1 0 1 1 0 0 1 1 0 1 0 0 
0 1 1 0 0 0 0 1 0 0 1 1 0 0 1 1 1 0 0 1 1 0 1 0 0 0 0 1 1 0 0 0 1 0 1 1 0 0 0 1 1 1 0 0 0 0 0 0 1 0 0 1 1 0 1 0 1 0 1 0 1 0 0 
1 0 0 1 1 1 0 0 1 0 1 0 1 1 0 1 1 1 1 1 1 0 1 1 1 1 1 0 1 0 1 1 1 0 0 1 1 0 0 0 0 0 0 0 0 0 0 1 1 1 0 0 1 1 1 1 0 0 1 1 1 0 0 
1 1 1 0 0 1 0 0 0 1 0 1 0 0 0 0 1 1 1 1 1 0 0 1 0 0 1 1 0 0 0 0 0 1 1 1 0 0 1 1 1 1 1 0 0 1 0 0 0 1 0 0 0 1 0 0 0 0 1 1 1 0 1 
1 1 0 0 1 0 0 0 1 1 0 1 1 1 1 1 0 0 1 1 1 0 0 1 0 1 1 1 0 1 0 0 0 0 0 1 0 0 0 0 1 0 1 0 0 1 1 1 0 1 0 0 0 1 0 0 0 0 1 1 0 1 0 
1 1 1 1 1 0 0 0 1 0 1 1 0 1 0 0 0 1 1 0 0 1 1 1 0 1 1 1 1 0 0 1 0 0 1 1 0 1 1 1 0 1 1 1 1 0 1 0 1 1 1 0 0 0 1 0 1 0 0 1 0 0 0 
1 1 0 0 1 1 0 1 0 0 1 0 0 1 1 0 1 1 0 0 1 0 0 0 1 0 0 0 0 1 1 1 0 0 1 0 1 1 1 0 1 1 0 0 1 1 1 1 0 0 0 1 0 0 0 0 1 0 1 0 0 1 1 
0 0 1 1 0 0 0 1 1 1 0 1 1 1 0 0 1 1 1 1 0 0 1 0 1 1 1 0 0 0 0 1 1 1 0 0 0 1 1 1 0 0 0 0 1 0 1 0 1 1 1 1 0 1 1 1 1 0 1 1 0 1 0 
1 0 0 1 0 1 0 0 1 1 1 1 0 0 1 0 1 1 1 0 0 1 0 0 1 0 1 1 0 0 1 1 1 0 0 0 0 1 1 0 1 1 0 1 1 0 1 1 1 1 0 1 1 1 1 0 0 1 1 0 1 1 1 
1 1 1 1 1 1 0 0 0 1 1 0 1 0 1 1 1 0 1 1 1 1 1 1 0 0 1 1 1 0 1 1 0 1 0 0 0 1 1 1 0 1 1 0 0 0 1 0 1 0 1 1 0 0 1 0 0 0 0 1 1 1 0 
0 1 0 1 1 1 1 0 1 1 0 1 1 1 1 0 1 0 1 1 1 0 1 1 1 1 0 0 0 0 0 1 0 1 1 0 0 1 1 0 1 1 1 1 0 1 0 1 1 0 1 1 1 0 0 1 1 0 1 1 1 0 1 
0 0 1 0 0 0 1 1 1 1 1 0 1 1 0 1 1 1 0 1 0 0 1 1 0 1 0 1 0 1 0 1 0 1 1 0 1 0 1 1 1 0 0 0 1 1 0 1 0 1 1 1 1 1 0 0 1 0 1 1 0 1 1 
0 1 0 0 1 1 0 0 1 1 0 0 1 1 0 0 0 0 0 1 1 1 1 0 1 0 0 1 1 1 0 1 1 1 0 1 1 1 1 1 0 1 1 0 1 0 1 1 1 0 0 1 1 0 1 1 1 1 0 0 1 1 1 
1 1 1 0 0 0 0 1 0 0 1 1 1 0 1 0 1 1 0 1 1 1 0 0 1 0 0 0 0 1 0 0 0 0 1 1 1 0 0 0 0 0 0 0 1 0 1 0 1 0 0 0 1 1 0 1 1 1 0 0 1 1 1 
0 0 0 0 1 1 1 1 1 1 0 0 1 1 1 0 0 0 0 1 0 0 1 1 1 0 1 0 1 0 0 1 1 0 0 0 1 1 0 1 1 0 1 1 0 0 0 1 0 0 0 1 1 0 0 0 0 0 0 0 0 0 0 
1 1 1 1 1 0 1 1 0 1 0 1 0 0 0 1 0 1 0 0 0 0 1 0 0 1 0 0 0 1 0 1 0 1 1 1 0 1 0 1 1 0 1 0 1 0 0 1 1 1 0 1 1 1 1 1 0 0 1 1 0 0 0 
0 1 0 1 1 1 1 1 1 1 0 0 1 1 0 0 1 1 1 1 1 0 1 1 1 1 1 1 1 1 0 1 1 1 0 1 1 0 1 0 1 0 1 0 1 0 0 1 1 0 1 0 1 0 0 0 0 0 1 1 1 1 1 
1 0 1 1 0 1 0 0 0 1 0 0 1 0 0 0 0 1 0 0 1 1 1 1 1 0 0 1 0 1 0 0 1 1 0 0 1 1 1 0 0 1 1 1 0 1 0 0 1 0 1 1 1 1 1 1 0 1 1 1 0 0 1 
1 0 1 0 1 0 1 1 0 0 1 0 1 1 0 0 1 1 1 0 1 1 0 1 1 1 1 1 0 1 0 0 0 0 0 1 1 0 1 1 0 1 0 0 1 1 1 1 0 1 0 0 1 1 0 1 0 1 0 0 0 0 0 
0 0 0 0 1 0 1 0 0 0 0 0 1 0 1 0 1 1 1 0 1 1 1 0 0 0 1 1 1 0 0 0 0 0 0 0 1 0 0 0 0 1 1 1 1 1 1 1 0 1 1 1 1 0 1 0 0 0 1 0 0 0 0 
0 1 0 1 0 0 0 0 0 1 0 1 0 0 0 0 0 1 0 0 1 0 0 1 1 1 0 0 1 1 1 1 1 1 0 0 0 0 1 0 1 1 1 0 1 1 0 0 1 0 0 1 0 1 1 1 1 0 0 1 0 1 0 
1 1 0 1 1 0 1 1 0 1 0 0 0 0 0 1 0 0 1 1 1 0 1 0 1 0 1 1 0 1 1 0 0 1 0 1 1 0 1 0 0 0 0 0 1 1 1 0 1 0 1 1 1 1 0 0 1 0 0 0 0 0 1 
0 1 1 0 1 1 0 1 1 1 0 1 1 0 1 1 1 0 1 0 1 1 1 0 0 1 1 1 0 0 1 1 0 1 0 1 0 1 0 1 0 0 1 0 0 1 0 1 1 1 1 0 1 1 0 1 1 1 0 1 0 0 1 
0 1 0 0 0 1 0 1 1 0 0 0 0 0 0 0 1 1 0 0 0 0 0 1 1 1 1 1 1 0 1 0 0 0 1 1 1 1 1 1 0 0 1 1 0 0 0 0 1 1 1 0 0 1 1 0 1 0 1 1 1 0 1 
44 31
172 61
161 7
15 40
226 15
180 34
268 34
124 12
215 7
94 14
66 7
290 28
255 18
290 56
166 31
15 57
235 19
205 10
224 36
171 53
238 62
177 34
222 37
1 26
63 29
41 17
157 7
218 36
15 12
9 31
72 62
222 2
199 61
245 5
76 24
291 25
55 53
209 49
222 51
285 1
78 13
8 5
185 2
275 6
248 51
132 25
11 12
118 40
65 38
249 53
126 44
280 27
258 61
119 23
150 18
239 8
214 33
28 51
290 1
264 10
13 14
83 46
91 15
265 50
258 22
41 34
273 40
263 4
56 30
68 29
57 11
111 55
237 31
139 34
101 12
179 57
26 39
110 38
24 16
198 40
170 21
74 20
273 20
214 26
85 32
281 10
106 38
136 23
181 17
76 26
154 42
117 26
137 4
130 10
310 23
262 19
196 43
156 20
308 56
129 39
62 11
55 39
233 43
263 47
96 61
31 36
48 37
142 53
210 46
37 33
94 44
64 58
208 31
100 41
104 27
164 51
82 38
106 58
34 34
177 7
99 44
232 6
288 3
220 18
179 45
154 51
74 22
18 38
286 59
292 28
38 6
271 4
30 58
27 13
151 18
91 39
208 37
36 10
244 13
201 58
76 8
49 9
100 30
24 29
273 5
108 52
116 1
308 36
200 15
292 40
176 4
99 24
2 50
247 56
193 11
10 52
31 9
199 42
216 13
57 41
106 6
28 57
148 20
181 27
20 45
54 17
185 22
41 11
149 61
77 41
197 41
253 54
269 16
217 13
37 18
219 17
14 1
258 30
259 63
110 28
196 18
51 14
78 11
24 35
53 47
180 2
14 30
188 27
198 18
22 53
191 7
151 46
50 60
204 25
65 60
121 9
285 23
263 38
226 18
28 1
26 30
226 37
60 7
300 47
299 46
126 31
278 57
138 46
117 9
173 34
36 44
10 33
210 21
59 3
89 9
138 42
267 26
166 22
23 25
77 52
23 8
156 55
75 14
219 42
201 46
262 5
78 58
65 62
143 4
208 33
87 22
285 35
269 35
289 52
280 61
166 19
184 7
66 38
135 46
258 10
281 20
117 40
302 13
265 9
67 14
125 43
191 34
75 19
43 31
200 38
202 25
131 51
162 21
292 20
241 1
136 53
174 34
9 51
20 13
38 41
118 26
78 6
168 22
116 35
35 56
43 20
174 22
171 62
224 25
114 40
88 47
231 20
245 63
182 15
40 34
189 7
44 16
85 29
177 24
301 59
133 21
222 40
295 29
137 25
26 59
143 10
45 32
287 14
78 21
179 36
259 52
94 10
282 24
277 22
289 18
58 2
123 29
150 8
64 21
206 46
135 35
285 36
308 60
123 12
225 11
192 25
231 43
224 27
35 26
222 25
88 42
301 33
281 58
207 28
192 37
292 37
284 57
281 27
77 43
111 53
235 9
249 22
128 47
158 34
15 62
256 15
257 10
126 63
74 19
68 13
256 55
152 38
270 37
100 26
48 21
131 50
28 55
125 5
90 41
116 6
122 44
10 32
260 25
112 5
51 16
88 2
109 50
186 24
238 16
307 7
5 34
306 43
246 61
134 11
81 63
280 48
13 13
305 51
6 63
38 26
264 25
34 37
25 61
15 35
259 32
113 10
99 59
96 7
67 3
114 19
90 26
25 7
88 7
41 49
83 36
151 39
9 22
237 27
245 2
212 48
244 62
144 12
107 6
111 47
236 49
245 3
272 35
104 52
277 3
103 1
277 48
8 19
35 47
129 14
102 40
181 39
30 19
240 53
140 45
101 10
63 47
141 3
182 15
27 48
239 30
210 16
190 56
81 1
148 48
74 17
250 30
24 61
106 5
24 52
36 50
15 29
281 39
38 26
67 57
81 15
109 55
277 30
165 12
23 53
264 39
292 11
205 25
168 38
68 62
138 33
214 31
165 44
17 23
190 20
285 53
46 5
235 34
186 13
54 4
172 34
185 33
30 39
105 8
105 43
34 45
13 50
134 19
192 57
247 47
53 52
47 10
149 26
164 39
303 35
112 38
151 17
283 40
221 45
47 52
290 19
233 25
12 48
215 21
244 11
26 54
62 2
221 63
24 22
40 13
139 42
296 58
181 8
252 2
8 37
3 36
108 38
240 11
64 35
236 46
135 42
24 53
275 7
78 29
193 2
3 29
44 42
209 10
180 17
206 56
308 24
127 34
309 45
25 12
290 17
75 38
167 31
114 52
150 10
32 44
136 38
193 31
133 42
203 28
155 52
36 18
138 13
50 52
263 46
182 34
180 4
217 5
140 49
3 58
266 19
89 52
271 8
98 27
91 50
273 57
178 55
251 23
283 12
120 35
52 52
142 21
148 3
199 19
142 40
241 17
37 42
209 60
148 50
28 25
215 10
120 41
128 36
87 17
254 30
250 55
274 4
269 47
65 23
165 23
12 13
24 63
225 24
253 14
255 43
176 32
174 59
133 52
285 2
224 6
85 10
249 56
150 40
276 54
216 6
244 26
247 38
71 13
67 36
252 32
298 19
175 46
107 53
162 16
115 48
178 15
36 46
61 39
73 52
145 27
41 36
49 62
168 3
222 23
105 43
227 43
61 45
66 5
115 58
31 51
147 4
263 17
301 32
118 10
304 47
206 27
79 61
293 26
185 41
243 55
181 6
167 3
237 2
87 46
308 5
100 21
97 28
77 60
97 23
263 23
115 48
12 16
46 45
250 4
189 7
257 15
210 11
259 9
13 1
231 16
160 12
92 8
251 17
20 33
74 27
79 24
5 62
212 1
210 59
159 3
20 36
222 36
290 47
10 4
122 42
172 50
294 58
63 16
182 50
301 33
20 21
98 28
194 41
12 29
183 14
297 27
13 14
308 26
270 53
47 34
16 35
154 47
141 31
26 42
198 46
198 24
78 37
61 18
227 59
192 53
94 34
268 26
116 24
185 8
146 57
128 41
98 23
232 59
85 12
69 8
305 15
139 24
30 6
190 37
239 27
295 15
291 18
233 17
56 26
217 52
230 34
161 3
112 45
172 62
69 41
97 18
123 60
141 9
175 33
213 63
257 50
99 21
62 5
241 41
34 60
136 5
262 24
90 22
115 14
301 32
83 29
280 49
235 30
186 19
121 29
293 6
113 39
170 45
295 36
158 8
83 40
148 34
228 4
96 12
52 34
38 9
246 17
289 11
127 29
168 31
115 35
119 36
206 35
248 1
141 23
83 23
269 3
173 53
42 14
88 11
157 16
96 34
100 44
145 10
47 32
33 19
53 26
45 8
8 17
141 31
2 50
40 12
176 42
250 45
244 36
249 24
297 11
5 1
231 20
153 30
115 62
40 8
267 24
262 37
255 4
33 4
51 60
54 8
204 18
268 9
265 60
270 55
128 15
254 1
126 11
116 53
2 24
1 40
187 15
118 24
84 60
178 16
127 35
225 12
221 60
279 44
160 23
123 10
225 21
65 59
124 45
174 20
274 54
268 58
278 23
195 52
299 63
13 4
26 22
239 56
151 51
227 60
45 15
13 50
111 57
92 5
239 12
106 58
63 31
69 7
259 59
21 41
131 18
101 49
162 45
254 30
104 39
224 49
166 25
221 61
89 21
175 62
304 23
225 43
134 56
55 15
175 37
82 20
48 16
42 33
149 37
2 38
6 1
69 38
36 6
227 5
177 58
283 5
202 22
31 55
232 21
188 28
245 30
272 39
164 35
157 4
265 9
288 24
78 9
159 11
145 22
193 4
250 31
240 16
58 21
288 30
161 42
187 43
121 46
241 45
58 43
186 21
196 54
30 1
129 3
188 51
132 61
59 2
96 22
14 15
28 28
112 59
127 14
114 23
210 45
264 29
51 22
290 29
109 14
143 57
255 31
165 21
18 35
287 10
22 30
82 26
51 16
209 41
168 11
145 42
130 3
4 23
129 36
41 37
220 40
75 55
144 40
166 18
188 50
213 17
110 29
136 25
147 25
86 16
37 10
79 10
199 23
171 4
110 61
71 21
310 42
176 33
234 7
233 16
194 21
51 63
114 59
218 53
144 30
6 24
266 51
287 32
140 17
256 13
224 11
142 21
279 60
202 33
304 35
108 56
245 50
37 60
260 33
295 20
267 8
176 41
276 45
221 21
134 26
224 24
152 51
30 13
72 7
209 2
188 57
275 21
199 8
235 35
153 34
55 27
133 63
166 14
42 38
35 24
276 47
197 3
237 14
27 40
259 13
69 23
129 25
214 57
47 3
257 36
41 62
137 41
46 6
306 54
166 56
251 56
275 25
39 56
68 6
126 39
295 46
123 58
106 62
279 56
190 29
217 17
59 26
66 49
48 34
210 21
228 55
97 29
155 29
39 35
96 23
121 12
41 17
180 28
305 31
196 15
251 38
110 37
151 25
30 61
137 40
141 37
258 51
63 49
304 5
45 10
207 63
179 9
281 18
236 5
213 50
241 40
193 7
159 9
303 37
212 53
185 62
138 15
10 22
202 27
158 56
106 21
83 40
17 7
176 24
85 26
26 30
44 45
284 38
66 36
286 36
203 3
114 13
61 59
235 7
116 3
193 30
32 43
36 56
258 45
184 11
188 6
92 13
170 4
192 44
117 31
164 39
283 60
247 53
268 47
113 12
264 14
189 18
87 6
217 62
62 31
283 58
218 2
293 12
255 58
44 54
290 55
128 27
92 24
31 34
55 42
143 32
308 43
150 49
7 20
37 38
38 23
256 61
42 17
241 9
205 14
122 20
215 43
9 53
276 34
93 23
108 62
111 4
234 18
292 3
12 42
104 36
87 2
181 25
188 54
78 7
227 35
69 1
22 61
17 38
227 13
78 33
255 24
213 3
55 50
297 26
28 30
36 42
149 55
181 58
105 14
164 18
291 21
89 4
111 60
241 41
214 25
71 45
156 13
85 14
127 37
10 32
54 62
233 21
265 45
39 59
289 29
173 6
303 58
149 16
104 1
163 24
147 33
107 19
72 24
16 50
191 35
297 37
131 40
171 47
45 43
159 22
242 50
197 26
108 45
47 61
5 13
299 8
166 16
10 17
246 7
26 23
128 29
105 45
142 21
189 27
98 19
132 1
170 30
206 61
214 36
309 15
86 63
194 59
260 54
228 47
243 7
116 38
224 36
7 12
301 59
289 35
183 58
29 37
57 19
234 43
102 60
307 13
240 58
255 11
98 32
298 44
53 18
28 36
7 15
186 59
24 47
197 44
184 41
265 11
223 23
171 43
264 62
6 63
195 9
273 63
270 21
69 14
75 50
10 25
272 40
141 2
178 57
306 62
156 38
92 59
216 53
5 7
240 48
78 45
178 49
278 33
215 29
291 30
51 47
101 13
37 55
74 41
266 34
255 33
49 59
9 61
310 50
20 5
83 28
173 30
297 60
144 55
83 1
247 35
169 15
209 7
194 3
189 55
293 49
68 28
131 47
172 25
37 24
62 46
136 10
113 28
142 49
69 10
4 8
64 39
40 28
227 17
142 20
237 53
142 46
203 56
195 11
227 22
166 46
185 9
128 1
228 45
114 24
123 33
225 58
236 48
117 30
149 49
303 50
304 43
197 33
29 61
180 22
105 62
100 60
7 32
271 9
109 26
70 58
51 6
125 32
241 7
224 27
64 48
286 38
27 33
238 19
90 51
175 24
44 23
166 11
289 57
248 42
57 43
200 30
202 63
219 1
232 52
261 29
245 22
75 55
56 31
297 12
149 34
75 26
141 42
63 34
195 30
258 44
171 39
116 13
9 21
179 37
79 63
6 43
215 42
281 45
224 44
25 18
181 18
264 35
96 62
273 9
143 21
278 24
210 24
276 13
187 16
279 20
19 48
276 14
245 54
135 16
21 18
57 47
259 10
198 59
4 29
279 9
229 38
265 54
133 4
78 40
252 56
175 23
90 14
101 12
252 53
120 63
37 51
223 20
82 14
127 32
184 12
255 53
278 60
48 49
112 8
70 48
26 10
274 1
113 32
287 23
123 3
114 1
122 20
82 29
176 56
183 8
18 38
256 24
110 62
188 14
121 29
299 6
121 46
182 49
184 3
285 5
20 36
179 51
82 38
2 26
33 47
101 3
218 42
186 13
272 5
86 63
31 39
193 12
85 35
156 12
286 3
211 39
33 4
129 53
242 33
187 35
174 21
19 25
201 27
273 26
91 56
281 43
62 59
186 55
131 4
69 50
64 3
154 61
198 2
130 10
72 38
274 9
162 28
21 52
148 62
143 18
165 29
109 23
223 30
18 36
195 22
190 33
93 2
236 12
171 57
282 17
6 32
65 26
100 29
276 40
45 14
90 35
296 58
232 46
3 7
191 63
198 46
197 46
138 45
72 11
56 60
232 53
254 1
9 40
308 7
87 23
82 45
154 59
169 27
71 42
128 58
224 43
288 37
65 9
43 26
107 38
225 54
47 18
33 32
219 28
281 4
116 40
38 3
263 2
101 40
278 50
119 31
91 17
292 33
119 27
222 51
237 5
95 16
139 16
217 36
26 30
178 58
236 4
114 56
195 34
49 10
93 47
31 28
8 24
161 12
92 11
294 31
119 14
249 50
21 22
68 52
134 21
166 19
153 19
165 52
83 18
200 56
237 61
160 6
56 58
90 54
74 54
211 5
107 54
55 13
28 58
50 42
165 54
225 60
71 31
303 7
299 41
109 39
119 1
204 43
74 11
123 39
204 15
235 5
156 47
119 28
56 29
259 4
24 10
249 40
47 34
3 28
57 54
20 49
14 58
178 7
123 48
143 35
189 36
151 2
136 26
78 44
48 5
128 12
51 57
52 62
163 35
273 42
128 56
93 17
198 43
160 37
160 35
170 30
50 44
5 10
40 44
129 36
264 26
121 41
170 42
199 39
2 11
39 23
237 21
147 44
110 61
52 44
41 12
7 63
4 15
50 6
49 15
109 45
28 3
206 4
143 5
296 10
20 3
28 11
145 55
289 45
58 25
200 5
256 19
168 47
124 53
241 29
41 42
165 47
211 43
85 4
167 50
178 16
274 50
304 47
76 5
31 57
67 37
174 23
115 32
120 21
166 6
299 56
162 37
195 17
17 55
214 18
307 25
21 33
277 63
212 43
293 39
50 59
212 11
97 11
296 27
43 26
80 42
71 62
56 40
127 60
166 16
75 22
215 34
62 36
274 20
304 38
162 4
148 25
81 50
26 8
271 44
3 37
123 9
159 24
57 26
33 23
50 30
100 55
229 53
31 2
139 24
14 9
219 6
44 59
138 2
63 55
201 59
241 31
209 12
77 46
309 37
129 11
71 9
144 30
303 59
141 34
107 50
266 59
133 20
28 10
161 34
126 63
255 48
94 47
161 25
207 39
62 48
39 63
204 58
106 50
3 26
98 45
42 12
162 37
206 22
21 46
152 60
180 10
133 52
177 62
166 25
237 43
74 36
268 28
81 23
130 28
93 59
292 10
30 13
206 47
69 53
261 14
191 55
39 61
192 45
114 52
40 53
101 36
96 39
220 10
91 10
291 3
18 7
94 34
210 29
70 33
135 25
146 19
110 59
16 10
232 14
261 23
160 3
56 34
150 48
252 57
87 16
195 36
181 28
149 36
38 61
207 1
178 5
57 54
100 61
188 24
60 29
130 17
241 57
140 26
227 59
86 35
73 48
145 53
57 6
80 22
47 19
242 44
78 26
84 38
203 10
149 24
233 8
17 37
172 46
70 34
258 20
114 56
273 14
239 10
230 53
10 24
234 43
90 36
58 25
76 19
144 59
128 21
309 31
251 8
293 41
110 26
140 27
160 47
139 19
286 2
6 22
246 14
235 11
163 47
293 11
302 4
256 24
226 25
5 42
289 3
208 50
123 10
285 25
17 14
9 8
214 35
146 46
95 63
67 61
282 22
244 54
110 3
142 39
201 42
276 50
22 28
233 15
56 58
21 20
114 30
84 53
262 54
242 7
291 50
233 9
9 33
299 36
50 22
91 50
235 17
202 62
119 27
152 10
51 50
228 23
215 38
146 32
17 3
304 40
136 48
308 53
68 23
70 29
258 6
201 19
259 13
185 31
193 38
139 2
194 10
73 20
8 38
99 12
269 29
196 60
220 24
227 59
72 30
80 34
305 36
116 59
197 38
170 54
236 54
268 30
252 20
208 12
278 21
308 42
38 35
273 45
302 19
104 40
267 12
121 29
50 7
67 25
151 11
178 20
160 59
14 24
184 19
188 37
274 47
184 21
170 13
3 60
225 19
278 18
222 20
288 20
212 15
48 39
52 56
145 63
62 59
1 63
135 63
272 33
247 39
204 25
139 31
11 53
289 21
72 8
168 5
108 7
23 58
250 51
175 18
4 56
36 1
271 22
240 24
262 62
172 1
41 56
102 20
299 58
28 14
219 16
175 14
70 58
303 39
38 58
27 17
133 43
201 30
105 20
285 47
2 61
217 39
136 1
140 32
232 37
11 29
177 40
217 4
131 27
214 37
67 41
115 57
200 60
146 51
181 55
122 58
212 30
257 16
223 24
63 50
89 50
135 21
35 43
156 63
84 34
232 44
183 15
279 1
52 9
39 11
185 41
32 36
209 11
118 27
199 39
243 10
206 53
125 19
60 21
198 41
148 45
131 18
68 20
235 44
221 47
97 46
81 25
88 49
21 9
125 47
200 46
220 10
169 30
224 16
202 48
103 61
104 38
151 1
76 16
227 4
52 45
164 40
185 18
54 14
292 16
120 27
68 17
192 60
88 3
246 39
234 56
236 36
140 13
180 13
255 10
220 18
46 10
68 63
41 28
177 2
174 40
164 40
73 22
116 39
221 43
2 33
44 54
309 39
175 42
191 60
103 12
159 28
110 16
222 61
193 62
89 21
38 27
199 28
74 6
236 19
178 32
1 5
240 47
268 13
95 5
123 24
36 28
277 44
6 5
298 42
152 2
21 16
250 48
76 1
113 41
151 9
105 40
234 28
257 46
36 30
213 37
217 41
147 3
77 10
8 50
71 12
39 46
209 58
218 46
227 31
133 6
90 16
88 12
35 44
162 58
22 35
188 19
168 53
2 9
87 60
159 31
243 45
268 11
21 27
279 30
149 60
257 38
60 48
244 20
117 63
10 26
20 35
103 23
3 6
86 54
79 12
307 19
234 20
306 32
73 59
35 8
258 34
286 18
133 50
234 7
191 29
237 23
114 38
12 57
223 35
134 18
254 2
267 24
193 10
29 55
28 35
105 52
233 25
115 16
188 29
29 47
305 12
243 57
82 52
53 1
302 21
205 36
56 36
253 52
260 22
5 22
62 26
259 41
249 39
137 40
194 57
111 18
69 22
39 8
75 22
165 54
299 34
202 53
64 60
79 48
142 43
40 11
34 60
236 58
166 4
306 57
9 2
290 17
10 49
179 61
176 63
299 60
309 13
218 17
238 20
247 16
28 15
261 23
205 17
253 46
237 11
114 37
165 44
133 25
89 12
13 52
15 10
305 51
188 52
233 44
289 40
266 15
34 57
188 44
13 20
132 53
5 36
310 6
188 50
98 34
287 17
10 35
247 37
47 38
302 56
262 38
246 46
167 36
227 45
296 35
34 49
254 29
184 31
148 54
263 22
243 46
152 8
271 26
170 8
221 21
164 35
97 51
240 52
63 54
286 51
187 5
68 14
191 25
9 59
173 58
188 12
268 42
143 4
50 32
130 41
29 55
200 26
37 40
270 35
12 54
276 15
194 40
47 61
286 60
41 54
244 26
91 62
212 7
301 41
63 27
179 48
107 53
256 4
31 45
136 35
92 10
160 40
101 54
80 39
167 46
294 57
229 62
155 21
293 45
174 32
84 53
283 7
10 53
198 10
64 42
8 27
10 28
168 39
99 21
306 52
307 23
88 44
148 14
198 56
131 4
143 17
39 20
244 19
223 33
246 20
76 8
200 51
7 18
242 52
132 47
301 11
213 32
233 54
255 51
294 16
191 52
128 36
91 34
119 63
266 32
159 9
42 45
208 20
91 22
54 54
70 42
68 20
237 47
28 12
70 44
292 1
230 28
117 47
75 4
138 34
188 17
262 2
13 38
69 15
254 21
161 48
92 56
159 45
61 49
95 24
171 62
65 40
27 53
91 1
182 55
250 20
30 50
7 41
213 16
213 30
241 59
152 9
9 32
43 29
243 50
48 18
15 50
106 52
100 47
252 8
176 30
239 61
185 29
220 59
215 63
42 13
169 57
159 48
129 23
195 42
231 45
241 29
1 15
100 28
89 5
195 61
95 57
59 48
193 51
228 15
115 7
83 54
121 13
197 20
141 18
1 2
241 13
242 20
251 21
244 46
254 17
44 26
58 47
166 23
160 25
92 51
195 36
61 28
264 11
60 51
150 29
49 34
223 50
267 47
216 35
299 18
163 58
297 4
124 40
134 25
289 54
62 15
156 62
203 39
275 27
108 51
252 30
276 49
301 3
12 23
133 35
244 47
133 43
125 37
63 12
178 31
203 52
47 12
258 62
46 51
62 28
140 48
289 28
47 26
79 48
268 2
237 19
26 40
193 43
126 1
270 44
94 55
226 58
39 50
109 14
280 22
195 26
213 13
169 48
214 6
159 32
8 61
306 32
138 61
118 50
114 36
216 21
9 48
91 8
155 11
54 59
90 8
139 22
233 61
208 12
192 13
159 42
122 24
73 48
304 47
161 33
267 11
273 22
68 62
126 23
253 41
197 44
116 48
230 49
137 43
35 41
235 30
286 20
41 44
227 4
40 7
130 44
90 43
211 58
19 12
132 39
247 13
104 12
220 50
271 55
249 24
147 62
296 35
47 19
31 57
140 25
143 46
98 54
16 62
162 42
295 2
60 31
293 29
245 58
3 53
148 49
230 10
226 34
10 53
109 51
99 22
301 20
261 20
84 13
278 4
237 58
144 12
22 20
75 8
59 49
26 44
228 15
154 43
227 13
265 24
76 58
223 11
225 18
248 7
148 6
213 26
196 60
28 4
293 23
19 27
236 56
255 45
231 5
255 40
215 41
18 55
207 27
144 46
245 36
277 40
59 27
217 46
245 52
255 27
6 57
230 62
30 22
269 23
219 34
10 29
167 32
189 59
242 7
195 29
175 52
8 48
100 43
151 60
26 11
69 52
128 1
165 11
17 61
181 10
42 34
72 32
301 2
20 57
200 9
3 17
210 56
194 11
211 21
211 61
197 33
153 15
99 11
230 4
248 35
63 23
126 17
189 10
146 7
154 59
141 52
278 56
28 59
154 20
69 35
76 58
75 16
158 2
20 50
14 2
129 60
137 39
290 24
49 4
84 25
265 41
132 49
214 56
143 36
54 52
128 60
20 27
74 63
225 54
213 30
131 46
167 47
32 33
265 29
3 53
112 30
57 44
99 38
205 57
37 27
88 19
157 8
51 7
198 21
129 18
202 55
307 47
88 36
228 46
171 10
224 6
68 23
99 13
101 40
55 33
250 47
179 46
202 18
53 32
230 5
186 63
98 53
80 52
274 39
58 8
64 28
38 48
4 57
57 7
165 36
103 26
88 49
165 41
162 62
109 44
260 27
10 21
103 47
190 21
152 23
258 33
197 15
234 54
307 22
106 26
237 13
272 38
268 32
220 1
174 41
38 46
280 17
300 9
213 57
220 13
168 24
97 26
189 37
93 53
71 55
275 17
309 43
184 13
79 6
82 61
154 27
201 45
78 47
135 35
287 28
190 37
260 51
131 59
120 37
80 54
56 36
132 49
51 5
201 23
135 41
222 38
202 28
116 50
145 61
111 44
226 32
240 36
82 48
202 13
137 25
96 5
122 47
145 21
67 35
91 11
92 44
264 52
100 4
237 3
26 43
58 12
91 19
277 23
231 23
260 7
280 28
25 1
200 18
249 16
274 54
249 8
307 27
252 42
166 43
307 8
36 40
76 42
233 56
46 47
126 33
12 55
207 17
226 1
132 33
191 17
238 26
149 21
273 57
209 7
304 47
194 21
93 44
80 2
121 21
104 49
141 43
170 62
3 63
79 46
14 22
7 22
208 9
286 45
136 53
220 37
112 51
65 59
238 11
33 13
202 36
50 45
26 63
182 51
247 37
237 23
5 30
55 63
226 36
105 21
241 24
222 29
69 51
98 6
218 62
50 62
13 6
12 11
163 10
219 24
257 56
77 12
162 24
168 33
229 6
14 52
40 37
95 24
48 18
140 48
273 23
198 61
10 33
273 52
169 53
271 20
202 30
210 54
127 42
67 38
69 21
269 49
181 6
104 63
27 57
252 35
103 61
67 49
289 31
128 16
86 38
259 16
263 52
109 41
24 37
37 34
17 50
263 36
265 56
253 21
42 36
217 53
183 27
11 36
308 25
93 37
195 24
252 33
81 51
57 47
92 11
246 18
255 42
24 3
230 38
79 50
152 8
209 7
305 46
167 45
229 46
115 17
77 60
289 39
143 14
90 47
65 62
83 54
290 47
121 31
2 51
79 35
201 44
163 23
57 50
183 45
191 53
278 62
21 36
102 7
60 13
199 49
295 5
175 21
303 10
143 63
164 39
153 50
132 24
164 45
51 47
152 45
92 54
168 51
36 22
116 7
214 55
197 61
296 41
84 55
138 3
94 43
267 9
61 38
61 19
232 17
149 44
62 52
28 57
68 56
233 27
82 49
166 22
142 28
306 50
80 36
257 33
57 44
243 35
310 8
15 39
97 12
113 51
75 10
207 5
283 22
167 59
71 12
73 48
143 21
120 40
246 37
76 46
303 8
9 59
220 31
105 26
189 37
1 10
248 55
73 36
34 20
32 61
240 33
201 14
17 48
31 18
104 1
113 48
277 9
117 26
141 51
303 53
109 37
252 58
304 4
2 28
7 58
89 43
107 55
166 56
279 53
31 58
200 1
179 48
234 55
31 8
113 13
294 57
26 36
172 56
138 14
221 51
69 38
205 29
131 13
52 4
267 34
20 39
263 55
236 7
39 5
130 52
18 2
58 55
301 4
201 28
249 57
29 32
139 38
168 6
74 15
6 32
53 31
151 10
138 10
207 55
214 48
157 48
64 5
155 25
222 47
254 54
211 47
23 47
186 4
158 16
36 12
40 20
72 45
27 35
185 51
45 25
99 58
32 9
59 15
156 2
218 18
246 17
148 30
95 6
135 45
178 59
43 53
100 19
285 23
40 24
285 3
14 13
306 13
80 47
56 32
9 35
88 56
18 52
276 7
61 40
112 16
272 18
41 36
186 39
285 40
70 39
234 11
57 35
80 52
182 27
263 6
259 35
198 35
161 11
161 46
104 62
108 22
277 43
76 16
102 35
187 35
197 2
218 42
304 18
179 21
11 44
4 50
110 32
193 43
186 24
90 15
85 55
120 21
93 7
16 29
119 20
221 58
15 19
143 46
247 8
90 52
239 38
166 4
72 55
142 18
224 62
82 24
88 27
194 21
175 48
59 21
26 2
107 52
64 34
61 30
76 12
46 24
207 15
223 4
278 46
188 32
306 7
299 17
43 50
243 31
133 44
309 14
290 62
279 19
125 11
148 45
39 53
271 48
261 58
111 14
146 30
63 57
127 2
201 4
68 58
279 4
100 37
279 52
8 50
60 24
96 34
220 33
154 16
163 17
134 47
101 31
5 20
144 29
222 52
66 24
104 46
193 58
226 4
152 36
186 54
65 45
94 22
10 38
238 9
259 9
174 5
248 18
125 1
228 17
107 41
177 62
24 21
261 12
161 60
222 1
95 37
107 4
36 31
275 56
245 50
77 8
230 21
104 3
99 33
41 43
103 6
42 8
163 61
125 2
227 62
55 47
178 50
12 42
131 43
90 37
284 19
254 20
295 7
210 15
297 4
1 27
117 54
143 51
98 26
51 31
285 18
204 53
155 11
223 32
271 29
34 32
228 50
207 18
122 43
192 50
203 63
264 30
127 38
176 28
44 53
229 31
25 10
69 6
297 42
172 38
159 41
81 9
32 57
307 20
14 23
103 17
181 38
241 9
232 37
278 28
164 17
141 9
56 53
239 29
21 2
203 50
95 34
155 21
255 10
234 8
190 14
81 42
145 58
145 51
282 30
19 36
62 41
177 62
43 58
197 51
283 50
14 26
15 14
301 38
215 52
66 25
302 11
143 53
201 16
152 52
177 38
160 56
5 46
161 5
74 24
122 46
125 57
102 13
256 29
110 55
271 30
5 47
139 53
197 26
281 17
214 52
150 38
96 39
298 23
20 24
80 60
165 33
247 9
287 61
97 51
206 24
205 39
50 52
4 20
138 11
264 41
273 54
259 32
58 13
91 59
70 16
228 13
128 6
88 61
48 35
14 7
78 47
147 3
86 37
69 42
284 25
11 22
185 30
12 9
190 39
225 49
242 44
20 43
26 16
173 5
131 48
15 59
194 48
252 33
240 22
51 55
117 35
27 62
120 3
162 33
241 32
72 43
47 50
87 56
238 20
229 41
276 29
68 28
107 45
161 28
61 6
231 20
128 30
240 10
185 50
249 9
291 28
49 31
277 40
18 9
157 36
265 44
175 54
165 6
203 50
154 35
290 44
305 20
66 11
42 29
48 31
198 46
134 53
54 20
310 40
37 49
10 57
192 42
172 34
207 31
237 40
235 32
24 48
210 30
303 19
149 31
183 52
143 54
216 18
30 51
41 25
297 23
28 62
114 10
197 10
247 16
220 54
179 58
44 57
89 25
1 30
168 56
179 25
141 11
197 27
260 34
120 36
139 34
278 25
188 54
200 22
264 2
109 5
66 25
45 48
152 47
215 19
266 17
62 54
203 19
304 57
256 10
305 49
190 60
37 50
282 21
288 45
75 28
175 61
57 37
163 60
110 7
196 27
126 16
20 50
153 56
285 20
177 20
91 39
94 12
55 50
204 15
103 56
243 5
239 5
112 6
70 6
137 9
44 29
190 31
254 53
190 33
7 19
122 38
35 46
44 58
208 1
210 12
127 30
267 39
152 5
155 36
76 53
245 29
6 2
246 36
192 40
100 53
240 31
14 42
117 48
269 46
91 6
298 52
63 8
163 41
109 38
224 39
29 50
260 43
73 50
274 9
44 51
160 30
205 32
27 7
51 18
104 16
265 42
290 47
284 30
14 51
165 16
7 55
19 37
72 27
44 20
137 53
118 61
146 3
227 61
77 36
189 63
279 8
106 20
147 38
48 7
140 45
265 42
41 60
181 53
204 21
87 17
231 15
177 47
184 12
124 30
187 43
25 29
206 63
35 45
190 63
14 43
161 63
16 29
177 30
271 11
199 1
288 16
44 1
110 48
240 33
200 44
150 3
200 20
266 27
227 29
33 35
126 51
277 17
77 16
121 6
61 14
261 8
57 58
273 50
52 41
8 42
136 15
179 20
269 13
172 5
64 11
188 59
1 7
98 11
116 44
20 26
185 39
222 8
186 28
225 15
99 20
80 53
98 51
111 25
35 43
133 33
252 2
154 35
292 22
176 6
151 30
283 36
295 50
251 51
219 14
285 37
157 19
191 12
6 14
206 2
284 61
191 8
185 15
33 45
192 44
286 50
187 53
197 43
53 13
94 40
134 24
39 21
266 2
131 31
51 4
110 24
286 35
98 29
149 57
7 54
247 55
248 61
260 43
305 3
130 63
151 47
306 2
266 40
71 44
45 53
129 28
135 35
92 35
80 40
92 6
199 5
91 36
282 18
230 14
300 2
276 38
169 1
266 16
271 63
60 28
185 41
150 56
171 58
282 36
50 20
35 38
87 15
288 62
79 17
99 28
5 30
116 17
59 50
19 4
89 13
82 38
265 15
191 40
161 4
176 43
245 1
182 55
143 48
294 49
51 40
226 7
299 1
19 46
296 38
146 14
107 43
87 59
265 33
280 40
57 40
47 23
222 5
3 20
115 52
200 35
226 16
79 41
38 16
290 28
45 15
287 49
288 45
240 22
137 50
122 14
109 18
178 8
200 36
209 5
120 62
295 22
204 13
114 47
1 52
300 19
267 42
206 44
224 55
247 45
187 11
172 24
63 28
127 3
303 17
126 27
28 31
140 41
145 50
253 20
204 14
4 40
185 54
160 21
84 13
298 59
176 59
189 37
124 18
247 19
48 50
163 60
238 41
305 19
272 31
10 10
272 50
183 20
10 29
8 48
217 30
102 35
185 24
293 4
136 54
310 62
182 17
52 18
147 19
174 27
233 29
163 22
172 39
158 33
144 38
122 3
27 51
197 45
206 41
106 42
69 35
306 2
288 25
262 25
97 56
254 42
140 3
152 53
68 18
173 48
50 37
107 58
174 57
128 16
310 25
99 3
10 55
109 42
31 59
112 20
44 27
265 44
243 21
124 39
242 60
87 2
206 54
81 8
62 9
218 11
57 40
219 3
259 60
280 55
185 35
80 33
200 57
127 13
114 23
274 2
1 26
204 36
18 38
35 25
219 42
121 43
118 37
31 45
75 41
217 34
76 31
114 26
275 11
72 30
159 17
115 14
9 56
62 9
63 47
160 13
54 13
202 32
271 29
268 46
296 26
285 51
102 55
182 27
172 34
15 40
250 10
289 21
59 31
188 57
8 25
309 45
36 59
182 49
83 25
45 12
199 24
12 51
64 53
207 44
116 8
137 51
186 10
275 29
44 22
76 59
37 44
164 1
91 59
276 40
144 32
141 16
70 42
74 42
216 32
111 21
269 5
290 7
107 26
64 47
21 37
110 24
226 49
85 17
50 22
90 11
6 58
264 2
189 24
280 32
202 39
186 42
293 32
27 15
256 7
179 7
1 31
286 15
85 53
28 2
156 21
219 42
137 61
181 22
93 18
176 45
145 18
61 1
131 10
101 39
147 9
106 7
107 20
129 47
227 27
21 45
64 44
35 28
207 39
235 62
110 50
244 11
257 45
213 9
169 41
172 29
217 20
242 33
310 56
221 54
310 38
182 28
41 44
27 63
31 14
67 20
127 52
301 37
100 33
31 41
264 36
86 24
100 18
169 61
104 51
35 13
193 60
58 55
171 62
248 60
112 28
250 1
187 2
212 35
275 20
66 10
103 37
48 1
119 42
125 5
82 46
220 27
283 7
74 39
51 8
233 59
141 56
175 45
160 3
83 44
288 48
221 20
129 19
108 63
184 4
67 31
124 15
143 9
8 45
91 20
179 51
99 35
74 10
281 63
51 31
266 41
306 28
176 46
132 22
223 59
156 8
11 51
277 52
167 23
159 42
72 16
260 8
105 47
281 2
116 21
261 22
279 24
170 53
35 11
292 35
298 63
157 32
26 9
66 8
26 6
199 56
245 29
5 50
1 4
236 3
52 6
255 35
143 3
29 28
123 56
222 46
78 46
95 43
198 46
1 33
226 26
61 22
186 12
216 37
250 20
146 45
160 37
239 36
4 15
28 47
227 45
151 48
231 32
26 31
235 60
139 29
276 40
305 38
263 44
132 8
257 45
201 28
161 23
51 24
150 42
58 13
246 23
269 41
134 45
5 56
123 1
12 11
262 56
191 53
286 19
106 6
182 20
298 57
125 22
275 31
83 32
247 25
149 58
270 10
253 63
68 12
155 52
135 34
203 24
123 47
263 60
77 37
79 21
310 63
30 16
221 51
175 37
212 34
96 47
158 19
44 59
48 31
284 31
113 45
131 13
20 33
102 39
144 17
51 21
101 57
55 22
116 47
273 19
110 25
166 58
278 29
222 9
225 25
152 41
100 21
15 62
148 53
25 60
142 51
135 60
208 13
261 15
34 59
79 18
231 36
250 2
202 17
175 18
14 34
294 59
64 6
84 56
168 29
222 19
187 40
27 20
141 55
107 36
256 9
178 36
231 51
112 55
280 6
237 2
145 44
295 47
200 19
132 56
166 14
119 34
92 55
164 7
146 26
112 25
232 14
67 36
78 37
178 19
248 7
249 54
102 25
197 2
121 35
256 26
306 51
1 13
119 60
116 31
71 3
306 12
3 60
237 10
48 47
275 15
38 33
198 19
192 49
227 23
18 1
305 48
183 14
122 58
142 56
302 14
20 23
1 44
217 17
48 5
99 44
89 40
145 31
287 61
157 47
206 53
165 57
89 1
175 10
257 2
202 55
173 1
162 43
61 33
275 59
182 18
28 3
270 4
260 37
48 1
234 35
203 60
80 29
281 47
287 49
165 13
232 57
195 36
112 3
265 50
144 52
71 12
59 28
103 43
276 10
221 44
298 44
257 24
187 55
247 40
253 9
171 8
