3 48 403
0 1 0 0 0 0 0 0 0 1 0 0 0 0 1 0 1 0 1 1 0 0 1 0 1 1 0 0 0 0 1 0 0 0 1 1 1 0 0 1 1 1 1 0 1 1 1 0 
1 1 0 1 0 1 0 0 1 0 0 1 0 0 1 0 1 0 0 0 1 0 1 0 1 1 0 1 0 1 0 1 1 1 1 1 1 1 1 0 1 1 1 1 1 1 1 0 
0 1 1 1 1 1 1 0 1 1 0 0 1 1 0 1 0 0 1 1 0 1 0 1 0 0 1 0 1 0 1 1 1 0 1 1 1 1 0 0 1 1 1 1 0 1 1 1 
3 17
2 39
2 7
3 48
1 41
3 3
1 31
2 2
1 39
3 37
2 22
3 12
2 37
2 23
1 17
3 8
1 23
1 42
3 12
3 37
2 14
3 31
2 38
2 37
1 14
1 16
2 48
3 45
1 19
1 9
1 21
2 31
2 41
2 1
3 38
3 5
1 45
3 45
3 29
3 33
2 39
3 28
1 34
2 5
2 28
1 24
3 1
3 11
3 17
2 11
3 46
2 29
2 38
3 41
2 20
2 40
3 8
3 5
1 23
2 27
3 26
3 48
2 48
2 12
2 12
1 39
1 30
1 29
1 9
1 19
3 40
2 16
1 17
1 7
2 12
1 43
1 34
2 5
1 27
3 12
1 32
2 35
1 40
3 42
2 16
3 21
2 19
1 48
3 41
1 43
3 45
2 39
3 35
2 10
1 3
3 8
2 40
3 34
2 43
3 42
2 30
1 45
1 8
3 34
1 13
2 42
3 42
2 41
1 37
3 36
3 48
1 28
3 36
2 12
2 27
3 28
1 48
1 2
2 38
1 23
1 38
1 24
2 1
1 38
2 29
3 37
2 20
2 19
3 17
1 34
3 34
2 24
1 40
1 20
3 24
1 1
2 18
3 44
3 33
2 30
1 23
3 45
1 6
3 23
3 27
2 19
2 43
1 5
2 8
3 18
2 34
1 47
2 27
3 32
2 27
2 34
1 28
1 35
2 9
2 2
2 40
3 32
1 3
3 12
2 36
1 17
2 30
2 36
1 42
3 39
3 8
3 24
3 16
2 5
2 28
1 27
3 4
1 25
2 3
3 14
1 27
1 10
3 19
2 14
2 17
1 19
3 38
1 48
3 45
1 1
2 48
3 12
2 9
3 12
2 47
1 21
1 10
3 27
1 27
3 27
1 23
3 24
1 23
3 5
1 28
3 32
3 48
3 35
3 23
3 21
1 41
3 6
2 26
3 29
1 28
2 46
3 21
1 40
3 42
2 37
3 3
1 48
2 19
2 8
1 9
2 18
3 22
2 41
2 41
2 16
3 29
3 42
2 23
2 6
3 5
1 8
2 14
1 47
3 29
2 24
2 25
1 30
1 18
2 42
1 22
1 7
1 32
3 25
1 41
3 41
3 28
2 28
1 33
2 24
1 44
3 29
1 48
2 3
1 33
1 28
1 40
3 42
1 2
1 37
1 6
2 14
3 34
1 14
1 47
3 7
3 32
2 44
3 35
2 19
2 42
3 35
3 39
3 11
1 46
3 46
1 47
3 20
2 47
2 19
1 37
3 21
2 12
2 41
1 22
2 24
1 12
1 8
2 4
3 19
3 18
3 18
3 8
1 38
1 26
3 40
2 16
3 29
1 20
3 6
3 27
3 44
3 18
2 36
1 22
1 25
2 4
3 27
3 26
1 24
2 31
3 33
3 45
1 4
3 14
1 30
1 33
1 3
1 16
2 15
1 21
1 9
1 38
2 6
2 35
3 40
2 5
1 21
1 19
2 16
1 8
2 2
3 22
3 46
1 37
1 39
2 25
3 22
2 4
3 45
1 23
3 22
3 32
1 24
2 31
3 14
2 27
2 2
1 5
1 24
2 18
1 10
2 7
1 29
2 32
3 47
1 4
2 43
2 27
3 13
2 8
3 1
3 20
3 20
2 24
3 19
1 45
3 44
3 22
2 33
3 8
3 5
3 4
3 42
2 28
2 8
3 9
1 48
2 11
2 5
1 10
2 47
2 10
2 30
2 42
2 38
3 26
1 5
1 36
1 17
3 28
1 27
1 48
3 11
1 48
3 5
3 42
2 7
3 41
