64 94 448
1 0 1 1 0 0 0 0 1 0 1 0 1 1 1 0 1 1 0 0 1 1 0 0 1 0 0 0 0 0 0 1 0 0 1 0 1 1 1 0 1 1 0 0 0 0 1 0 0 0 1 0 1 0 0 1 0 1 1 1 1 1 0 1 0 0 1 1 0 1 0 0 1 1 1 1 1 0 0 1 0 1 0 1 0 1 0 0 0 1 1 1 0 0 
0 1 0 0 1 0 0 1 0 0 0 0 1 0 0 0 0 1 0 0 0 1 1 0 0 1 0 0 0 0 0 0 1 1 0 1 0 1 0 0 1 0 0 0 1 0 0 1 0 0 1 0 1 1 0 1 0 1 1 0 1 0 0 0 1 1 0 0 0 0 1 1 0 1 0 0 1 1 1 1 0 0 1 0 0 1 0 1 0 0 0 1 0 0 
1 0 1 1 1 1 0 0 0 1 1 0 1 1 0 1 0 0 1 0 1 0 1 1 0 1 0 0 0 1 0 1 0 0 1 0 0 1 0 0 0 0 1 1 0 0 0 0 1 1 1 1 1 1 1 0 1 1 0 0 1 0 0 1 0 0 0 1 1 0 1 0 0 0 0 0 0 1 1 1 1 1 1 0 1 0 1 0 0 1 0 0 0 0 
1 0 0 1 0 0 0 1 1 0 0 0 1 1 0 0 1 1 1 0 0 1 0 1 0 1 0 1 1 1 1 1 0 0 1 0 1 1 0 1 1 1 1 1 0 0 1 0 0 0 0 1 1 0 1 1 1 0 0 0 1 1 0 1 1 0 1 0 0 0 1 0 1 1 0 1 0 0 0 0 1 0 1 1 1 0 1 1 0 1 0 0 1 0 
0 0 1 0 1 0 0 0 0 1 0 0 0 1 1 0 0 1 0 1 1 0 0 1 1 1 0 0 1 1 0 1 0 0 1 0 1 0 1 0 0 0 0 1 0 0 1 0 1 1 0 0 1 1 1 1 1 0 1 0 1 0 0 0 0 1 1 1 1 0 0 1 0 0 0 0 1 0 0 0 0 0 0 1 1 0 1 1 1 0 0 1 1 0 
1 1 0 0 0 0 0 0 1 0 1 0 0 1 0 0 0 1 0 0 0 0 0 0 0 1 0 0 1 0 1 1 0 1 1 0 0 1 1 0 0 0 0 0 0 1 1 1 0 1 0 1 0 0 0 0 1 0 0 1 1 1 0 1 0 1 1 0 1 0 0 1 1 0 0 1 0 0 1 1 1 0 1 1 0 1 1 0 0 0 0 1 1 0 
1 1 1 0 1 0 1 0 0 0 0 1 0 0 0 1 1 1 1 1 0 0 0 0 0 1 1 1 1 1 1 0 0 1 0 1 1 0 0 1 1 1 1 0 0 1 0 0 0 0 1 0 0 0 0 1 0 0 1 0 1 1 0 1 0 1 1 1 1 1 1 1 0 0 0 1 1 1 0 1 1 0 1 1 1 1 0 0 1 1 0 1 0 0 
0 0 1 1 0 1 0 0 0 0 1 1 1 0 1 1 1 1 1 1 1 1 0 0 1 0 1 0 1 1 1 1 0 1 0 0 1 0 1 1 0 1 1 1 1 0 0 1 1 0 1 0 1 1 0 0 1 1 1 1 0 0 0 1 0 0 1 1 0 1 0 1 0 1 1 0 0 1 1 1 0 0 0 0 1 1 0 0 0 0 1 0 0 0 
0 0 1 0 1 0 1 0 1 1 0 0 1 0 1 1 1 0 0 0 1 0 1 1 1 0 0 1 0 1 1 0 0 0 0 1 1 1 1 1 1 1 0 0 0 0 1 1 0 1 1 0 0 0 0 1 0 0 1 0 1 0 1 0 0 1 0 1 1 0 0 0 0 0 0 1 0 1 0 1 1 1 1 0 0 1 0 1 0 1 1 0 1 1 
0 0 0 1 0 1 1 0 1 0 1 1 0 0 0 1 0 0 0 1 0 1 0 0 0 0 0 0 0 1 1 0 0 1 0 0 0 1 0 1 1 0 1 0 1 1 0 1 0 0 1 1 0 0 1 1 1 1 1 0 1 1 0 1 0 1 0 1 1 1 0 1 0 1 1 0 1 0 1 0 1 1 1 1 0 1 0 1 1 0 1 1 0 1 
1 0 0 0 1 1 1 0 0 1 0 0 0 0 1 0 0 0 1 0 0 0 0 0 0 0 0 1 1 1 0 0 0 1 1 1 1 1 0 1 1 0 1 0 1 0 1 0 0 1 1 1 0 1 0 0 0 0 1 1 0 0 0 1 0 1 1 0 1 1 1 0 0 0 1 0 1 0 0 0 0 0 1 0 1 0 0 1 0 0 1 0 1 0 
0 0 1 1 1 0 1 1 1 1 0 1 1 1 0 1 0 0 1 0 1 0 0 0 0 1 1 0 0 0 1 1 0 1 1 0 1 1 1 0 1 0 0 0 0 0 1 0 0 1 0 0 1 1 1 0 0 0 1 0 1 0 1 1 1 0 1 0 1 1 0 1 0 1 1 1 0 1 1 0 0 1 1 1 1 1 1 0 0 1 0 0 0 0 
0 0 0 1 0 1 0 1 1 1 0 1 0 0 0 0 1 1 1 0 1 1 1 1 0 1 1 1 1 1 1 0 0 0 1 1 0 0 0 1 0 0 1 1 1 1 0 0 0 0 1 0 1 0 0 1 1 1 1 1 1 0 0 1 0 0 1 0 1 0 0 1 1 1 0 1 1 1 0 1 1 0 1 0 0 1 0 0 1 1 1 0 0 0 
1 0 1 1 0 0 0 1 0 0 1 1 1 1 0 0 0 1 1 1 1 1 1 1 0 0 1 0 1 1 0 1 0 1 0 0 0 1 1 0 1 1 0 0 0 0 0 1 1 1 0 0 1 0 1 0 1 1 0 0 0 1 0 1 1 0 0 1 1 0 1 0 1 1 1 1 1 0 0 1 1 1 1 1 1 0 1 1 1 0 0 0 0 1 
0 1 0 1 0 0 1 1 1 1 0 1 1 0 0 1 1 1 1 0 0 1 1 0 1 1 0 1 0 1 0 0 1 0 0 0 1 0 0 0 0 0 0 0 1 1 1 0 1 1 1 0 1 0 1 1 0 0 0 1 0 1 0 0 0 0 1 0 0 0 0 0 1 0 1 1 0 1 0 0 0 0 0 1 1 1 1 0 0 1 1 0 1 0 
1 1 0 0 1 0 0 1 1 0 1 1 0 1 1 0 0 0 1 1 0 0 1 1 0 0 1 1 0 0 1 0 1 0 0 1 0 0 1 1 0 0 1 0 0 1 1 0 1 0 0 1 1 1 0 0 0 1 0 0 1 0 1 0 1 1 1 1 0 0 0 1 1 0 1 0 1 1 0 1 1 0 0 1 1 0 1 1 1 1 0 0 0 0 
0 0 1 0 0 1 1 1 0 0 0 1 0 1 0 1 1 0 0 0 0 1 0 0 0 1 1 1 1 0 0 0 1 0 1 0 1 0 1 1 0 0 1 1 1 1 1 1 1 0 0 0 1 1 1 0 1 1 0 0 1 1 1 1 1 1 1 1 1 0 1 0 1 1 0 0 1 1 0 0 1 0 1 0 0 1 0 1 0 1 0 1 1 0 
1 0 0 0 1 0 0 0 1 1 0 0 1 1 1 0 1 1 0 0 1 0 0 0 0 0 0 1 1 0 1 0 0 0 1 1 0 1 0 1 0 0 0 0 0 0 0 1 0 0 1 0 0 0 0 1 1 0 0 0 1 1 0 1 1 1 1 0 1 0 0 1 0 1 1 1 0 1 1 1 0 1 1 1 0 0 0 1 0 0 1 1 1 0 
0 1 0 1 1 0 0 0 1 0 0 1 0 1 1 1 1 0 1 0 1 0 0 1 1 0 1 1 0 0 1 1 1 1 1 0 0 0 0 1 1 1 0 1 0 0 1 0 1 0 0 0 0 1 0 0 0 0 1 0 1 0 0 0 0 0 1 0 1 1 1 0 0 1 1 1 0 0 1 0 1 0 0 1 0 1 0 0 0 0 0 1 0 0 
1 1 0 0 0 1 1 0 1 1 1 1 1 1 1 0 1 0 0 1 1 1 0 1 0 1 0 1 1 0 0 0 0 0 1 0 0 1 1 1 0 0 0 1 1 1 0 1 1 1 1 1 1 1 1 1 0 0 1 0 0 1 1 1 1 1 1 1 1 0 0 0 0 0 0 1 1 1 0 1 1 1 1 1 0 0 0 0 0 1 0 1 0 1 
0 0 1 1 1 1 1 0 0 0 1 1 1 1 0 0 0 0 0 0 1 0 0 0 0 1 0 0 1 0 1 1 0 1 1 1 1 1 1 1 0 0 0 1 1 1 0 1 1 0 0 0 0 0 0 1 1 0 1 0 1 1 0 0 0 1 1 0 0 0 0 1 1 1 1 0 0 1 1 0 1 0 0 0 1 0 1 1 1 0 1 1 0 0 
0 1 1 1 0 0 1 0 0 0 0 1 1 1 0 1 1 1 1 0 0 0 0 0 1 0 1 1 0 1 1 1 0 1 0 1 0 1 1 0 0 1 0 0 1 1 0 1 0 1 0 0 1 0 0 1 1 0 1 0 0 0 0 0 1 1 0 1 1 0 1 1 0 1 0 0 1 0 1 1 1 0 1 1 0 1 0 0 1 1 0 0 1 1 
1 1 1 0 1 0 1 1 1 1 0 0 1 1 1 0 1 1 1 0 1 0 1 1 1 1 1 1 1 1 1 1 0 0 1 1 0 1 0 0 0 0 0 0 1 1 1 1 1 1 0 0 1 1 0 1 0 1 1 0 1 0 0 0 0 0 1 0 0 1 0 0 0 1 0 0 1 0 1 0 1 1 1 0 0 0 0 0 0 1 1 0 1 1 
0 0 1 0 1 1 0 1 0 0 0 1 0 0 1 0 0 0 1 0 0 0 0 0 1 1 0 1 0 1 0 1 1 1 1 1 1 1 1 1 0 0 0 0 0 0 1 1 0 1 0 1 1 1 0 1 0 0 1 1 0 1 0 1 0 0 1 1 1 0 0 1 1 1 1 1 1 0 0 0 1 1 1 0 0 0 1 1 1 0 0 1 0 1 
0 0 1 1 1 0 1 0 0 0 0 0 0 1 1 1 1 0 0 0 0 0 1 1 0 0 1 0 1 0 1 0 0 0 0 0 0 1 1 0 1 1 1 0 0 1 0 0 0 0 1 1 0 0 0 0 0 1 0 0 1 0 1 1 1 1 1 0 1 1 1 0 0 0 0 1 0 1 0 1 1 0 0 0 1 0 0 1 0 1 0 0 1 1 
0 0 1 1 0 0 0 1 1 1 1 0 1 0 0 1 1 0 1 0 1 1 1 1 1 0 1 0 1 1 0 0 0 1 1 0 1 0 1 1 0 1 0 0 0 1 1 1 1 1 0 1 1 1 1 1 0 0 0 0 0 1 1 1 1 1 0 0 0 0 1 1 0 0 0 0 0 0 0 1 0 1 1 0 0 1 0 1 0 0 0 1 1 0 
1 1 0 0 0 0 0 1 0 1 1 1 0 0 1 0 0 1 1 1 0 0 0 1 1 0 1 0 1 0 1 1 1 1 0 0 0 1 1 1 1 1 1 0 1 1 0 1 0 0 1 0 1 1 0 1 1 0 1 0 0 1 1 1 1 1 1 0 0 0 1 0 1 1 0 1 0 1 1 1 1 1 0 1 0 1 0 1 0 0 1 1 0 0 
1 0 0 0 0 0 1 1 0 0 1 1 0 1 1 0 1 1 0 1 1 1 1 0 0 1 0 1 0 1 0 0 1 0 1 1 1 1 1 0 0 0 0 1 1 1 0 0 0 1 0 0 0 1 1 0 0 1 0 1 0 0 1 0 1 1 1 1 0 1 1 0 1 1 1 1 0 0 1 0 0 1 0 0 1 0 1 1 0 1 0 1 0 1 
0 0 1 1 1 0 1 0 0 0 1 1 1 0 1 1 1 0 0 0 0 0 0 1 0 0 1 1 1 1 0 0 0 1 0 1 0 0 0 1 1 1 0 0 1 1 0 1 0 1 0 0 1 1 0 0 0 0 0 1 0 0 0 1 1 1 1 0 1 0 1 0 1 1 0 0 1 1 1 1 0 0 1 0 0 0 1 1 0 0 1 1 0 1 
0 1 0 1 0 0 0 1 1 0 0 0 0 0 0 0 0 0 1 0 0 0 0 1 0 1 1 0 1 0 0 0 0 1 0 0 0 1 0 0 0 1 1 0 0 0 0 0 1 1 0 1 1 0 0 0 0 0 0 1 0 1 0 0 0 1 0 0 1 1 1 1 0 1 0 0 0 0 1 0 0 0 1 1 1 1 1 1 1 0 0 1 0 0 
1 1 0 1 1 0 1 1 0 0 1 1 1 0 0 1 1 1 1 1 1 0 1 1 0 0 0 0 1 1 1 1 1 0 0 1 0 1 0 0 1 1 0 1 1 0 0 0 0 0 1 0 0 0 0 1 0 1 0 0 0 0 1 1 1 0 1 1 0 1 0 1 1 0 0 1 1 0 0 1 1 1 0 0 1 1 1 1 1 0 0 0 1 0 
0 0 1 0 1 0 0 1 1 1 1 1 0 1 1 1 0 0 1 0 1 0 1 0 0 1 0 1 1 1 1 0 1 0 0 0 0 1 1 0 0 1 1 1 1 0 1 1 1 0 1 1 1 1 1 0 0 0 1 0 1 0 0 0 0 0 1 0 0 0 1 0 1 0 0 1 1 1 0 0 1 1 1 0 0 0 0 0 1 0 0 1 1 1 
1 1 0 0 0 0 1 1 1 0 1 1 0 0 1 0 1 0 0 1 0 1 0 0 1 0 1 1 0 0 1 0 1 0 0 0 0 0 1 1 0 0 1 1 0 0 1 1 0 0 0 0 1 0 0 0 1 1 0 0 0 1 1 1 0 1 0 1 1 0 0 0 1 1 1 0 0 0 1 1 0 1 1 1 1 1 1 1 0 1 0 1 0 1 
1 1 1 1 0 1 0 1 1 0 1 0 1 0 1 0 1 0 0 1 1 1 1 0 1 0 1 1 1 0 1 1 1 0 0 1 0 1 1 0 0 0 1 1 0 0 0 1 1 0 1 1 0 0 1 0 1 1 1 0 1 0 1 1 1 0 0 1 0 1 1 0 0 0 0 1 1 0 0 0 1 0 0 0 0 0 0 0 1 0 1 0 0 1 
1 1 1 0 1 0 1 1 1 1 1 0 0 0 0 0 0 1 1 0 1 0 1 1 0 1 1 0 0 0 0 0 1 1 1 0 0 1 1 0 0 0 0 1 0 1 0 1 0 1 0 0 0 0 0 0 0 1 1 1 1 0 0 1 0 0 0 1 0 0 0 0 1 1 1 0 1 1 1 1 1 0 0 1 0 0 1 0 0 0 1 1 1 1 
0 0 1 0 0 1 0 1 0 1 0 0 1 1 0 0 1 1 1 1 0 0 1 1 0 0 1 1 1 1 0 0 0 0 0 1 0 0 1 1 1 0 0 1 0 0 0 1 0 1 1 1 1 0 0 0 1 1 0 1 1 1 1 1 0 1 0 0 1 1 0 1 1 0 1 1 1 1 0 1 0 1 1 0 1 0 0 1 0 0 0 1 0 0 
0 1 0 1 1 0 1 0 0 0 0 0 0 0 0 0 1 1 1 0 0 1 0 1 0 1 1 0 0 1 0 0 0 1 1 1 0 1 0 0 1 1 0 1 1 0 0 0 0 1 1 0 1 1 1 0 1 1 0 0 0 1 0 1 1 1 0 0 1 0 1 1 0 0 1 0 1 0 1 0 0 1 1 1 0 0 1 0 0 1 0 1 1 1 
1 0 1 0 1 0 1 1 1 1 0 1 0 0 1 1 1 0 1 0 1 0 0 1 0 0 0 1 1 1 1 1 1 1 0 0 1 1 1 1 0 1 0 1 1 0 0 1 0 0 0 1 0 1 1 1 1 0 1 0 1 0 0 1 0 0 1 0 0 1 0 1 1 1 1 1 1 1 1 1 0 1 0 0 1 0 0 0 0 0 0 0 0 1 
1 1 1 0 0 1 0 0 1 1 0 1 0 1 1 1 0 0 0 1 0 0 0 0 1 0 1 0 0 1 0 0 1 1 1 0 1 1 1 1 1 0 1 0 0 0 1 0 0 0 1 0 1 0 1 0 1 0 0 1 0 1 1 1 1 1 0 1 0 1 1 1 1 1 0 0 1 1 1 0 0 1 1 1 0 0 0 0 1 1 1 0 1 1 
1 1 0 0 1 1 0 0 0 0 1 1 1 1 0 0 0 0 1 0 1 0 0 1 1 0 0 0 0 1 0 1 0 0 0 1 0 0 1 0 0 0 0 0 0 0 0 0 1 1 0 1 1 1 1 0 1 0 1 1 1 0 0 0 0 0 1 1 1 0 1 1 0 0 1 0 0 0 0 0 0 1 0 0 1 1 0 1 0 0 0 1 1 1 
0 1 0 0 1 0 0 1 0 1 0 0 1 0 1 1 0 0 0 0 0 1 1 1 0 0 0 0 0 1 0 1 1 1 0 1 1 0 1 0 1 0 0 0 1 1 0 1 0 0 1 0 1 1 1 1 0 0 1 0 1 1 1 0 1 0 0 1 1 0 0 1 0 0 0 1 0 1 0 0 0 1 1 1 0 0 1 1 1 0 1 1 1 0 
1 0 1 0 0 0 1 1 0 0 0 1 0 1 1 1 1 0 0 0 0 0 1 1 0 1 0 1 0 0 1 0 0 0 0 0 0 0 1 1 1 1 1 1 0 0 0 0 1 1 1 0 0 0 1 1 0 1 0 0 0 0 0 0 0 1 1 1 1 1 0 1 0 1 0 0 0 1 0 0 0 1 1 0 1 1 1 1 0 0 0 1 1 1 
1 1 0 1 1 0 0 0 0 0 0 0 0 0 1 1 1 0 0 0 1 0 0 1 0 1 1 1 1 0 1 0 1 1 1 0 1 1 1 0 0 1 1 0 0 1 0 1 1 1 0 0 0 0 1 1 1 1 1 0 1 0 1 1 0 0 1 0 0 1 1 1 0 0 1 1 1 1 1 0 1 1 0 1 1 1 1 1 1 1 0 1 1 0 
1 0 0 1 1 1 0 1 0 1 1 1 0 1 0 1 1 1 0 0 0 0 1 0 1 1 1 1 1 1 0 0 1 0 0 1 1 1 0 1 0 1 0 1 0 1 0 0 0 1 0 1 0 0 1 1 1 0 1 1 1 0 1 1 1 1 0 1 1 0 1 1 1 1 0 1 0 0 1 1 0 1 1 1 0 1 0 1 1 1 0 0 0 0 
1 0 1 1 1 0 1 0 0 0 1 1 0 0 1 1 0 0 1 0 0 1 0 1 0 1 0 0 1 1 1 0 1 1 1 0 0 0 1 1 0 1 0 0 1 0 1 0 0 1 1 0 1 0 0 1 0 1 1 0 1 1 0 0 0 1 1 1 0 1 1 1 0 1 0 0 0 0 1 1 0 1 1 1 1 0 0 1 0 1 0 0 1 0 
1 0 0 1 0 1 0 0 1 1 1 0 0 0 1 1 1 1 1 1 1 1 0 1 0 1 1 0 0 1 0 0 0 1 0 1 0 0 0 0 0 0 1 0 0 0 1 1 1 0 0 1 0 1 0 0 0 1 1 0 1 1 1 0 1 0 0 1 0 0 1 0 0 0 1 1 1 0 1 0 1 0 0 0 1 0 0 0 1 0 0 1 1 1 
1 1 0 1 0 0 0 1 1 0 0 1 1 1 0 1 0 1 1 0 1 1 0 0 1 1 1 1 0 1 0 1 1 0 1 0 1 1 1 0 0 0 1 0 0 0 1 1 1 1 0 0 0 0 1 1 1 0 0 0 0 1 0 1 1 0 0 1 0 1 0 0 1 0 1 1 0 0 0 0 1 0 0 1 1 0 0 1 0 0 0 1 0 0 
1 0 0 1 0 0 1 1 1 1 1 0 0 0 0 1 0 1 1 1 0 1 1 0 1 1 1 1 1 0 0 0 1 0 1 1 1 0 0 1 1 1 1 0 0 0 1 1 0 0 0 1 1 0 0 0 1 1 0 0 0 0 0 1 0 1 1 1 1 0 0 1 0 0 0 1 1 1 1 0 0 1 1 1 1 1 1 1 0 1 0 0 0 1 
1 1 1 1 1 0 0 0 1 0 0 0 0 0 0 1 1 0 1 1 0 1 0 0 1 0 0 0 0 1 1 1 0 1 0 1 0 0 0 0 0 1 0 0 1 0 1 1 1 1 1 0 0 1 0 1 0 1 0 1 1 0 0 0 0 1 0 0 1 0 1 1 0 0 0 1 1 1 0 1 0 0 0 1 0 0 1 1 1 0 0 0 0 1 
1 0 0 1 0 0 0 1 1 1 0 0 0 1 1 0 1 0 0 0 0 0 1 1 0 1 0 0 1 1 1 1 0 0 0 0 0 1 0 1 1 0 1 0 0 0 1 1 0 0 0 1 1 1 0 1 1 0 0 0 0 1 1 1 1 1 0 0 0 0 1 0 1 1 0 0 0 1 1 1 1 1 1 0 1 1 1 0 1 0 1 1 1 0 
0 1 0 0 1 0 1 1 1 1 0 0 0 1 1 0 1 1 0 0 0 0 0 0 1 1 0 1 0 1 1 0 1 0 1 1 1 1 1 0 1 1 0 1 1 0 1 1 1 1 1 1 0 1 1 1 0 0 1 1 0 1 0 1 0 0 1 0 1 1 1 0 0 1 0 1 0 1 1 1 0 0 0 1 1 0 0 0 1 0 0 0 1 0 
1 0 0 0 0 0 0 1 1 1 0 0 0 1 1 0 1 0 0 0 0 0 0 1 0 1 0 0 1 1 0 0 0 0 0 1 1 1 1 0 0 1 1 0 1 1 0 0 0 1 0 0 1 0 1 1 0 1 0 0 1 0 1 0 1 1 1 0 1 1 1 1 0 1 0 1 1 1 0 0 0 0 1 1 1 0 0 1 0 0 0 1 0 1 
1 0 0 1 0 1 0 1 0 0 1 1 1 0 1 1 0 1 1 1 1 1 0 0 0 1 0 0 1 1 1 0 0 1 1 0 1 0 0 1 1 1 1 1 1 0 1 1 0 0 1 1 0 1 0 0 0 0 1 0 0 1 1 0 1 1 0 1 1 1 1 1 0 1 1 0 1 1 0 0 0 1 1 0 0 0 1 0 1 1 0 0 1 0 
0 1 1 1 1 0 1 0 1 0 0 1 1 1 0 0 0 1 1 0 1 0 1 0 1 1 0 0 1 0 1 0 1 1 1 0 1 1 0 1 1 1 1 0 0 0 1 0 1 0 1 0 0 0 0 0 1 0 1 1 1 1 0 0 1 0 0 0 0 1 1 1 1 0 0 0 1 1 1 1 1 1 1 0 1 0 1 1 1 1 0 1 0 1 
0 1 1 0 1 0 0 1 1 1 0 1 0 1 0 1 1 0 0 1 0 0 0 0 1 1 1 0 1 1 0 1 0 1 0 0 1 1 1 1 1 0 0 0 1 1 0 0 1 0 1 0 1 1 1 1 0 0 1 0 1 0 1 1 1 1 0 1 0 0 1 1 0 0 0 0 1 0 0 0 0 1 1 0 1 0 0 0 0 1 1 1 0 1 
1 1 0 0 0 0 1 1 0 1 1 1 0 1 1 0 1 1 0 0 0 0 1 1 1 1 0 1 1 1 0 0 0 0 0 0 0 1 1 0 0 1 0 0 1 1 1 1 0 0 0 0 1 0 0 1 1 0 1 1 1 1 1 1 0 0 1 0 0 0 1 0 1 1 0 0 1 1 0 1 1 1 0 1 0 0 0 1 1 0 1 0 1 1 
1 1 0 0 1 0 0 0 0 0 0 1 0 0 1 1 1 0 1 0 0 1 1 1 0 1 1 1 0 0 1 1 1 1 0 0 0 1 0 1 1 0 1 1 1 0 1 0 1 1 0 1 0 1 0 0 0 0 0 1 1 1 0 0 1 1 1 0 1 0 0 1 1 1 1 1 0 0 0 0 1 1 0 0 1 0 1 1 0 0 0 0 0 0 
0 1 0 0 0 1 0 1 0 1 1 0 1 1 0 0 0 1 0 1 1 0 1 1 0 0 1 0 1 1 0 0 1 1 1 1 1 1 1 1 0 1 1 1 1 1 0 0 1 0 1 1 1 0 1 0 0 1 0 1 1 0 0 1 1 0 1 0 0 0 0 0 0 0 0 1 1 1 0 0 1 1 1 1 0 1 0 0 1 0 1 1 0 1 
1 0 0 0 1 0 0 1 0 1 1 0 0 1 0 0 1 0 0 1 0 0 0 1 0 0 0 0 0 1 0 1 0 0 0 1 0 0 0 0 1 1 1 1 1 1 1 1 1 0 0 0 1 1 1 0 1 0 0 0 0 1 0 1 0 1 1 1 1 0 0 1 0 0 0 0 0 0 0 1 1 0 1 0 1 0 0 1 1 1 1 0 1 0 
0 1 0 1 0 1 1 1 1 1 1 1 0 1 0 1 0 0 1 1 0 0 1 0 1 0 0 1 1 0 0 1 1 1 0 1 1 1 0 0 1 1 1 1 1 0 1 0 1 0 0 0 1 0 0 0 1 1 1 1 1 1 0 0 0 0 1 1 0 1 1 1 0 1 1 0 1 0 0 1 1 0 1 0 0 0 1 1 1 1 1 1 0 1 
0 0 1 0 1 1 1 1 0 0 0 1 0 1 0 0 1 1 0 1 0 1 1 1 1 1 0 0 1 0 0 0 1 0 0 1 0 1 0 0 1 0 1 1 1 1 1 1 1 1 0 0 0 0 0 1 0 0 1 1 1 1 0 1 0 0 0 1 1 0 1 1 1 0 1 1 1 0 0 1 0 0 1 1 1 1 1 0 1 1 0 0 0 0 
0 0 0 1 0 1 1 0 0 0 1 1 0 1 1 1 1 0 1 1 0 0 1 0 0 1 0 1 0 1 1 0 0 1 1 0 0 0 0 0 1 1 1 1 1 1 1 0 0 0 1 0 1 1 1 1 1 1 1 1 0 1 1 0 0 1 0 1 1 0 0 1 0 0 1 0 0 0 0 0 1 1 0 1 1 0 1 1 1 0 1 1 0 0 
1 1 0 1 1 1 1 1 0 0 0 0 0 0 0 1 1 0 0 0 0 1 1 1 1 0 0 0 1 0 1 0 1 1 0 1 0 0 0 1 0 1 1 1 0 1 0 1 1 0 1 1 0 1 1 0 1 0 1 1 1 0 1 0 0 0 0 1 0 1 0 1 1 0 0 1 0 1 0 0 1 1 0 0 0 1 1 0 0 0 1 1 1 0 
0 1 0 1 0 1 0 1 1 0 0 1 0 1 1 0 0 0 0 1 1 1 1 0 1 0 0 1 1 0 0 1 0 1 1 1 1 1 0 0 1 0 0 0 0 1 0 0 1 0 1 1 1 1 0 1 1 0 0 1 0 0 0 1 0 0 0 0 1 0 0 1 0 1 0 1 1 0 0 1 0 1 1 0 0 0 0 0 0 0 0 1 0 0 
10 75
37 39
23 55
59 71
61 33
4 38
13 82
46 48
19 84
12 53
7 45
8 43
30 53
38 50
4 76
56 31
16 38
1 57
14 59
60 76
44 73
56 29
24 84
48 74
37 8
54 32
39 80
30 2
52 46
57 77
57 28
48 68
40 3
15 17
32 8
13 26
55 94
64 54
19 69
17 94
56 76
51 35
8 53
13 20
1 67
22 90
5 1
12 57
14 30
7 44
26 92
45 32
63 6
46 84
36 89
31 28
51 14
54 27
61 26
48 39
35 30
51 84
2 43
3 5
29 5
1 51
25 89
45 18
5 11
9 30
58 65
36 46
27 43
47 66
60 36
23 78
33 15
34 13
60 85
33 11
21 61
2 84
61 24
54 11
10 65
13 32
48 13
10 11
49 12
43 94
36 18
36 41
23 68
6 64
33 20
46 26
54 35
32 81
32 88
41 48
17 63
37 10
35 92
39 6
37 29
64 34
52 23
57 82
8 89
62 51
39 48
7 60
23 89
40 79
20 2
45 68
10 80
47 52
24 86
53 49
33 93
59 64
42 1
8 87
15 41
40 2
45 35
59 31
28 1
51 28
20 47
19 72
48 57
14 44
40 16
37 25
41 45
15 73
36 85
44 75
14 8
28 18
43 60
12 58
43 24
63 24
9 36
30 71
22 85
16 16
35 20
19 73
55 3
23 8
62 13
31 73
46 50
64 82
16 59
36 18
55 76
33 79
14 35
54 61
57 83
37 28
39 1
30 92
39 84
24 89
6 58
15 50
2 48
60 38
7 16
58 26
47 5
55 82
63 61
1 43
40 87
16 2
51 44
17 3
2 60
23 21
31 83
10 37
45 10
14 81
31 9
39 79
60 78
24 27
22 28
62 22
41 60
48 4
54 18
33 13
59 21
2 43
36 55
30 91
29 68
55 57
46 89
1 16
31 79
12 85
49 18
62 28
21 48
62 90
29 7
26 55
30 80
62 28
44 41
60 74
57 70
61 31
8 7
34 43
27 35
55 83
21 87
42 44
41 22
35 16
16 26
54 41
3 67
35 55
24 55
38 46
4 17
18 60
14 32
53 6
33 18
26 36
12 81
35 1
3 56
53 87
60 70
26 84
7 6
63 66
47 65
24 55
55 5
44 45
54 89
35 83
30 27
14 23
12 93
44 70
55 66
59 59
41 9
56 9
25 89
26 69
45 3
38 82
49 9
19 56
26 57
10 72
24 46
16 11
47 83
45 78
63 27
60 9
52 11
3 69
17 80
21 2
10 49
14 1
57 58
43 44
28 27
60 44
61 25
52 75
5 43
20 72
26 91
24 92
26 18
38 74
12 87
49 93
15 67
24 11
18 55
3 29
16 36
61 25
26 42
2 18
23 55
5 41
19 2
51 61
31 23
14 30
40 80
35 26
57 91
33 70
42 89
53 90
9 37
26 52
56 42
33 46
38 71
33 1
25 85
12 53
15 34
11 17
19 35
28 33
64 19
19 87
23 48
46 15
21 81
14 64
17 52
37 56
37 64
52 11
8 42
60 43
54 24
52 84
34 46
35 54
59 32
29 82
39 34
40 4
31 76
24 19
35 57
1 40
49 55
22 90
55 22
17 46
64 86
61 35
21 25
23 43
5 82
26 35
31 10
11 19
31 29
31 78
4 12
63 23
47 52
5 72
24 54
53 80
26 68
52 7
45 49
34 82
21 91
56 2
59 44
41 59
45 43
49 69
16 72
61 77
43 76
49 59
4 94
61 66
33 63
15 24
62 30
32 42
46 9
39 84
2 51
59 11
56 75
52 55
8 71
43 76
36 62
34 34
37 24
25 42
22 82
56 87
43 83
39 36
50 90
36 51
58 88
64 33
27 39
59 1
36 51
29 36
52 59
44 49
29 26
15 8
62 65
30 13
49 52
41 63
22 2
15 54
11 68
24 39
56 91
64 43
21 22
48 6
47 20
51 28
5 9
39 36
17 32
53 70
37 60
12 9
61 66
7 43
16 10
44 20
53 41
35 76
