43 95 811
1 0 0 0 1 0 1 0 1 0 0 1 1 0 1 1 0 1 0 1 0 1 0 1 1 0 0 1 0 1 0 1 1 0 0 0 1 0 0 1 0 1 1 1 0 0 1 0 1 0 0 1 1 0 0 1 1 1 0 1 1 0 1 1 0 0 0 1 1 1 0 0 0 0 1 1 1 0 0 1 0 0 1 0 0 0 0 1 0 0 1 1 0 0 1 
0 1 1 1 1 1 1 0 0 0 0 1 1 0 0 1 0 0 0 0 0 0 1 0 0 1 0 1 1 1 0 1 0 0 0 1 1 1 1 1 1 0 0 0 1 1 0 1 1 1 0 0 1 1 0 1 1 1 0 0 1 1 1 0 1 1 0 1 0 0 1 0 1 0 0 0 1 1 1 0 0 1 1 1 0 1 0 0 1 1 1 1 1 0 0 
1 1 0 0 0 0 1 0 1 0 1 1 1 1 0 0 0 1 0 0 0 1 1 1 1 1 0 0 1 1 0 0 0 0 1 1 0 0 0 0 0 0 1 1 0 1 0 0 0 1 1 0 0 1 1 0 1 1 1 0 1 1 0 0 1 1 0 0 1 0 1 0 0 0 0 1 0 1 0 1 1 1 1 0 1 0 0 1 1 0 1 0 1 1 0 
1 1 0 1 1 0 0 1 1 0 0 0 1 0 1 0 0 0 1 0 1 1 1 0 1 1 0 0 1 1 0 0 0 1 0 1 1 0 0 0 0 0 1 0 0 0 0 1 0 1 0 0 0 1 0 1 0 1 0 0 0 1 0 1 0 1 0 1 1 0 0 0 0 1 0 1 1 0 0 0 0 1 0 1 0 0 0 0 1 0 0 1 1 0 0 
0 1 0 0 0 0 1 0 0 1 0 1 1 1 0 0 0 1 0 1 1 0 1 1 1 1 1 1 0 1 0 1 1 0 1 0 0 1 1 0 0 0 1 0 0 1 0 1 1 1 1 1 1 0 0 0 0 1 1 1 1 1 1 1 0 0 0 0 1 1 0 1 1 0 1 1 0 1 0 1 0 1 1 0 0 1 1 1 0 0 1 1 0 0 0 
0 1 0 0 0 0 1 1 1 1 0 1 0 0 0 0 0 0 1 0 0 0 0 0 1 1 0 1 1 1 1 1 1 0 1 0 1 0 0 1 1 0 0 1 0 0 1 0 1 1 0 1 0 1 0 1 0 1 0 1 0 0 1 1 1 0 0 0 0 0 0 0 0 1 0 0 1 0 1 0 0 1 0 0 0 0 0 0 0 1 0 0 0 0 1 
1 0 0 0 1 1 0 0 1 1 0 0 1 0 1 1 1 0 1 0 0 1 1 1 1 1 1 1 1 0 0 1 1 1 0 1 1 1 0 0 1 1 1 0 0 1 0 0 0 1 1 1 0 0 0 0 0 1 0 1 0 0 1 0 0 0 0 0 1 0 0 0 0 0 1 1 1 1 1 1 0 0 1 1 0 1 0 1 1 1 0 1 0 0 1 
1 1 1 0 0 0 0 0 1 1 1 1 1 1 0 0 1 1 1 0 1 1 0 1 1 0 0 1 0 0 0 0 1 1 0 1 0 0 1 1 0 1 1 1 1 1 1 1 1 1 0 1 1 0 0 0 0 1 0 0 0 0 0 1 1 0 1 0 1 0 0 0 1 0 0 1 1 0 0 0 1 1 1 1 0 1 0 1 0 0 0 1 0 1 1 
0 0 0 0 1 0 1 1 0 1 0 1 1 1 0 0 1 0 0 0 0 0 1 0 0 0 0 0 1 0 0 0 1 1 0 1 0 0 1 1 0 0 0 0 1 1 0 1 0 1 1 0 0 0 1 1 0 1 0 0 0 1 1 1 1 0 1 1 1 1 0 0 0 1 1 1 0 1 1 0 1 1 0 1 1 1 1 1 1 1 0 0 0 1 0 
1 0 0 0 0 1 0 0 1 0 0 0 0 1 0 1 1 0 1 0 0 1 0 1 0 0 0 1 0 0 1 0 0 1 1 1 1 0 1 1 0 0 0 0 1 0 1 1 0 1 0 0 0 1 0 0 0 1 1 0 0 0 0 0 0 0 0 0 1 0 1 1 1 1 0 1 1 1 1 1 1 0 1 0 1 1 0 1 1 0 0 1 1 0 1 
1 1 1 1 1 0 0 0 0 0 0 1 1 0 0 0 0 0 1 1 1 1 1 1 1 1 0 0 1 1 1 1 0 1 1 1 0 0 1 1 0 1 1 0 1 1 0 1 1 1 1 0 1 1 1 1 1 0 1 0 0 1 1 0 1 1 0 1 1 0 1 1 1 1 0 1 0 1 0 1 0 0 1 1 0 0 0 1 1 0 1 1 1 0 0 
1 0 1 0 1 1 1 0 0 0 0 0 1 0 0 0 1 1 0 0 0 1 0 0 0 1 0 0 0 1 0 1 0 0 0 0 0 1 1 1 1 0 1 1 0 0 0 0 0 1 1 0 1 0 0 1 1 0 0 1 0 0 1 0 0 0 1 0 0 0 1 0 0 0 0 1 0 1 1 0 0 1 1 1 1 1 0 0 1 1 1 1 0 1 0 
0 1 0 0 0 0 0 1 1 0 0 0 0 0 1 1 0 0 0 0 0 1 0 0 0 1 0 0 0 0 1 0 1 0 1 1 1 0 0 1 0 1 0 1 1 1 1 1 1 0 1 0 1 1 0 0 1 0 0 1 0 1 0 1 1 0 0 0 0 1 0 1 0 0 1 1 1 1 0 0 0 1 0 1 0 0 0 0 1 0 0 0 1 1 1 
0 1 1 1 1 1 0 1 1 1 0 0 1 0 0 0 0 1 1 1 1 0 0 0 0 1 0 0 0 0 0 0 1 1 0 1 0 0 0 0 1 1 0 0 1 0 1 1 0 0 1 1 0 0 0 1 0 1 1 1 1 0 1 0 0 0 1 1 1 1 0 1 1 0 1 0 0 1 0 0 0 0 0 1 1 0 0 0 0 1 0 0 0 1 1 
0 1 0 1 1 1 0 0 1 0 0 1 0 0 0 0 0 0 1 1 1 0 0 1 1 0 1 0 1 1 1 0 0 0 1 0 0 0 1 1 0 0 0 1 0 0 1 1 0 0 1 1 0 0 0 0 1 1 0 0 0 1 0 0 1 1 0 1 0 0 0 1 1 0 1 1 1 0 0 1 1 1 1 0 1 0 0 1 0 1 1 1 0 0 1 
0 1 0 1 1 0 1 0 1 1 1 0 1 0 0 0 1 1 1 1 1 1 0 1 1 1 0 0 0 0 0 0 0 1 1 0 1 1 1 0 1 0 1 1 0 1 0 0 0 0 1 0 1 0 0 0 0 1 0 1 0 1 1 1 1 0 1 0 0 1 0 1 0 1 0 0 1 1 0 0 0 1 1 0 1 0 1 1 1 0 1 0 1 1 0 
1 1 1 0 1 1 1 0 1 1 1 1 0 0 0 1 0 1 1 0 1 1 0 0 0 0 1 0 0 0 1 1 1 0 0 0 1 0 1 0 1 0 0 1 1 1 1 1 1 0 0 0 0 1 1 1 0 0 1 0 0 0 0 1 1 0 1 1 1 0 0 0 1 0 1 0 1 1 1 1 1 1 1 1 1 1 0 1 1 0 0 1 0 0 0 
0 1 1 0 1 1 1 1 1 1 1 1 1 1 1 0 1 0 1 1 1 0 1 1 0 1 1 0 0 0 1 0 1 0 0 1 0 0 1 0 0 0 0 0 0 1 1 1 0 0 1 0 0 0 0 0 0 1 0 0 1 0 0 0 0 0 0 0 0 0 1 0 1 0 1 0 1 0 0 1 0 0 0 1 1 0 0 0 1 1 0 1 0 0 0 
1 1 1 1 0 0 1 0 0 0 1 1 0 0 0 0 1 1 1 1 1 0 0 0 0 1 1 0 0 1 1 1 0 1 1 0 0 0 0 0 0 0 1 1 1 1 1 1 1 0 1 1 0 0 0 0 1 0 0 0 0 0 0 0 1 1 1 1 1 1 1 1 1 0 1 0 0 0 0 1 1 1 0 1 0 1 0 0 0 1 0 1 1 1 1 
1 0 1 1 0 1 1 1 0 0 0 0 1 0 1 1 1 0 1 0 1 0 0 0 1 1 0 0 0 1 1 0 1 0 0 1 1 1 1 0 1 1 1 0 0 1 0 1 1 1 0 0 0 1 1 1 0 0 0 0 0 1 0 0 0 1 0 1 0 1 1 0 1 1 1 1 0 1 0 0 0 0 1 1 1 0 1 0 1 0 0 0 0 0 1 
1 0 1 1 1 0 1 0 0 1 0 0 1 1 1 1 0 0 0 0 0 1 0 0 1 0 0 0 1 1 0 1 1 1 0 1 0 1 1 0 0 0 1 0 1 1 0 1 0 0 0 1 0 1 1 1 0 0 0 0 1 0 0 0 1 0 1 0 1 1 0 0 0 1 1 1 0 1 0 0 0 1 0 0 0 0 1 0 1 1 1 0 1 1 1 
0 1 1 1 0 1 0 0 0 1 1 0 1 1 0 0 0 0 0 1 1 1 1 1 0 1 0 0 0 1 1 1 1 0 0 0 1 0 1 1 1 1 1 1 0 1 1 1 1 1 0 0 1 0 0 0 1 1 0 1 1 1 0 1 1 0 1 0 1 0 1 0 1 0 0 0 0 1 1 1 1 1 0 1 0 0 0 0 0 1 0 0 0 0 0 
0 1 1 1 1 1 0 1 0 0 1 0 0 0 0 0 0 1 0 1 1 1 1 1 0 0 1 1 0 1 0 0 0 1 0 1 1 1 0 0 1 0 0 0 0 0 1 0 1 1 1 1 0 0 1 0 1 0 1 1 1 1 1 1 1 0 1 0 1 0 0 0 0 1 0 1 0 0 1 0 0 1 0 1 1 0 0 1 1 1 1 1 1 0 0 
1 0 0 0 1 0 1 1 1 0 0 1 0 1 0 0 0 1 1 0 1 1 1 1 1 1 1 0 1 0 0 1 0 1 0 0 0 1 1 1 0 1 0 1 0 0 0 0 1 0 1 1 1 0 1 1 1 0 1 1 0 1 1 0 1 0 0 1 1 1 1 1 1 1 1 1 0 1 0 0 0 0 1 1 0 1 1 0 1 0 1 0 0 0 0 
0 0 1 1 1 1 0 1 1 1 1 0 1 1 1 0 0 0 1 1 1 1 0 1 0 0 1 1 1 0 0 1 1 0 1 1 1 0 0 0 1 1 1 1 0 1 1 1 0 0 0 1 1 0 0 0 1 0 0 1 1 1 0 1 0 1 0 1 1 1 1 1 0 0 1 0 0 1 1 1 1 0 0 1 1 1 0 0 0 0 0 1 0 0 1 
0 1 1 1 1 0 1 0 0 0 1 1 1 1 0 0 0 1 1 0 0 0 1 1 0 0 0 0 1 0 0 1 1 0 1 1 0 0 1 0 0 1 0 0 0 0 1 1 0 1 1 0 0 1 0 1 0 1 1 0 1 0 1 0 0 0 0 0 0 1 0 0 1 0 0 0 1 1 1 0 1 1 0 0 1 1 1 0 0 1 0 1 1 0 0 
0 1 1 0 1 1 0 0 0 1 0 1 0 1 0 1 1 1 1 1 0 1 1 1 0 0 0 0 0 1 1 1 1 1 0 1 1 1 1 0 0 0 1 0 1 0 0 0 1 0 0 1 0 0 0 1 1 0 0 0 1 0 1 0 1 1 1 0 0 0 1 0 1 1 1 1 0 1 1 1 1 0 0 1 0 0 1 0 1 1 0 0 1 0 0 
0 1 1 0 1 1 0 0 1 0 0 0 1 1 1 1 1 1 1 1 0 0 1 1 1 1 1 1 1 0 1 1 0 0 0 0 1 1 1 0 1 0 0 0 1 0 0 1 0 0 0 0 0 0 0 1 1 0 0 1 0 1 1 0 0 1 0 1 1 0 0 0 1 1 0 0 1 1 0 1 1 1 1 1 1 0 1 1 0 1 1 0 0 1 0 
1 0 0 1 1 0 1 1 0 0 1 0 1 0 0 0 0 1 1 1 0 0 1 0 1 1 0 0 1 1 0 0 1 1 0 1 0 1 1 0 0 0 0 0 1 0 1 1 0 1 0 1 0 1 0 1 1 1 1 0 0 1 1 1 1 1 1 0 1 0 0 1 1 1 0 0 0 0 1 1 1 0 0 0 0 1 0 0 0 1 1 0 1 0 0 
0 0 1 0 0 1 0 0 0 0 0 1 0 0 0 1 1 0 1 0 1 0 1 1 1 1 0 1 0 1 0 0 1 1 1 0 1 0 1 0 1 0 1 1 0 0 1 0 1 1 1 1 0 0 1 1 0 0 1 0 1 0 0 0 0 1 1 1 1 0 0 1 0 1 1 0 0 1 0 0 1 0 0 0 0 0 1 1 1 1 1 1 1 0 0 
0 1 1 0 0 0 0 1 0 1 1 1 0 1 1 0 1 1 0 1 1 0 0 0 0 0 0 1 0 1 0 1 1 0 0 1 1 1 0 1 1 1 0 0 0 1 0 0 0 1 0 1 1 0 0 0 0 0 0 1 1 1 1 1 0 1 1 0 1 0 0 1 0 0 0 1 1 0 0 0 0 1 0 1 1 1 0 0 0 1 1 0 1 0 1 
0 1 0 0 1 1 1 1 0 1 1 0 1 0 0 0 1 0 1 0 0 1 1 0 1 1 0 1 0 1 1 0 1 1 1 1 1 1 0 1 1 0 1 0 1 1 1 0 1 1 1 0 1 1 0 0 1 1 0 1 1 1 1 0 1 1 1 0 0 0 1 0 0 1 1 0 0 0 1 0 1 1 0 0 1 0 1 0 0 1 0 0 0 0 1 
0 0 1 0 0 1 1 1 1 0 0 0 0 0 0 0 1 1 0 0 1 1 1 0 1 0 0 1 0 0 0 1 0 0 0 1 0 1 0 1 1 0 1 0 1 0 0 0 1 0 1 1 0 0 1 0 0 1 0 1 1 1 0 0 0 0 0 1 1 1 0 1 0 1 0 0 1 1 0 0 1 1 1 1 1 0 0 1 1 0 0 1 0 0 1 
0 1 0 0 0 0 0 1 0 0 0 0 1 0 0 1 0 0 0 0 0 0 0 0 0 0 0 1 1 1 1 1 0 1 1 1 0 0 1 0 0 1 0 0 1 1 0 0 0 1 1 1 0 0 1 1 1 0 1 1 0 0 1 1 0 1 0 1 0 0 1 0 1 1 0 1 1 1 0 1 0 0 1 1 1 1 0 1 0 1 0 0 0 1 0 
0 1 1 0 0 1 1 0 1 1 1 1 1 1 0 1 1 0 1 0 0 0 1 0 0 1 1 1 1 0 1 1 1 0 1 0 1 1 0 1 0 0 0 0 0 1 0 1 1 0 0 1 0 1 1 0 0 0 0 0 1 1 0 1 0 1 0 1 0 1 1 1 0 0 0 1 1 1 0 1 1 0 1 1 0 1 1 1 1 0 1 1 1 1 0 
1 1 1 0 0 1 1 0 1 1 1 1 1 1 0 0 1 0 1 0 1 1 0 1 1 1 0 1 1 0 1 1 0 1 0 0 1 0 1 0 0 1 0 1 1 1 0 0 1 1 1 1 0 0 1 0 1 1 0 0 0 0 1 1 0 1 1 0 1 0 1 1 1 0 1 1 0 1 0 0 0 0 1 1 1 0 0 1 0 0 1 0 1 1 0 
1 0 1 0 0 1 0 1 1 1 0 1 0 1 1 0 1 1 0 1 1 1 1 0 0 1 1 1 1 0 0 0 0 0 0 0 1 0 0 1 1 0 1 1 0 1 1 1 0 0 1 0 1 1 1 1 1 1 0 0 0 0 0 0 1 0 1 0 1 1 0 1 1 1 1 0 1 1 0 1 1 1 0 0 1 1 1 0 0 1 1 0 0 0 1 
1 0 1 0 1 0 1 0 0 0 0 0 1 1 0 1 0 0 1 0 0 0 0 0 1 1 0 1 1 1 1 0 0 1 0 0 0 1 1 1 0 0 1 0 0 1 0 1 1 1 0 1 0 0 1 0 1 1 1 1 0 1 0 0 0 1 0 0 1 0 1 1 0 1 1 1 0 1 0 1 1 1 1 0 1 1 1 0 0 1 1 0 1 0 0 
1 1 0 0 0 1 1 0 0 1 0 1 1 0 1 0 1 0 1 1 1 1 0 1 1 0 1 0 0 1 1 0 0 0 0 0 1 0 1 0 1 1 1 1 0 0 0 0 1 1 0 1 1 1 1 0 1 1 1 1 1 1 0 0 1 0 0 0 1 1 0 0 1 0 0 1 1 1 1 1 1 0 1 0 1 1 0 1 1 1 0 1 1 1 1 
1 1 1 0 1 1 0 1 0 0 1 0 0 1 1 0 0 1 1 1 1 1 1 0 0 0 1 0 1 0 1 1 1 1 0 1 1 0 0 0 1 0 1 0 0 1 0 1 1 0 0 1 1 0 1 1 0 0 0 1 0 0 1 0 0 1 1 1 1 0 0 1 0 0 0 1 0 1 0 1 1 1 1 0 1 1 1 0 0 0 0 0 1 1 1 
1 1 0 0 0 0 0 0 1 1 0 1 0 0 1 1 0 0 0 0 1 1 0 1 1 1 1 0 1 1 1 1 0 1 1 0 1 0 0 1 0 1 0 0 0 0 0 0 0 1 1 1 0 0 0 1 0 0 1 0 0 0 0 1 1 0 0 1 0 1 1 1 1 0 0 1 0 1 1 1 1 0 0 0 1 0 0 0 0 0 0 0 0 1 1 
0 1 0 1 0 0 0 0 1 0 1 1 0 1 0 0 1 0 0 0 0 1 1 0 0 1 0 1 0 0 1 1 0 0 0 0 1 1 1 0 1 1 0 0 1 0 1 0 1 0 0 1 1 0 0 0 1 1 1 1 0 0 1 1 1 1 0 1 1 1 1 1 0 1 0 1 0 1 0 0 1 1 0 1 0 0 0 1 1 1 0 1 0 0 0 
1 1 0 1 0 0 1 1 1 1 0 0 0 0 0 0 0 1 1 1 1 0 0 1 0 0 1 1 1 1 0 1 1 0 1 0 1 0 1 1 0 1 0 0 1 1 1 1 1 1 0 1 0 1 0 0 0 0 1 1 0 1 0 1 0 0 1 0 0 1 1 1 0 1 0 0 1 0 1 0 0 1 1 1 0 1 1 1 0 1 0 1 1 1 1 
9 23
7 2
18 3
11 62
41 81
19 12
19 70
8 87
26 1
28 70
15 36
5 51
32 48
29 25
14 16
16 84
40 25
33 68
30 39
19 12
2 54
37 62
3 56
34 15
20 21
42 41
10 4
5 24
22 45
26 58
7 8
12 85
22 14
43 61
19 68
20 28
19 39
20 23
27 63
15 53
39 69
10 71
35 65
3 29
3 13
1 6
28 18
3 53
9 42
40 42
12 32
1 78
16 87
14 95
8 13
22 13
17 64
28 68
29 18
5 11
33 41
24 44
33 91
11 54
5 8
6 31
18 8
28 77
1 39
2 55
6 77
21 39
25 3
32 3
2 51
13 44
3 15
10 39
2 21
7 91
6 82
2 89
18 36
8 2
37 36
30 6
21 68
13 41
22 53
18 75
1 45
13 40
40 7
9 61
20 74
5 76
26 15
4 34
10 93
42 55
1 55
9 21
24 57
3 28
25 63
30 38
14 39
15 71
36 55
35 14
10 44
27 62
11 28
36 23
10 39
38 80
16 89
8 12
33 17
32 46
20 12
34 14
21 1
40 45
25 79
17 37
7 51
18 37
6 31
16 60
35 28
31 93
29 83
16 94
28 53
8 56
40 80
37 60
18 12
32 4
42 23
17 87
28 30
25 9
31 62
43 1
10 92
42 64
13 17
13 95
24 11
36 87
35 80
2 38
6 68
8 81
9 12
1 5
26 51
34 35
21 78
12 60
17 28
28 24
37 48
38 61
14 81
1 46
35 1
34 50
24 29
31 55
32 37
2 54
37 29
5 88
1 51
40 58
34 2
13 77
1 22
8 34
32 48
24 68
41 13
32 69
18 34
41 94
7 42
31 81
17 68
10 49
16 54
31 69
35 55
15 40
6 12
23 53
28 49
28 1
6 26
25 73
19 58
43 46
26 3
33 30
30 79
20 21
16 32
24 36
26 3
35 16
2 26
22 94
8 89
26 46
24 49
13 69
35 44
9 48
25 56
43 37
40 72
12 76
19 54
4 95
21 46
28 78
10 71
29 6
30 19
42 82
25 90
27 34
7 33
34 43
5 49
30 79
39 53
37 95
7 3
14 62
2 63
34 72
33 94
7 88
2 27
29 39
24 75
26 77
37 31
15 24
37 33
3 23
3 80
1 10
10 43
34 87
11 43
13 63
2 22
8 48
17 81
16 92
17 22
19 42
20 7
37 44
41 33
30 48
37 52
2 59
22 18
31 83
35 6
22 91
31 8
42 5
1 46
22 35
23 4
41 94
29 31
24 75
9 78
18 91
33 50
43 17
12 80
11 58
13 5
40 24
21 51
39 2
27 75
8 79
32 87
22 50
2 84
15 57
3 14
30 57
14 59
34 16
33 40
28 9
31 24
28 1
20 42
38 40
19 91
11 9
31 77
24 45
41 70
34 28
5 91
7 38
27 14
29 34
36 53
41 21
21 62
41 21
43 16
42 14
8 19
23 37
8 51
38 59
4 65
2 52
31 59
36 88
2 44
42 58
42 55
29 55
10 16
22 33
38 12
23 93
6 58
38 74
16 82
42 68
2 13
38 7
26 84
27 23
10 94
33 31
18 21
36 25
3 88
7 78
31 70
1 62
34 25
16 65
27 17
22 47
7 83
42 94
21 17
10 42
24 75
26 26
17 87
18 1
15 61
43 65
11 38
28 55
19 7
35 12
4 93
10 21
26 37
1 1
31 31
39 63
31 57
10 5
27 87
19 8
32 37
5 85
4 80
43 28
28 38
32 47
2 15
41 10
33 56
30 16
33 48
8 56
3 18
6 8
39 37
23 32
17 1
18 90
34 51
27 48
39 34
14 95
23 83
38 43
9 74
27 36
36 50
6 71
14 95
12 71
15 50
10 45
38 92
13 29
36 38
18 60
36 17
19 47
3 58
2 70
13 61
33 32
33 70
5 87
5 61
10 49
33 33
19 36
35 28
43 19
43 89
23 8
17 26
16 30
39 5
42 94
18 95
21 12
1 92
35 67
22 85
6 63
19 59
7 89
34 43
27 56
16 3
1 69
4 52
41 64
16 24
36 50
32 6
35 34
29 3
28 76
36 91
30 47
36 81
24 70
13 51
29 89
17 82
11 85
12 80
38 57
19 27
2 18
38 25
12 42
22 4
8 28
32 24
6 11
27 74
23 83
20 60
14 32
28 14
24 62
17 55
7 49
13 53
2 6
16 65
30 42
32 70
32 25
1 51
3 57
14 15
26 9
30 45
25 84
24 32
24 74
13 17
33 80
30 78
16 87
25 69
19 11
31 82
7 13
37 85
4 3
15 8
35 46
4 15
30 60
4 48
18 69
31 63
2 16
18 75
34 46
23 53
11 15
13 95
30 70
5 48
7 28
26 11
27 73
34 34
1 5
3 71
26 28
22 68
37 65
38 76
27 68
17 81
31 70
43 86
30 76
39 72
42 19
33 73
37 4
3 40
17 73
31 61
28 40
10 73
24 64
24 78
37 5
21 63
15 92
35 50
8 51
8 86
38 15
34 7
12 69
42 64
23 13
38 49
31 84
18 49
18 81
20 53
43 90
15 65
4 88
17 94
27 57
33 13
17 68
40 91
6 50
37 54
40 27
30 31
35 78
13 64
30 70
25 80
9 6
37 55
6 10
41 57
14 92
32 44
22 13
16 3
32 34
30 80
35 89
24 70
28 47
12 36
38 1
8 47
40 50
22 62
2 76
34 28
42 74
41 41
40 86
17 2
15 79
39 3
25 45
32 10
32 40
18 62
35 53
4 80
41 50
25 32
33 58
23 29
39 23
7 54
23 43
32 71
29 57
18 49
7 90
19 8
3 12
2 12
25 45
27 27
15 73
38 36
43 16
6 95
31 76
11 60
20 81
28 25
35 85
32 23
43 34
27 15
5 10
43 1
13 27
1 46
2 83
30 39
10 53
18 4
38 28
20 90
4 6
31 75
23 57
27 37
6 8
37 18
35 54
22 56
25 50
1 65
38 26
43 64
41 66
33 87
36 82
40 89
31 14
6 76
6 58
26 49
3 61
38 6
16 5
3 43
36 76
42 37
19 90
25 75
3 56
12 16
37 94
29 55
9 59
13 11
10 22
38 12
39 45
33 33
15 40
26 47
9 12
41 74
9 18
9 43
19 23
11 67
2 20
41 48
18 80
39 13
2 21
29 15
41 64
14 13
29 61
21 63
32 51
15 42
31 60
28 26
8 56
25 82
40 34
33 65
21 3
22 21
20 5
30 84
11 75
15 40
25 95
4 27
2 75
1 68
12 77
25 14
9 17
37 80
28 24
10 95
22 85
15 6
20 17
36 53
26 60
34 20
39 44
13 28
32 63
5 43
40 68
19 68
13 66
36 7
20 77
35 95
14 22
36 28
34 71
32 4
20 78
8 37
37 25
3 47
20 68
40 64
40 15
17 31
7 52
18 77
39 23
25 89
43 31
24 19
16 68
27 67
20 73
28 91
3 43
40 10
9 90
32 51
11 9
3 29
8 1
2 76
18 27
33 80
29 77
4 92
20 35
35 57
17 50
32 29
2 39
42 70
42 18
31 31
13 30
30 56
14 66
30 85
34 52
31 12
1 7
6 47
10 50
11 10
8 19
34 79
29 20
28 16
40 12
30 45
19 9
22 47
