588 35 5428
0 0 1 0 1 1 1 1 0 1 1 1 1 1 0 1 0 0 1 1 0 1 0 1 1 0 0 1 0 0 0 1 1 1 0 
1 1 1 1 0 1 1 0 1 1 0 0 1 0 1 0 0 0 0 1 0 0 1 0 0 1 0 0 0 0 1 1 1 1 1 
1 0 0 0 1 1 0 1 0 0 0 0 1 1 1 1 0 0 1 1 0 0 1 0 0 1 1 1 1 1 1 1 1 1 1 
0 0 1 1 1 0 0 0 0 1 1 1 1 0 1 0 1 1 1 1 1 1 1 1 0 0 0 0 0 1 1 0 0 0 1 
1 1 1 0 1 0 1 1 1 0 1 1 1 1 1 0 1 0 1 0 1 0 0 0 0 1 1 0 0 1 1 0 1 1 1 
1 1 1 1 1 0 1 0 0 1 1 1 1 1 0 1 1 0 0 1 1 1 0 0 1 1 1 0 0 0 0 0 1 0 0 
1 0 0 1 0 1 0 0 0 1 1 0 0 1 0 0 0 0 0 0 1 1 1 1 0 0 0 0 1 0 0 0 0 0 1 
1 1 1 0 1 0 1 1 1 0 0 1 1 1 1 1 1 1 0 1 1 1 0 1 0 1 0 1 0 1 1 1 0 0 0 
1 1 0 1 0 0 0 0 1 1 0 1 0 0 0 1 1 0 0 1 0 0 0 1 0 1 1 1 0 1 1 1 1 1 0 
0 0 1 1 0 0 1 0 1 0 1 1 0 0 0 0 1 1 1 0 0 0 1 1 0 1 1 1 0 1 1 1 1 1 1 
1 0 0 0 0 1 0 1 0 1 0 0 0 0 0 0 0 0 0 1 1 0 1 1 1 1 0 1 0 1 1 1 1 1 1 
0 0 1 0 1 0 0 1 1 0 1 0 1 0 1 0 0 1 1 0 1 1 0 1 0 1 1 1 0 0 1 1 0 0 0 
0 0 0 1 0 0 0 0 1 1 0 0 0 1 0 1 0 0 0 0 0 0 0 1 0 1 0 1 0 0 1 0 0 1 0 
0 1 0 1 0 1 0 0 1 1 1 1 0 1 1 0 1 1 0 0 0 0 1 1 1 1 1 1 0 0 0 1 0 1 1 
0 1 1 1 1 0 1 1 1 1 0 1 0 0 1 1 1 0 1 1 0 1 1 1 0 0 0 0 1 1 0 0 1 0 0 
0 1 1 0 0 0 0 0 1 1 0 0 0 1 1 1 0 0 1 1 1 0 1 0 1 1 0 0 1 1 1 0 0 1 0 
1 1 0 1 1 0 1 1 0 0 0 1 0 1 0 0 1 0 0 1 1 0 0 0 0 0 1 0 1 0 0 0 0 0 1 
0 1 1 1 0 0 1 1 0 1 0 0 0 1 1 1 0 0 1 0 1 0 0 1 1 1 0 1 1 0 0 1 1 0 0 
0 0 0 0 1 0 1 0 0 0 0 1 1 1 0 1 0 1 0 0 0 0 0 0 0 0 1 1 0 0 1 0 0 0 0 
1 0 1 0 0 0 1 1 0 0 0 1 1 1 1 0 1 1 0 1 1 0 0 1 1 1 1 1 1 0 1 1 1 0 1 
0 1 1 1 1 1 0 0 0 1 1 0 1 0 0 1 1 1 0 1 1 1 1 1 1 0 1 1 0 0 1 1 0 0 1 
0 0 0 0 1 1 0 1 0 0 1 0 1 0 1 0 1 1 0 1 0 1 1 1 1 1 1 1 1 0 0 0 0 0 0 
0 0 0 0 0 0 1 0 1 1 0 0 0 0 1 0 1 0 1 0 1 1 0 1 0 1 0 0 0 1 1 1 0 1 0 
0 0 0 0 0 0 1 0 1 1 0 0 0 0 1 1 1 0 1 1 1 0 1 1 0 0 1 1 0 1 0 1 0 1 0 
0 1 0 0 0 1 0 0 1 0 0 1 1 1 0 1 1 0 1 1 1 1 0 0 0 0 0 1 1 1 0 0 1 0 1 
1 0 1 1 0 1 1 1 0 0 0 1 1 0 0 1 1 1 1 0 1 0 1 1 0 0 0 0 0 1 0 0 0 1 0 
1 1 0 1 1 0 0 0 0 1 0 0 0 1 1 0 0 0 1 0 1 0 1 0 0 0 1 1 1 0 1 1 1 1 0 
1 1 1 1 1 0 1 0 1 0 0 1 1 1 1 1 1 0 0 1 0 0 0 1 1 1 1 1 0 0 1 1 0 1 0 
1 0 0 1 0 0 1 1 0 1 0 0 1 1 1 0 0 0 1 1 1 1 1 0 1 0 0 1 1 0 1 1 1 0 0 
0 1 0 0 0 0 0 0 1 0 0 1 1 0 1 0 1 0 1 0 1 1 1 1 1 1 1 0 1 0 0 0 0 1 0 
0 0 0 0 1 0 1 1 0 1 1 1 1 1 0 0 0 1 0 1 0 0 1 0 1 1 0 1 0 0 0 1 0 1 0 
0 1 1 0 1 1 0 0 0 1 0 1 1 1 1 0 0 0 0 1 1 0 1 1 1 0 1 1 0 0 1 0 0 1 1 
1 1 1 0 0 1 0 0 0 0 1 0 1 0 0 0 1 1 0 1 1 0 0 1 0 0 0 0 1 1 0 0 1 0 0 
1 1 1 1 1 0 1 0 1 0 0 0 1 0 1 0 0 1 1 0 0 0 1 1 1 1 0 0 1 1 0 1 0 1 1 
1 0 1 0 0 0 1 1 0 1 0 0 0 0 1 0 0 1 1 0 0 0 0 0 0 1 0 0 1 1 0 0 0 0 1 
1 0 0 0 0 0 1 1 1 1 0 1 0 0 1 1 0 0 0 0 0 1 0 0 0 0 1 0 0 0 1 1 1 1 1 
0 1 0 0 1 1 1 0 0 0 1 0 1 0 1 0 0 1 1 0 1 1 1 1 0 1 0 0 1 0 0 0 1 1 0 
1 0 1 1 1 1 1 0 1 1 1 1 0 1 0 1 1 1 1 0 1 1 0 1 1 1 1 1 1 0 1 0 1 1 0 
0 1 0 0 0 0 1 0 0 0 1 1 0 1 0 1 0 0 1 1 0 0 1 0 0 1 1 0 0 0 1 0 0 0 1 
0 1 1 0 0 0 0 0 1 0 1 0 0 0 1 0 1 0 1 0 1 0 1 0 1 0 1 1 0 0 0 1 1 1 0 
0 1 1 0 0 0 0 1 1 0 0 1 1 1 1 0 1 1 0 1 0 1 1 0 1 1 0 1 0 0 1 1 1 0 1 
0 0 0 1 1 1 0 1 1 0 0 1 1 0 1 1 0 1 1 0 1 1 0 1 0 0 1 0 0 0 1 0 0 1 0 
1 0 0 0 1 1 1 1 1 0 1 1 0 0 0 1 0 1 0 0 0 1 1 0 1 0 0 0 0 1 1 1 0 1 1 
1 1 0 1 0 0 0 0 1 1 0 1 0 1 1 0 0 0 1 0 0 0 1 1 0 0 1 0 1 1 1 1 1 0 0 
0 0 1 1 0 0 0 0 0 1 1 0 1 1 1 1 0 0 0 0 1 0 1 0 0 0 1 1 1 1 0 1 1 1 0 
0 1 0 0 1 0 1 1 1 0 0 1 1 1 1 0 0 0 0 0 0 0 1 1 1 1 0 0 1 0 1 1 0 1 0 
0 0 1 1 0 0 1 0 0 1 1 0 0 1 0 0 1 1 0 0 1 1 1 1 1 0 1 1 0 1 1 1 0 0 1 
0 1 1 1 1 0 1 0 1 1 1 1 1 0 1 0 0 1 1 0 1 0 0 1 0 1 1 1 0 1 0 1 1 0 1 
0 0 1 1 1 1 1 0 1 1 0 0 1 1 1 0 1 0 1 1 0 1 0 1 0 0 1 0 1 0 1 0 0 0 1 
0 0 1 0 0 1 1 0 0 0 1 1 0 1 1 0 0 0 1 0 0 1 0 1 1 1 0 0 0 0 0 0 0 1 0 
1 0 0 1 0 0 1 0 1 1 0 0 0 1 0 0 0 0 1 1 0 1 0 1 1 1 0 1 0 0 1 0 0 0 1 
1 1 0 0 0 1 1 0 0 0 1 0 0 1 0 0 1 0 1 0 0 0 1 0 1 0 0 0 1 1 0 0 1 0 0 
0 0 1 0 1 1 0 1 0 1 1 0 0 1 0 1 0 1 1 0 1 1 1 1 1 1 0 0 0 1 1 0 1 1 1 
1 1 0 1 1 1 0 1 0 1 0 1 1 0 0 0 0 0 1 1 1 1 0 0 1 1 0 1 0 1 1 1 0 0 0 
0 1 0 1 1 0 1 1 0 1 0 1 1 0 0 0 1 1 1 1 0 0 1 1 1 0 0 1 1 0 0 1 1 1 1 
0 0 0 0 1 1 0 1 1 1 0 1 0 0 1 1 0 0 0 1 1 1 0 1 1 1 1 1 0 1 1 0 1 1 0 
0 1 0 0 1 0 1 0 1 0 0 0 1 0 1 0 1 0 0 1 0 1 0 0 1 1 1 0 1 0 0 0 0 0 0 
1 1 0 0 0 0 1 0 0 1 0 0 0 1 1 1 1 1 0 1 1 1 1 1 0 0 0 0 0 1 1 0 0 1 0 
0 0 0 0 0 0 1 1 1 0 1 1 0 1 1 1 0 0 0 0 1 1 1 1 1 1 1 1 0 1 1 0 1 0 0 
0 1 0 1 0 1 1 0 1 0 1 1 0 0 1 1 1 0 1 0 0 0 1 0 0 1 1 0 1 0 0 0 1 0 0 
1 0 0 1 1 0 1 0 1 0 0 1 0 1 1 0 1 0 0 0 1 1 0 1 0 0 0 0 0 0 1 0 1 0 1 
0 0 0 0 0 1 1 0 0 1 1 1 0 0 1 1 0 0 1 1 0 1 1 0 0 0 0 1 0 1 1 1 0 1 0 
0 0 0 1 1 1 1 0 1 1 1 1 0 1 1 1 1 1 0 1 0 1 1 0 1 0 0 0 0 1 0 0 1 0 0 
1 1 1 1 0 1 1 1 0 0 1 1 0 1 0 1 0 0 1 1 1 1 0 1 1 1 0 0 1 0 1 1 0 1 0 
0 0 1 0 1 0 1 0 0 0 1 0 0 1 0 0 0 0 0 1 1 1 1 0 1 1 1 1 0 1 0 0 0 0 0 
1 1 0 0 1 0 1 0 1 0 0 0 0 1 0 1 1 0 1 0 1 1 1 1 1 1 1 0 1 1 1 1 0 1 0 
0 0 0 0 0 1 0 0 0 1 1 0 0 0 0 0 0 0 1 0 1 1 0 0 0 1 1 1 0 1 0 1 1 1 0 
1 0 0 0 0 0 0 0 1 1 0 0 1 0 1 0 0 1 1 0 0 1 0 0 1 0 0 0 1 1 0 1 1 1 0 
0 1 0 0 0 1 1 1 0 0 1 0 0 0 0 1 1 0 1 0 0 0 0 1 1 0 1 1 1 1 1 1 0 0 0 
1 0 1 1 1 0 0 0 1 1 0 1 1 0 0 1 0 1 0 0 0 1 1 0 0 0 0 1 1 0 0 1 0 0 0 
0 0 1 1 0 0 0 1 0 0 1 1 1 0 1 0 1 1 1 1 1 1 1 1 1 0 0 0 0 1 0 1 0 0 0 
0 1 1 1 1 0 1 0 0 0 0 0 0 0 1 0 0 1 0 0 1 0 0 0 0 0 0 1 1 1 0 1 1 1 1 
0 1 0 0 0 0 1 0 1 1 1 0 0 0 0 1 0 0 1 0 1 1 1 1 1 1 1 0 0 1 1 0 1 0 0 
0 1 0 0 0 1 1 0 1 1 0 0 1 1 1 1 0 0 0 1 0 0 0 1 1 1 1 0 1 1 1 0 1 1 0 
0 0 1 1 0 0 1 0 0 0 1 0 0 0 0 0 1 1 1 1 1 0 0 1 0 1 1 1 1 1 1 1 1 0 1 
0 0 0 1 1 1 0 1 0 0 0 1 0 0 0 0 1 1 1 0 0 0 0 1 1 0 0 0 1 0 1 1 1 1 0 
0 0 1 1 1 1 1 0 1 1 1 0 0 0 1 0 0 0 1 0 1 0 0 0 0 1 0 1 0 1 0 0 0 0 1 
1 1 0 1 0 1 0 0 1 1 1 0 0 0 0 1 1 1 0 0 1 1 1 0 1 1 0 1 1 1 0 0 0 1 0 
0 0 0 0 1 0 1 1 0 0 0 0 1 1 0 0 0 0 1 0 0 0 1 1 0 1 1 1 0 0 0 1 1 1 1 
0 0 0 1 1 1 0 1 1 0 1 1 1 0 1 0 1 0 0 0 0 0 0 1 0 1 0 1 0 1 1 0 0 1 1 
1 0 1 1 1 0 0 1 0 0 1 1 1 0 0 1 0 0 0 1 1 1 0 0 0 1 1 0 1 1 0 1 1 0 1 
1 0 0 0 0 1 0 0 1 1 0 0 1 1 1 0 0 1 1 1 0 1 1 1 0 0 0 1 1 0 0 0 0 1 0 
0 0 0 0 1 1 0 1 0 0 1 0 1 1 0 0 0 0 0 0 1 1 1 0 0 0 0 0 1 0 0 1 1 0 1 
1 1 1 0 0 1 1 0 0 0 0 0 0 1 0 0 1 0 1 0 0 1 0 1 1 0 1 1 0 0 0 1 1 1 1 
1 1 0 0 0 1 1 1 0 0 1 0 0 1 1 0 1 0 1 0 0 1 1 1 1 1 1 1 1 1 1 1 0 1 0 
1 1 0 1 1 0 1 0 0 0 1 1 0 0 1 1 0 0 1 1 1 0 1 1 1 1 0 0 0 0 1 1 1 1 1 
1 0 0 1 1 0 0 0 0 1 1 1 0 0 1 0 1 1 1 1 0 1 1 1 0 0 1 0 0 1 1 1 1 1 1 
0 1 0 0 0 1 0 0 1 0 0 1 1 1 0 0 0 1 1 0 1 0 1 1 1 1 0 0 0 1 0 1 1 1 1 
1 0 1 1 1 1 1 0 1 1 0 1 1 1 1 0 0 1 1 0 0 0 0 1 1 1 0 0 1 0 1 1 1 0 0 
0 0 0 0 0 1 0 1 0 1 1 0 0 1 0 1 1 1 0 1 0 0 1 1 1 1 0 1 0 0 0 1 1 0 1 
0 1 1 1 0 1 0 1 1 1 0 1 1 0 0 1 1 1 1 1 1 1 1 0 1 0 1 1 0 0 0 1 1 1 1 
1 0 0 1 1 1 1 1 1 0 1 1 0 0 0 1 0 1 0 0 1 1 1 1 0 1 1 0 1 0 1 0 1 0 1 
0 0 0 0 1 0 0 1 1 1 0 0 1 0 1 1 0 0 1 1 0 1 1 0 0 1 0 0 0 1 0 1 1 0 1 
0 0 1 1 0 0 1 0 1 0 0 1 0 1 0 1 0 0 0 0 0 1 0 0 0 1 1 1 1 1 1 1 1 0 1 
1 0 1 1 1 1 0 0 0 0 0 0 1 1 0 0 0 1 1 0 0 1 0 1 0 1 0 0 0 0 0 1 1 0 1 
1 1 0 1 1 1 0 0 0 1 0 0 0 1 1 0 1 0 1 0 1 1 0 0 0 1 1 0 0 1 0 1 1 1 0 
1 1 0 0 0 1 0 1 0 0 0 0 0 0 1 0 1 0 0 0 0 0 1 0 0 1 1 0 1 0 0 0 0 1 0 
0 0 1 1 1 0 1 0 0 0 0 0 1 1 0 0 1 0 1 0 1 1 1 0 0 1 0 0 1 0 0 0 0 0 0 
1 1 1 0 0 1 1 0 0 1 1 0 0 1 0 1 0 0 1 0 1 0 1 0 1 1 1 0 0 0 0 0 0 0 0 
0 0 1 1 1 1 0 1 0 1 1 1 0 0 1 0 1 0 1 1 1 0 1 1 0 1 1 0 1 0 1 1 0 0 0 
0 1 0 1 1 0 0 1 1 0 1 0 1 0 1 0 1 0 0 1 0 0 0 0 1 0 0 0 0 0 1 0 0 0 0 
0 0 0 1 0 1 0 0 1 1 0 1 1 1 0 0 1 1 1 1 1 1 0 1 1 1 0 0 0 0 0 1 1 0 0 
0 0 1 1 1 1 0 1 1 1 0 0 1 1 1 1 1 1 0 0 1 1 1 1 1 0 0 0 1 0 1 1 0 0 1 
0 0 0 0 1 0 0 1 1 1 1 1 1 0 0 0 0 1 0 0 1 1 0 0 0 1 1 0 0 0 0 0 0 1 1 
1 0 1 0 0 0 0 0 1 0 1 0 0 1 0 1 0 1 1 0 1 0 0 1 1 0 0 0 0 1 0 1 1 1 0 
1 1 1 1 0 1 1 1 1 0 0 0 1 0 0 1 0 0 0 0 0 1 1 1 1 1 1 1 1 0 0 1 1 1 1 
1 0 0 1 0 1 0 0 0 1 0 1 0 0 1 1 0 1 0 0 0 0 0 1 0 0 0 0 1 0 0 1 1 1 1 
1 1 0 1 0 1 0 1 1 1 0 0 1 1 1 0 0 1 1 0 1 1 0 0 0 1 1 0 0 1 1 1 1 0 1 
0 1 1 0 0 1 0 1 0 1 0 0 0 0 0 1 1 0 0 0 1 0 0 0 0 1 1 1 0 0 0 0 1 0 1 
0 0 0 0 1 1 1 1 0 0 1 0 0 1 1 0 1 0 0 0 0 0 1 0 0 0 0 0 0 0 1 0 0 1 0 
1 0 1 0 0 1 0 1 0 0 0 1 0 1 1 1 1 0 0 1 1 1 1 1 0 0 0 1 0 1 1 0 0 0 0 
1 0 1 1 1 1 1 0 1 1 1 0 0 1 0 1 1 1 1 1 0 1 0 1 1 1 1 0 0 0 1 1 1 0 1 
1 1 0 1 0 1 1 1 0 1 0 0 1 0 0 0 0 0 0 0 1 0 0 1 0 0 1 1 1 1 1 1 0 0 1 
0 1 0 0 1 0 0 0 0 1 1 1 1 0 1 1 1 1 1 0 0 1 0 0 0 0 0 1 0 1 0 0 0 1 0 
1 1 0 0 1 0 1 1 1 0 1 1 1 0 1 1 0 0 1 0 1 0 0 1 1 0 1 0 0 1 0 0 1 0 0 
1 1 1 1 1 0 1 1 1 1 1 1 1 1 0 1 1 1 1 1 0 1 0 0 1 0 1 1 0 1 0 0 0 0 1 
0 0 0 0 1 1 1 1 0 0 1 0 0 0 1 0 0 0 0 0 0 0 1 1 0 1 1 0 0 0 1 0 0 1 0 
1 0 0 0 0 0 1 0 0 0 0 0 1 1 0 1 0 0 0 1 1 1 0 1 0 1 0 1 0 1 1 1 0 1 1 
0 0 1 0 1 1 1 1 0 0 0 1 0 1 0 1 0 1 1 0 1 1 0 1 1 1 0 1 0 1 0 1 0 1 0 
0 1 1 0 0 1 1 0 0 0 1 0 0 0 1 0 0 0 1 1 1 1 1 1 1 0 0 1 1 1 1 0 0 0 0 
1 0 0 0 0 0 1 1 0 1 1 1 0 0 0 0 0 1 1 0 0 0 1 0 1 0 1 0 1 1 1 0 0 0 0 
1 0 0 0 0 1 0 1 0 0 1 1 1 1 1 0 0 0 1 1 1 1 1 1 0 1 0 1 1 0 1 0 0 0 1 
0 0 1 0 1 1 1 0 1 1 1 0 1 1 0 1 1 1 0 0 1 0 0 0 0 0 1 0 0 0 1 0 1 0 0 
0 0 0 0 0 1 0 0 0 1 1 0 1 0 0 0 0 0 0 1 0 1 1 1 0 1 1 1 1 0 1 1 0 1 0 
0 1 1 1 0 0 0 1 0 0 0 0 1 1 1 1 0 0 0 1 1 1 0 1 0 1 0 0 1 0 0 1 0 1 1 
0 0 1 0 1 1 1 0 1 1 1 0 0 1 1 0 0 1 0 1 0 0 1 1 0 0 1 0 1 1 0 1 1 1 1 
1 1 1 0 0 1 0 1 0 1 1 0 0 1 0 0 0 0 0 0 0 1 0 1 1 0 0 0 0 0 1 1 1 1 0 
0 1 1 0 0 0 0 0 0 0 0 0 0 0 1 1 1 0 0 0 1 1 0 0 0 1 1 0 1 0 1 0 1 0 1 
1 1 0 1 1 0 1 1 1 1 0 1 1 0 1 1 0 1 0 1 1 0 0 0 1 0 1 0 0 1 1 1 1 1 1 
0 1 1 0 1 0 0 1 0 0 0 0 0 0 1 1 1 1 1 0 1 0 0 1 1 1 1 1 0 0 0 0 0 1 0 
1 0 1 0 1 0 0 1 1 0 1 0 0 1 0 0 0 0 1 0 1 0 0 0 1 0 1 1 1 1 1 0 0 1 0 
1 0 0 0 0 1 0 1 1 1 1 1 0 0 1 0 1 1 0 0 0 0 1 1 1 1 1 0 0 1 0 0 0 0 0 
1 1 1 1 0 0 1 0 1 0 1 1 0 0 0 1 0 1 0 1 1 1 1 0 1 0 0 0 0 1 0 0 1 1 1 
0 1 1 1 1 0 1 1 0 0 0 0 1 1 0 1 1 1 0 1 0 0 1 1 1 0 1 0 0 0 1 0 1 0 1 
1 1 0 0 1 0 0 0 0 0 0 1 0 1 1 1 1 1 1 0 0 1 0 0 0 0 0 0 0 0 0 0 0 1 1 
0 0 1 0 1 1 0 0 1 0 1 0 1 0 1 1 0 1 0 0 1 0 0 1 1 0 0 1 1 1 1 0 0 0 1 
0 1 1 1 1 1 1 0 0 1 1 0 0 0 0 0 0 1 1 0 0 0 1 1 1 1 0 0 1 0 0 1 1 1 1 
0 1 0 0 0 1 0 0 0 0 0 1 0 1 0 1 1 0 0 1 1 1 1 0 1 0 1 1 0 0 0 1 1 1 1 
0 1 0 0 0 0 0 0 0 0 0 1 0 1 1 1 1 0 1 0 1 0 0 0 1 0 1 1 0 1 1 1 1 1 0 
0 0 0 1 1 1 1 1 0 0 0 1 1 0 0 1 0 0 0 0 0 0 0 0 1 1 1 1 1 0 0 1 1 1 1 
1 1 1 1 0 0 0 0 1 1 0 1 0 0 0 1 0 0 1 0 1 1 0 1 0 1 0 1 1 0 1 0 0 1 1 
1 1 1 1 1 1 0 0 1 0 0 1 1 0 0 1 0 0 0 0 1 0 0 1 1 0 0 0 0 0 0 0 1 1 0 
1 1 1 0 1 1 1 1 0 0 1 1 1 0 0 0 0 0 0 0 0 0 0 0 1 0 1 1 0 1 1 0 1 0 0 
1 1 1 0 1 1 0 1 1 0 0 0 0 0 1 0 0 0 1 0 1 1 0 0 1 1 1 1 0 0 0 0 0 1 1 
0 1 1 0 0 1 0 0 0 0 1 0 0 0 1 0 1 1 1 1 0 1 0 0 1 1 0 1 1 0 1 1 1 0 1 
0 0 1 1 1 0 0 0 0 1 0 1 1 1 1 1 1 1 1 0 0 1 1 0 0 0 1 0 1 1 1 0 1 0 0 
0 1 1 1 1 1 1 0 1 0 0 0 0 1 1 0 1 0 0 1 0 1 0 0 1 1 1 1 0 0 1 1 0 1 1 
0 0 1 1 1 0 1 1 1 1 1 0 0 0 1 0 1 1 0 1 0 0 1 1 0 1 1 1 0 1 0 0 1 0 0 
1 1 1 1 0 1 0 0 1 0 0 1 1 1 0 1 1 0 0 1 1 1 1 0 0 0 0 0 1 0 0 0 1 1 0 
0 1 1 1 0 1 0 1 0 0 0 1 0 0 1 1 1 1 0 0 1 0 1 0 1 0 0 1 1 0 0 1 1 1 0 
1 0 1 1 0 0 0 1 1 0 0 1 0 0 0 1 0 0 0 0 1 1 0 1 0 1 0 0 0 1 0 1 1 0 0 
0 0 1 1 1 1 0 0 0 0 0 0 1 1 0 0 1 0 0 1 0 1 0 1 1 0 0 0 1 0 1 1 1 1 0 
1 1 1 0 1 1 1 1 1 1 1 1 0 1 0 1 1 0 0 1 1 1 1 1 0 0 0 1 1 1 0 0 1 1 1 
1 1 0 0 1 0 1 0 0 1 1 1 0 1 0 0 0 1 0 1 1 1 1 1 1 1 0 0 1 1 1 0 1 0 0 
0 0 0 1 1 1 0 0 1 0 1 1 0 0 0 1 0 1 1 1 1 1 0 1 1 0 1 1 0 0 1 0 1 1 1 
0 1 1 1 1 1 1 1 0 0 0 0 1 1 0 0 1 0 1 0 0 0 1 1 0 1 0 0 1 0 1 1 0 0 0 
0 1 1 0 0 0 1 0 1 1 0 0 0 0 0 1 1 0 1 0 0 0 1 1 1 0 0 0 1 0 1 1 0 1 1 
1 0 0 0 0 1 1 1 0 1 1 1 1 0 0 0 1 1 1 1 1 1 0 1 1 1 0 1 0 1 1 1 1 1 0 
1 1 1 0 0 0 0 1 1 0 1 1 1 0 1 1 1 0 0 0 1 0 1 0 0 0 1 0 0 0 0 1 1 1 0 
1 0 0 0 0 0 1 0 0 1 0 1 0 0 1 1 0 1 1 0 1 1 1 0 1 0 1 0 1 1 1 0 1 0 0 
1 1 1 0 0 1 0 1 0 1 1 0 0 1 0 0 0 0 0 0 1 1 0 0 1 0 1 1 1 1 1 0 1 1 1 
0 1 1 0 0 1 0 0 0 1 0 1 1 1 1 0 1 1 1 1 0 1 1 1 0 1 1 1 0 1 1 1 1 0 0 
0 0 1 0 0 0 1 0 1 0 0 0 0 0 1 0 1 1 0 1 0 0 1 0 0 0 1 0 1 1 1 1 1 1 1 
0 0 0 0 0 0 1 1 0 0 1 0 1 1 1 0 0 1 1 1 0 1 0 1 1 1 0 0 0 1 1 1 1 0 0 
0 1 0 1 1 1 1 0 1 0 0 0 1 1 1 1 1 1 1 1 0 1 0 0 0 0 1 0 1 0 1 1 0 0 0 
0 0 0 0 1 1 0 0 0 1 0 0 1 0 0 0 1 0 1 1 0 1 0 0 0 0 0 0 0 0 0 1 1 0 0 
1 0 1 1 0 1 1 1 1 1 1 0 1 0 1 0 1 0 1 0 0 0 1 0 1 1 0 1 1 1 0 0 1 0 0 
1 1 1 0 1 1 0 0 0 1 0 0 0 0 1 1 1 0 1 1 1 1 1 1 0 1 0 0 1 1 1 0 1 1 1 
1 1 0 0 1 1 0 1 0 0 0 0 1 1 0 1 0 1 1 0 1 1 0 0 0 0 1 1 1 0 1 1 0 0 1 
0 0 1 1 1 1 1 1 1 1 1 1 1 0 1 1 0 1 0 0 0 1 0 1 0 0 1 0 1 1 1 0 0 1 0 
1 0 1 0 1 0 0 1 0 1 1 1 1 1 1 0 0 1 1 1 0 0 0 1 0 1 1 0 0 0 0 1 0 1 0 
0 0 1 1 0 1 1 1 1 0 1 1 0 1 1 0 0 1 1 0 0 1 1 1 1 0 1 1 0 1 0 0 0 0 0 
0 1 1 1 0 0 1 0 0 0 1 1 1 0 1 1 0 0 0 1 0 1 0 0 0 0 1 1 0 1 1 0 1 1 1 
1 0 1 1 0 0 1 0 1 1 0 0 0 0 1 0 1 1 0 0 1 1 0 0 1 1 1 1 0 0 1 1 0 0 0 
0 0 0 1 1 1 0 1 0 1 0 0 0 1 1 1 1 1 0 1 0 0 1 1 1 0 1 1 1 0 1 1 0 0 0 
1 1 1 0 0 1 0 0 0 0 0 1 1 1 0 0 0 0 0 0 0 0 1 0 0 1 0 1 1 1 1 0 1 1 1 
1 0 0 0 0 0 0 0 0 1 0 0 0 1 1 1 1 1 1 1 1 0 0 1 0 0 1 0 1 0 0 1 1 1 1 
0 0 1 0 1 1 0 0 1 0 1 0 0 0 1 0 0 0 1 0 1 1 1 0 1 1 1 0 0 0 0 0 0 1 1 
0 1 0 0 0 1 0 0 1 1 1 1 1 0 1 0 1 0 0 1 0 0 0 1 1 0 0 1 1 0 0 0 0 0 1 
0 1 0 1 1 0 0 1 0 1 1 0 0 0 0 1 1 1 0 1 1 0 0 1 0 1 1 1 1 0 0 0 0 1 0 
1 0 1 0 0 1 1 1 0 0 1 1 1 0 1 0 0 1 0 1 1 0 0 0 0 0 0 1 0 1 0 1 0 0 0 
1 0 1 0 1 0 1 1 1 0 1 0 0 1 0 1 1 0 0 0 1 0 0 0 0 1 1 0 0 1 0 1 1 0 0 
0 1 0 1 1 0 0 1 0 1 1 0 0 0 1 0 1 1 1 0 1 0 1 1 1 1 0 0 0 0 1 1 1 0 0 
0 1 1 0 0 1 1 0 1 0 0 1 0 0 0 1 1 0 1 1 0 0 1 1 1 1 0 1 1 1 1 1 1 0 0 
0 1 0 0 1 0 1 1 0 1 0 0 1 0 0 0 0 1 0 1 1 1 0 0 0 1 0 0 1 0 1 1 1 1 0 
0 1 0 0 0 0 1 0 1 1 1 1 1 0 1 0 0 0 1 1 1 0 0 0 1 0 0 1 0 1 1 1 1 1 1 
0 0 0 1 0 1 1 1 1 0 1 0 1 1 1 1 0 1 1 1 1 1 0 0 0 1 0 0 0 1 1 1 1 1 0 
1 0 0 0 0 1 1 0 1 1 0 0 0 1 1 0 1 1 1 0 1 0 0 1 1 0 0 0 1 1 0 0 1 1 1 
0 1 0 1 1 1 0 0 1 1 1 1 0 0 0 1 1 0 0 1 0 1 1 1 1 1 1 1 1 0 0 0 0 0 1 
0 0 1 0 0 1 1 1 1 1 1 1 0 1 1 1 1 1 1 0 0 0 0 0 0 1 1 1 0 0 0 0 1 1 0 
0 0 0 1 1 1 1 1 1 0 0 1 0 0 1 0 1 0 1 0 1 1 0 0 1 0 0 0 1 1 1 1 1 1 0 
1 0 1 1 1 1 1 0 0 1 1 1 0 1 0 1 1 1 0 1 1 1 0 1 1 0 0 1 1 0 1 0 0 1 0 
1 0 1 1 0 0 0 1 1 0 1 0 0 0 0 0 0 1 1 0 1 0 0 1 1 1 1 0 1 0 0 0 1 1 1 
0 1 0 1 0 1 1 1 0 0 0 0 1 0 0 0 0 1 1 0 1 1 0 0 0 0 0 0 0 0 1 0 0 1 1 
0 0 1 0 0 1 0 1 0 0 1 1 1 0 1 1 1 1 1 0 0 0 0 0 1 1 0 1 1 1 0 1 1 0 1 
0 1 0 1 1 1 0 1 1 0 1 1 1 0 0 0 0 0 0 0 1 0 1 1 0 1 1 0 0 1 1 0 1 0 1 
0 1 1 1 1 1 0 0 0 0 1 0 1 1 1 1 1 0 0 1 0 0 0 1 1 1 1 1 1 0 1 1 1 1 1 
1 1 0 0 1 0 0 0 0 0 0 1 0 0 0 1 0 0 0 0 1 0 1 0 1 0 1 1 0 0 0 0 0 1 1 
0 1 1 1 1 0 1 0 0 1 0 0 0 1 1 1 1 1 0 0 0 1 1 1 1 0 1 1 0 0 0 1 0 0 0 
1 0 0 0 0 0 1 1 0 0 1 1 0 1 1 1 1 0 1 0 0 0 1 0 1 0 0 0 0 1 0 1 0 0 0 
1 1 1 1 1 1 1 0 0 0 0 1 1 0 0 1 0 1 1 1 1 1 1 0 1 1 0 1 0 1 0 0 1 1 1 
0 0 0 0 1 0 0 0 1 1 1 1 1 0 1 0 0 0 0 1 1 0 1 0 0 0 0 0 0 1 1 0 1 1 0 
1 0 0 1 1 1 1 0 0 1 0 1 1 0 1 1 0 1 0 1 0 1 1 0 0 0 1 1 0 0 1 0 1 1 1 
1 1 0 1 1 1 1 0 0 1 0 0 0 1 1 1 0 0 1 0 0 0 0 1 1 1 0 0 1 1 0 1 1 1 0 
0 1 1 0 0 0 1 0 0 0 1 1 1 1 0 0 1 1 1 1 0 0 0 1 0 0 1 1 0 0 0 1 0 0 0 
0 1 0 1 1 0 0 1 1 0 1 1 1 0 0 1 1 0 1 0 1 1 0 0 0 1 1 1 1 0 1 1 0 1 0 
0 0 1 1 0 0 0 0 0 0 0 0 0 1 1 0 0 0 1 0 0 1 0 1 0 0 0 1 1 1 0 1 1 1 1 
0 0 0 1 1 1 1 1 0 1 0 0 1 0 0 1 0 0 0 1 1 1 0 0 0 0 1 1 1 0 0 0 0 1 0 
1 0 1 1 0 1 1 0 1 1 0 1 0 1 1 0 1 0 1 1 1 0 1 0 1 1 0 0 1 0 0 0 0 1 1 
1 1 0 0 1 1 0 1 1 0 0 0 1 0 1 1 1 1 1 1 1 0 0 0 0 1 0 0 1 0 1 1 1 0 1 
1 0 0 1 0 0 1 0 1 1 0 1 0 0 0 1 0 1 0 0 0 0 1 1 1 1 1 1 1 0 0 1 0 0 0 
0 1 1 0 0 0 0 0 0 1 1 1 1 1 0 0 0 1 1 0 1 0 0 0 0 0 0 1 1 0 1 0 1 1 0 
1 1 1 0 1 1 0 0 1 1 1 1 0 0 0 1 1 1 0 1 0 1 1 1 1 0 0 0 0 0 1 1 0 0 0 
1 1 1 1 0 1 0 0 0 0 1 1 0 1 1 1 1 1 0 1 1 0 1 0 1 0 1 1 0 0 1 1 1 0 1 
1 0 1 0 0 1 0 1 0 0 1 0 0 0 1 1 1 0 1 0 1 0 1 1 0 1 1 1 1 1 0 0 1 1 1 
1 0 0 1 1 0 1 0 1 0 1 1 0 1 0 1 0 0 1 1 1 1 0 0 1 1 1 1 1 1 0 1 0 1 1 
0 0 0 1 0 0 1 0 1 0 1 1 0 1 0 0 0 0 0 1 1 0 0 1 0 1 1 1 1 0 0 0 0 1 1 
0 1 0 1 0 1 0 0 1 0 0 1 1 1 0 0 1 0 1 0 0 0 0 0 1 0 1 1 1 0 1 1 1 1 1 
1 1 0 1 1 0 0 1 1 1 0 0 0 1 0 1 0 0 1 1 0 1 0 1 1 1 1 0 0 0 1 0 0 1 0 
0 1 1 0 1 1 0 0 1 0 1 1 1 0 1 1 1 1 1 1 1 1 0 0 1 0 0 1 1 1 0 1 1 0 0 
0 1 0 1 0 0 1 0 0 0 0 1 1 1 1 0 1 1 1 1 0 1 1 0 1 1 1 1 0 0 0 1 1 1 0 
1 1 0 1 0 1 1 0 1 1 0 1 0 1 0 0 1 0 1 1 0 0 1 0 0 1 0 1 0 1 0 0 0 1 1 
1 1 0 0 1 1 1 1 0 1 1 1 0 0 0 1 0 0 1 0 0 1 1 1 1 1 0 0 1 0 1 0 0 1 0 
0 1 1 0 1 0 0 1 1 0 0 0 1 0 1 0 1 0 1 0 0 0 1 1 0 1 1 0 1 0 1 1 0 0 0 
0 1 1 1 0 1 1 0 1 1 1 0 1 0 1 0 0 0 1 1 1 0 1 1 0 1 0 1 1 1 1 0 1 0 1 
1 1 0 1 1 1 1 1 1 1 0 1 0 0 0 1 1 0 1 0 1 1 0 0 0 0 0 1 1 0 0 1 0 0 1 
0 1 0 0 0 1 0 0 1 1 0 1 1 0 0 0 0 1 0 1 1 1 1 0 0 1 0 0 1 1 1 0 1 1 1 
0 0 0 0 1 0 1 0 0 1 0 1 0 1 1 1 1 0 0 1 0 1 0 1 1 1 0 1 0 1 1 1 0 0 0 
1 1 0 0 1 0 0 1 1 0 0 0 0 0 1 1 0 0 1 1 1 0 0 1 0 1 1 1 0 0 1 1 0 0 0 
0 1 1 0 1 1 1 0 0 0 1 1 0 0 1 0 1 0 0 1 0 0 1 0 1 1 0 1 1 0 0 0 0 0 0 
1 0 0 0 0 1 0 0 1 1 1 1 0 0 0 0 0 1 1 1 0 1 1 1 1 0 1 1 1 0 1 0 1 0 0 
1 1 1 1 0 1 0 0 0 0 1 0 1 1 1 0 0 1 1 1 0 0 0 1 0 0 0 1 0 1 1 1 1 1 1 
1 1 0 1 0 1 1 0 1 1 1 1 0 0 0 1 1 1 0 0 0 1 1 0 0 1 1 0 1 1 0 1 0 0 1 
1 1 1 0 1 1 1 0 1 1 1 0 1 0 0 0 0 1 1 1 0 0 0 1 1 1 0 1 1 0 0 0 0 1 0 
0 0 0 0 0 0 1 0 0 0 0 0 0 1 0 0 1 0 1 0 0 0 0 1 1 0 1 0 1 0 0 0 1 1 1 
1 1 0 0 1 0 0 1 1 1 0 1 0 1 0 1 1 1 1 0 1 0 0 0 1 1 1 1 0 1 1 0 1 0 1 
1 1 0 1 0 0 0 1 1 0 0 0 0 0 0 0 1 1 1 1 1 0 1 1 0 0 1 0 1 1 0 1 1 1 0 
1 1 0 1 0 1 1 1 0 0 1 0 1 1 1 1 1 0 0 0 0 1 1 0 1 1 0 1 0 0 0 0 0 0 0 
1 0 1 1 0 1 1 1 0 0 1 0 0 0 1 1 1 0 1 0 1 1 0 1 0 1 0 1 0 0 0 1 1 0 1 
0 0 1 1 0 0 0 0 0 1 1 1 0 0 1 1 0 0 0 0 1 0 0 1 1 0 1 1 0 1 0 0 1 1 0 
0 0 1 0 1 1 1 1 0 0 1 0 1 0 1 1 0 0 1 0 0 1 0 0 1 0 1 1 0 0 0 0 1 1 1 
0 1 0 0 0 0 0 1 1 1 1 0 1 1 1 0 0 1 1 0 1 1 1 0 1 1 0 0 1 1 0 1 1 1 0 
1 1 0 1 1 0 0 0 1 1 1 1 1 0 0 0 1 0 1 0 1 0 1 0 1 0 0 1 0 1 0 0 1 0 1 
0 1 1 0 1 0 0 0 1 1 0 0 1 0 1 0 0 1 0 1 1 0 0 0 0 0 0 1 1 0 1 1 0 0 0 
1 1 0 0 0 0 1 0 1 1 0 0 0 0 1 1 0 0 1 1 0 1 0 0 1 1 0 0 0 1 1 1 1 0 0 
0 1 1 1 0 0 1 1 1 1 1 1 1 0 0 1 0 0 1 0 1 0 0 0 1 1 0 0 0 1 1 1 0 0 1 
0 0 1 0 1 0 0 0 1 0 1 0 1 1 0 0 1 0 0 0 1 0 0 0 0 0 1 0 1 0 0 0 0 0 0 
1 1 1 1 0 0 1 1 0 1 0 1 0 0 1 1 0 1 1 1 0 1 1 1 1 0 0 1 1 0 1 0 1 0 0 
0 0 1 0 1 1 0 1 1 1 0 1 0 1 1 1 0 1 0 0 1 0 1 0 1 1 1 1 1 1 0 0 0 1 0 
1 0 0 1 0 0 0 1 1 0 0 0 0 0 0 0 1 1 0 1 0 1 1 1 0 0 1 0 1 0 1 0 0 1 0 
0 1 1 1 1 1 1 0 1 0 0 0 1 1 0 1 1 0 1 0 1 0 1 0 1 1 0 1 0 1 1 0 1 0 0 
1 0 1 1 1 0 1 0 0 0 0 1 0 0 0 1 1 0 1 0 1 1 0 0 0 0 0 1 1 0 0 0 0 0 1 
0 1 1 1 0 1 0 1 1 0 0 1 0 1 0 1 0 1 1 0 0 1 1 1 0 0 0 1 1 1 1 1 1 1 0 
0 0 1 1 0 0 1 1 1 0 1 0 0 1 1 0 1 0 1 0 1 1 1 1 0 1 1 1 0 0 1 1 0 1 1 
1 0 0 1 0 0 1 0 1 1 1 0 0 1 1 1 1 1 1 1 1 0 1 1 0 0 1 0 0 0 0 0 0 1 0 
1 0 0 0 0 1 0 1 1 0 1 0 0 1 1 0 0 1 1 1 0 0 1 1 1 0 1 1 1 1 0 0 0 1 1 
0 0 1 0 0 0 1 1 1 0 1 0 0 1 0 1 1 1 0 0 1 1 0 1 0 1 0 1 0 0 0 1 1 1 1 
0 1 0 1 1 0 0 1 0 1 0 0 1 0 1 1 1 1 1 1 1 1 1 1 0 1 1 0 0 1 0 0 0 1 0 
0 1 1 1 1 1 0 0 1 0 0 0 1 1 1 1 1 1 0 0 1 1 1 0 1 1 0 0 1 0 1 1 1 1 1 
0 0 1 0 0 0 0 1 1 1 1 0 0 0 1 0 0 1 0 1 1 1 0 0 0 0 1 0 0 1 1 1 0 1 0 
1 0 1 0 0 1 0 1 0 0 1 1 0 0 1 0 1 1 1 1 0 1 0 0 1 0 1 1 1 0 1 1 1 1 0 
0 0 1 0 0 1 0 1 0 0 0 1 0 1 1 0 1 1 1 0 1 1 0 0 1 1 1 0 0 0 1 1 0 1 0 
0 0 1 0 1 0 0 1 0 0 0 0 1 0 1 1 0 1 0 1 0 1 1 1 0 0 1 1 1 0 1 1 0 0 1 
1 1 0 1 1 0 1 0 1 1 0 0 0 0 0 0 0 1 0 0 1 1 0 1 1 1 0 0 1 1 0 0 0 1 1 
1 0 1 1 1 0 0 1 1 1 1 0 1 1 0 0 0 1 1 0 0 0 1 0 0 0 0 0 0 0 1 1 0 0 1 
0 0 0 0 0 0 1 0 1 0 1 0 0 1 0 0 0 0 1 1 0 1 1 1 0 1 0 1 0 1 0 1 0 0 1 
0 1 1 1 0 1 1 1 1 1 0 0 0 0 1 1 1 1 1 0 1 0 1 0 1 0 0 0 1 1 1 1 1 0 1 
0 0 0 0 0 0 0 0 0 1 0 1 1 0 1 0 0 1 0 1 1 1 1 0 1 0 1 1 1 1 0 0 1 0 0 
0 1 0 0 1 1 1 1 1 1 0 0 0 1 1 0 1 0 1 1 1 0 1 1 0 1 1 1 0 1 0 1 0 1 1 
1 1 1 1 0 0 0 1 0 1 0 0 1 1 0 1 0 1 1 1 1 0 1 0 1 0 0 1 0 0 1 1 0 1 1 
0 1 0 1 0 1 0 0 1 1 0 1 1 1 1 0 0 0 0 1 0 0 1 1 0 1 0 1 1 1 1 1 1 1 1 
1 0 1 0 1 0 0 1 1 1 0 1 0 0 1 1 0 0 0 1 1 1 0 1 0 1 1 1 0 0 0 0 1 1 0 
1 0 1 0 0 0 1 1 1 0 1 0 1 0 1 0 0 1 1 1 1 1 1 0 1 0 0 0 1 0 1 1 1 1 1 
1 1 0 0 0 0 0 1 1 0 0 1 1 0 0 1 0 0 1 1 1 0 0 1 1 0 1 1 1 1 1 1 1 0 0 
1 1 0 0 0 0 0 0 1 1 1 1 1 1 1 1 0 1 0 1 1 1 0 1 1 0 1 0 0 0 1 0 0 0 1 
1 0 1 0 1 0 1 0 1 0 0 0 0 0 0 1 0 0 1 1 1 1 1 1 1 0 0 0 1 1 1 0 1 1 1 
1 0 0 1 0 0 1 0 1 1 0 1 1 0 1 1 1 1 1 0 0 1 1 0 1 0 0 0 1 1 1 0 1 0 1 
1 1 1 0 1 1 1 1 0 0 1 0 0 1 0 0 1 0 0 1 0 0 0 0 0 1 0 1 0 0 0 0 1 1 1 
1 1 0 1 0 0 1 0 1 1 0 0 1 0 1 1 1 1 1 0 1 1 0 1 0 0 0 0 0 1 1 1 1 1 1 
1 1 1 1 1 1 0 0 1 0 1 0 0 1 0 0 1 1 0 0 1 1 0 0 1 0 0 1 0 1 1 0 0 0 0 
1 0 1 1 1 0 1 1 1 0 1 1 1 0 1 0 0 0 0 0 0 1 0 0 1 1 0 1 1 1 1 0 1 0 1 
0 1 0 0 0 1 1 1 0 0 0 0 1 0 1 1 0 0 1 0 0 0 1 1 1 1 1 0 0 1 0 0 1 1 1 
0 1 0 0 0 0 0 1 0 1 1 0 1 1 1 1 0 1 0 1 0 0 0 1 1 1 0 1 1 1 1 1 1 1 0 
0 0 0 0 0 0 1 1 0 1 1 1 0 1 1 1 0 1 0 0 1 0 1 0 0 0 1 1 1 1 0 0 0 1 0 
1 1 0 1 0 1 0 0 1 1 1 1 0 0 1 0 0 0 1 1 1 1 1 1 0 1 1 0 0 1 1 1 1 0 1 
0 1 0 0 1 0 0 0 0 0 0 1 0 0 0 0 1 0 0 1 0 0 0 1 1 0 0 1 1 0 0 0 0 0 0 
1 0 1 0 0 1 1 1 1 1 0 0 0 0 1 1 1 0 0 1 0 1 1 0 0 0 1 0 1 0 1 1 1 1 0 
1 0 1 1 0 0 0 1 0 0 0 1 1 0 1 0 1 1 1 1 1 1 0 0 0 1 0 1 0 0 0 1 0 0 0 
0 0 1 1 0 1 1 0 0 0 1 1 0 1 0 1 0 0 0 1 1 1 1 0 1 1 0 1 0 1 0 1 0 0 0 
0 1 0 1 0 0 0 0 0 1 0 0 0 1 0 1 1 1 1 0 0 0 1 0 1 1 1 0 0 0 1 0 0 0 0 
0 1 0 1 1 1 1 1 0 0 1 0 1 1 1 1 0 0 0 0 1 1 0 1 1 1 1 1 0 1 1 0 1 1 0 
0 1 0 1 0 1 0 0 1 1 1 1 1 1 1 1 1 0 1 1 0 0 0 1 1 0 0 0 0 1 1 1 1 1 0 
1 0 1 0 0 0 1 0 1 0 0 1 1 1 1 0 1 1 0 1 0 1 0 1 1 1 0 1 1 1 1 0 1 0 0 
0 1 0 0 1 1 1 0 1 0 1 1 0 1 1 1 0 1 1 1 1 0 1 1 0 0 0 0 0 0 1 1 1 1 1 
1 0 1 0 1 0 1 0 0 1 1 1 1 1 0 0 0 0 0 1 1 0 1 1 1 0 0 0 1 1 0 0 0 1 0 
0 0 0 0 1 1 1 1 1 1 0 1 1 0 0 0 1 0 1 0 1 0 0 1 0 1 1 0 1 0 0 1 1 0 1 
1 1 1 0 0 0 0 0 1 0 0 0 1 0 1 1 1 1 0 0 0 0 1 1 1 1 0 1 0 0 1 0 0 0 0 
0 0 1 0 1 0 1 0 0 1 1 1 0 1 0 0 1 1 0 1 0 1 0 0 1 1 1 0 0 0 1 1 0 1 1 
0 1 0 1 0 1 1 0 0 1 0 1 0 0 0 1 1 0 0 1 1 0 1 1 0 1 1 1 0 0 0 1 1 0 0 
0 1 1 1 0 1 0 0 1 1 1 0 1 1 1 1 1 0 1 0 1 1 0 1 1 0 1 1 0 1 0 1 1 0 1 
1 1 1 0 0 0 0 1 1 1 1 0 1 0 1 0 0 0 1 1 1 0 0 0 0 1 1 1 1 1 1 1 0 0 0 
1 0 1 1 0 0 1 1 0 0 1 0 0 0 1 1 0 0 1 0 1 0 0 0 1 0 1 1 1 0 1 0 0 1 0 
0 0 1 1 1 1 0 0 0 1 0 1 0 1 0 1 1 0 1 0 0 1 0 0 1 1 1 1 0 1 1 1 0 1 0 
1 1 0 0 0 0 1 0 1 1 0 1 0 0 1 0 0 0 1 1 1 1 1 1 1 1 0 0 1 0 1 0 0 0 1 
0 1 1 1 1 1 1 1 0 1 1 0 1 1 1 1 0 1 0 0 1 0 0 0 1 1 1 1 1 0 1 1 0 0 0 
1 1 0 0 0 1 0 1 0 0 0 1 0 0 0 1 1 0 1 0 1 0 1 1 1 0 1 1 0 0 0 1 0 1 1 
0 1 0 1 1 1 0 0 0 0 1 1 0 0 0 0 1 0 1 1 0 0 1 0 0 1 1 1 0 1 1 1 0 0 1 
1 1 1 1 0 1 1 1 0 0 0 1 0 1 1 1 0 0 1 0 1 0 1 0 1 0 0 1 1 1 0 1 1 1 0 
1 1 1 1 1 1 1 1 1 1 1 1 1 0 1 0 0 1 0 0 1 1 0 0 0 0 1 1 1 1 0 0 1 0 1 
1 1 1 0 1 1 0 0 0 0 0 1 1 1 1 1 1 0 1 0 0 0 1 1 1 1 1 1 1 0 1 1 1 1 1 
0 0 0 1 0 0 1 1 0 0 1 1 0 0 1 0 1 1 0 0 0 0 1 0 1 1 1 1 1 1 0 1 1 0 1 
1 0 1 1 0 0 1 1 1 1 0 1 1 0 0 0 0 0 0 1 0 1 0 0 1 1 0 0 1 0 0 1 1 1 1 
1 0 1 1 1 0 0 1 1 1 1 1 0 1 0 0 0 0 1 0 1 0 1 0 1 0 1 0 1 1 1 1 0 0 0 
1 1 0 1 1 1 1 0 1 1 1 1 1 1 1 1 1 0 1 1 1 0 0 1 1 0 0 1 0 1 1 0 1 0 0 
0 0 1 0 0 0 1 1 1 1 1 0 0 0 1 1 1 1 1 0 1 1 1 0 1 0 0 1 0 0 1 1 1 0 1 
1 0 0 0 0 1 1 1 0 1 1 1 1 1 0 1 1 1 1 1 0 0 0 1 1 0 0 0 0 0 1 0 1 1 1 
1 1 1 1 0 0 0 0 0 1 1 1 0 0 0 1 0 0 1 0 0 0 1 1 1 0 1 1 0 0 0 1 0 1 0 
1 1 1 0 1 0 0 1 1 0 0 1 1 0 1 0 0 0 1 1 1 0 0 0 1 1 1 1 0 1 0 1 1 1 0 
0 0 1 0 1 0 0 0 0 0 0 0 0 0 0 1 0 0 1 1 0 1 0 1 0 0 1 1 0 1 1 1 0 0 0 
1 1 1 0 1 0 1 0 0 0 0 0 1 0 1 1 0 0 1 0 1 0 1 0 1 0 1 1 1 1 0 0 0 0 0 
1 1 0 0 0 0 0 1 0 0 0 0 1 1 1 1 1 0 0 1 1 0 1 0 1 0 0 0 0 0 1 1 1 1 0 
0 1 0 0 1 0 1 0 0 1 1 1 1 1 1 1 1 0 0 0 0 0 0 1 1 1 1 0 0 0 1 1 1 1 1 
0 1 1 0 0 0 1 0 0 1 0 1 1 1 1 0 0 0 0 0 0 1 0 1 0 1 1 1 1 1 1 1 0 0 1 
0 1 0 0 0 1 1 0 1 0 1 1 1 0 1 1 1 0 0 0 1 0 1 0 0 1 0 1 0 1 0 0 1 0 0 
0 1 1 1 1 1 0 1 0 1 0 1 0 1 0 0 0 1 0 0 1 1 0 0 1 1 0 1 1 1 1 0 1 1 1 
1 1 0 1 1 0 0 0 0 1 1 1 1 1 0 1 1 1 0 0 1 0 1 0 1 1 1 1 0 0 1 1 0 0 0 
1 0 0 1 0 0 1 1 0 1 1 1 1 0 0 1 0 1 0 1 0 0 0 0 1 1 0 0 1 0 0 1 1 1 1 
0 0 1 0 1 1 1 0 1 1 0 0 1 0 1 1 0 0 1 0 0 1 0 0 1 1 1 1 0 0 0 1 0 0 0 
0 0 0 1 1 1 0 1 0 0 1 1 0 0 0 1 1 0 1 1 0 0 1 1 0 0 1 0 0 0 1 1 0 1 0 
0 0 0 0 1 0 1 0 0 1 1 0 0 0 0 0 1 0 0 1 0 0 1 0 1 0 1 0 1 0 1 0 1 1 1 
0 1 1 1 1 1 0 0 1 1 0 1 1 0 0 0 1 1 1 0 0 1 1 0 0 0 0 1 0 0 1 0 1 0 1 
1 1 0 0 1 0 0 0 1 1 0 0 1 1 1 1 1 1 0 0 1 1 1 1 1 1 1 0 0 1 0 0 0 1 1 
0 1 0 1 1 1 1 1 0 0 1 0 1 1 1 0 0 1 1 0 1 1 0 1 1 1 1 0 1 1 1 0 0 1 1 
0 1 0 1 1 0 1 0 1 1 0 0 1 1 0 1 0 0 0 1 1 0 1 1 0 0 1 0 1 0 0 1 1 0 1 
1 1 0 0 1 0 1 1 1 1 1 1 0 1 1 0 1 1 1 1 0 0 0 0 1 1 0 1 1 1 0 1 0 1 0 
0 1 1 1 1 0 1 1 0 1 0 0 0 0 0 1 0 1 0 1 1 0 0 0 0 0 0 1 0 1 0 0 1 0 0 
0 0 1 1 1 0 0 1 0 1 1 0 0 0 0 0 1 0 0 0 0 0 0 1 0 1 0 1 0 0 0 1 1 0 1 
1 1 0 1 1 1 0 1 1 1 1 0 0 1 1 1 1 0 0 0 1 0 0 0 0 0 0 0 0 0 0 1 1 0 1 
0 0 1 0 0 1 0 0 1 0 1 1 0 1 0 1 1 0 0 1 0 1 1 0 1 1 1 0 1 1 0 0 1 0 1 
1 1 0 1 1 0 0 1 1 0 0 0 1 0 0 0 1 0 0 0 1 0 1 0 1 0 1 1 1 0 1 1 0 1 0 
1 1 0 1 0 1 1 0 0 0 1 1 0 1 1 1 1 0 1 0 0 0 1 1 0 1 1 1 0 1 0 1 0 0 0 
1 0 1 0 1 1 0 0 1 1 0 0 1 0 1 0 1 0 0 0 0 0 1 0 0 0 1 0 1 0 0 0 0 1 0 
1 1 0 1 0 1 1 1 1 0 0 1 1 1 0 0 1 1 0 0 1 0 1 0 1 1 1 1 0 0 0 0 1 1 1 
0 0 0 0 0 1 1 1 0 0 0 0 1 1 0 1 0 1 0 0 1 0 1 0 1 0 1 1 0 1 1 0 0 1 0 
1 1 0 0 1 0 1 0 0 0 0 0 0 1 1 0 1 1 1 0 0 1 0 1 1 1 0 1 0 1 1 0 0 1 1 
0 0 0 0 0 1 0 0 1 0 1 0 0 0 1 0 1 1 0 0 0 0 0 0 1 1 0 1 0 0 0 1 1 1 1 
1 1 1 1 1 1 0 0 0 0 0 0 0 0 1 0 1 1 0 0 1 1 1 1 1 0 1 1 0 1 1 0 0 1 0 
0 0 0 1 1 0 0 0 0 1 1 0 0 0 0 0 0 0 1 0 0 0 0 1 1 1 1 0 0 0 1 1 0 1 0 
1 0 0 0 1 0 0 1 1 0 0 0 0 1 0 1 1 1 1 0 1 0 0 1 0 1 0 1 1 0 1 0 0 0 0 
0 1 1 0 0 1 0 1 1 1 1 0 0 1 0 0 1 1 0 0 0 1 1 1 1 0 1 1 0 0 0 0 0 0 0 
1 1 0 0 0 0 1 1 0 0 0 0 0 1 0 0 0 0 0 0 1 1 0 0 0 1 0 1 1 1 0 0 0 0 0 
0 1 0 0 1 1 0 0 1 1 1 0 0 1 0 1 1 0 1 1 0 0 0 1 0 1 1 1 0 0 0 1 1 0 1 
1 1 0 0 1 0 0 0 1 1 1 0 0 0 1 1 1 0 1 1 1 0 0 1 1 1 0 1 0 1 1 0 0 0 1 
1 0 0 0 0 0 0 0 0 0 1 1 1 0 1 1 0 0 0 1 0 0 0 0 1 1 0 1 1 1 1 0 0 0 1 
1 1 1 1 0 0 0 0 1 0 0 1 0 1 0 1 1 1 0 0 0 0 0 0 0 0 1 0 0 1 1 1 0 1 0 
0 1 0 0 0 1 0 1 1 0 0 0 1 0 1 1 1 1 1 0 0 0 0 0 1 0 1 1 0 0 0 0 1 1 1 
0 1 1 1 1 0 0 0 0 1 1 0 1 0 0 0 0 1 0 1 0 1 0 0 0 0 1 0 1 0 1 1 1 0 1 
1 0 1 1 1 0 1 0 1 0 0 0 0 0 0 1 1 0 0 1 0 0 0 0 1 1 0 0 1 1 1 1 0 1 1 
0 1 1 1 0 1 0 0 1 1 0 0 1 0 0 1 0 0 0 0 0 0 1 1 1 1 0 1 1 0 1 0 1 1 0 
0 0 0 0 1 1 0 0 1 1 0 1 1 0 0 1 1 1 1 1 0 0 0 0 1 0 1 0 1 1 1 1 1 0 1 
1 0 0 1 0 1 0 0 1 1 1 0 1 1 1 0 0 1 1 0 0 0 1 0 0 0 0 0 0 0 1 0 1 0 0 
0 0 1 0 1 0 0 1 0 0 0 1 1 0 0 1 1 1 1 1 0 0 0 1 1 0 0 0 1 0 1 1 0 0 1 
1 1 1 1 0 0 1 1 0 0 1 0 1 0 1 1 0 1 0 1 1 0 1 1 0 0 1 0 1 0 0 0 0 1 0 
1 0 1 0 1 1 1 0 0 0 1 0 1 1 0 0 0 0 0 1 0 1 0 0 1 0 0 0 1 0 1 0 0 1 1 
1 0 0 0 1 0 1 1 0 1 1 1 0 0 1 1 0 1 1 1 1 0 0 1 0 1 0 1 1 1 0 1 1 0 1 
0 0 0 0 0 0 0 0 0 1 0 0 0 1 1 1 0 0 0 0 1 1 1 1 1 1 0 0 1 0 0 0 1 0 1 
1 1 0 1 0 1 0 1 0 1 1 1 0 1 0 0 1 0 0 1 1 1 1 1 0 0 1 0 0 0 0 1 1 0 0 
1 0 0 1 1 0 0 0 1 0 1 0 0 0 0 1 0 0 0 1 1 0 0 0 1 1 0 1 1 1 1 1 1 1 0 
0 1 0 1 0 0 0 0 0 0 1 1 0 0 1 0 1 1 0 1 1 0 1 1 0 0 1 0 0 0 1 1 1 0 1 
0 1 0 1 0 0 1 0 1 0 0 1 0 0 1 1 1 1 0 1 1 0 1 0 1 1 1 1 0 1 1 0 1 0 0 
1 0 0 1 0 0 1 0 1 0 0 1 0 1 0 0 0 1 0 1 0 1 0 1 0 0 1 1 1 0 1 0 1 1 1 
1 0 0 1 1 1 1 1 0 0 1 0 1 0 0 1 1 0 0 0 1 1 1 1 1 1 0 0 1 0 1 0 1 0 0 
1 0 1 1 0 0 1 0 0 0 1 0 0 0 1 1 1 1 0 1 1 0 1 1 0 0 0 1 0 1 1 0 1 1 1 
0 1 0 1 1 1 1 0 0 1 0 1 0 1 0 1 0 1 1 1 1 0 0 1 1 0 1 0 1 1 1 1 1 1 1 
0 0 0 1 0 0 0 0 1 0 0 1 1 0 0 1 1 0 0 0 0 1 1 1 0 0 0 0 1 1 0 0 0 1 1 
0 0 0 1 1 0 1 1 1 1 0 0 0 0 0 0 1 0 1 0 0 1 0 0 1 0 0 0 0 1 0 0 0 1 0 
1 0 1 1 1 1 0 0 1 1 1 1 1 0 0 1 0 1 1 0 0 0 1 1 0 0 1 1 1 0 1 0 1 0 0 
1 0 1 0 1 0 1 1 1 1 1 1 1 0 1 1 0 0 0 1 0 0 1 0 1 0 1 0 0 1 0 1 1 0 0 
0 1 0 1 0 0 0 1 1 1 0 0 0 1 0 0 0 1 1 1 0 1 0 1 1 0 1 1 1 0 1 0 1 1 1 
0 0 1 0 1 0 1 0 1 1 0 1 1 0 0 1 1 0 1 1 0 1 1 1 0 1 0 0 0 1 1 1 1 1 0 
0 0 1 0 1 1 0 1 1 0 0 1 0 1 1 0 1 1 1 1 0 0 1 0 0 0 0 1 0 1 1 0 1 1 1 
0 1 1 0 1 0 1 1 0 1 1 0 0 0 0 1 1 0 1 0 0 0 1 1 0 0 1 0 0 0 1 0 0 0 0 
1 0 1 1 0 1 0 0 1 1 1 0 1 0 1 0 1 0 1 0 1 0 1 0 0 0 0 1 1 1 1 0 0 0 1 
0 0 0 1 1 0 1 0 0 1 0 0 0 0 0 0 0 0 0 1 0 1 0 0 1 1 1 0 0 0 1 1 1 1 0 
1 0 0 0 1 1 1 1 0 0 0 0 0 0 1 0 0 0 1 1 1 0 0 0 1 0 1 0 0 0 1 1 0 1 0 
0 1 0 1 0 1 1 0 1 0 0 1 1 0 1 0 0 0 0 1 1 1 1 0 1 1 0 1 1 0 1 1 0 1 0 
0 0 1 0 0 1 1 1 0 1 1 0 0 1 0 1 1 1 1 1 1 1 1 0 0 0 0 0 1 0 1 0 1 1 0 
0 1 1 1 1 1 0 0 0 1 1 1 0 0 0 1 1 1 1 1 0 0 0 0 1 0 1 1 0 1 0 0 1 1 1 
0 0 1 0 0 1 0 0 1 0 1 1 1 0 1 1 0 0 0 1 1 1 0 0 0 1 0 1 1 0 1 0 1 1 0 
1 1 0 0 0 1 0 0 0 1 0 1 0 0 1 1 1 1 1 1 1 0 0 1 0 1 0 0 0 0 1 1 0 1 1 
0 1 0 1 0 1 0 0 0 1 1 1 1 1 0 0 1 0 1 0 0 1 0 0 0 1 1 1 1 1 1 1 0 1 1 
1 0 0 0 0 1 1 1 1 0 1 1 1 0 0 0 0 0 0 0 1 0 0 1 0 0 0 1 0 0 0 0 1 0 1 
1 1 0 1 1 0 1 0 0 1 0 0 1 1 0 1 1 0 0 1 0 0 1 0 1 1 1 1 1 0 1 0 0 1 0 
1 0 1 1 0 0 0 1 0 0 0 0 0 1 0 1 1 0 1 0 1 1 1 0 0 0 0 1 0 1 1 0 0 0 1 
1 0 1 1 0 1 0 0 1 0 0 1 0 1 0 1 0 0 0 1 1 0 1 1 1 1 1 0 0 0 1 1 0 1 1 
0 0 1 1 0 1 1 1 0 0 1 1 1 0 0 1 0 1 0 0 0 0 0 0 1 0 1 1 0 0 1 1 1 0 0 
1 0 1 0 1 1 1 0 1 1 0 1 0 0 1 0 1 0 1 0 0 1 1 1 1 1 1 1 1 1 0 0 1 1 0 
0 1 1 1 1 0 1 1 0 1 0 1 0 1 1 0 1 0 1 0 0 1 0 0 1 1 1 0 1 0 0 0 1 1 0 
0 1 0 1 1 1 0 1 0 0 1 1 1 1 0 0 0 0 1 0 0 1 0 1 1 1 0 0 0 1 1 1 0 1 1 
0 1 1 0 0 1 0 1 1 0 0 1 0 0 1 0 0 1 0 0 1 0 0 1 0 1 0 0 1 1 1 0 0 0 0 
0 1 0 1 1 1 1 0 1 0 0 1 0 1 0 0 1 0 0 1 1 1 1 0 0 0 0 0 0 0 0 0 0 0 0 
1 0 0 0 0 0 1 0 1 0 0 0 1 0 0 1 0 1 0 1 0 1 1 0 0 1 0 0 1 0 1 0 1 0 1 
0 0 1 0 1 1 0 0 1 1 1 0 1 0 1 1 0 0 0 0 0 0 1 1 1 1 0 0 0 1 1 1 0 0 0 
0 0 1 0 0 0 0 1 1 0 0 1 1 0 0 1 0 0 0 1 0 1 0 1 0 0 0 0 1 1 1 1 0 1 1 
1 0 0 1 0 0 0 0 0 1 1 0 1 1 0 1 1 0 1 0 1 1 1 0 1 1 1 1 1 1 1 1 0 1 1 
1 0 0 1 0 0 0 0 0 0 0 1 0 1 0 0 0 0 0 0 1 0 0 0 1 0 1 1 1 1 0 0 0 0 0 
1 0 0 1 0 0 0 0 0 1 0 1 0 0 1 1 0 0 0 0 1 0 0 1 1 1 1 0 0 1 0 1 0 0 0 
1 0 0 0 0 0 1 0 0 0 0 0 0 1 1 1 0 1 0 0 0 0 0 1 0 1 0 1 1 0 1 0 1 1 0 
0 1 0 0 0 1 0 0 0 1 0 1 0 0 1 0 1 1 1 1 0 1 1 1 1 1 0 1 1 0 1 0 1 1 0 
1 0 1 1 0 0 0 0 1 1 1 1 0 1 1 0 0 0 0 1 0 0 1 1 0 1 1 0 1 1 1 0 0 0 1 
0 0 1 0 1 1 0 0 1 1 0 1 1 0 0 0 0 1 1 1 0 0 1 0 1 1 0 1 1 0 1 0 1 0 1 
0 0 0 0 0 1 1 0 0 1 1 0 0 1 1 0 0 1 1 1 0 1 0 1 1 0 0 1 1 1 0 0 1 1 1 
1 0 1 0 1 1 1 1 0 0 0 0 1 1 0 1 1 0 0 0 0 0 1 1 0 1 0 0 0 1 1 1 0 0 1 
0 1 1 0 1 1 1 1 1 1 0 0 0 0 1 1 1 1 1 1 0 1 1 1 1 0 1 1 1 1 1 1 1 0 0 
0 1 1 0 0 0 0 1 0 0 0 0 1 1 0 0 0 1 0 0 1 1 1 0 1 1 0 0 1 0 0 1 0 0 0 
0 0 0 0 1 1 1 1 0 0 0 0 1 1 1 1 1 0 0 0 1 1 0 0 0 1 0 1 1 1 0 0 0 1 1 
0 0 1 0 0 0 0 1 0 1 1 0 1 0 1 0 1 1 0 0 1 1 0 1 1 1 1 0 0 1 1 1 0 1 1 
1 0 0 0 0 0 1 0 1 0 0 1 1 1 0 1 1 1 1 1 0 1 0 1 0 1 0 0 1 1 1 0 1 1 1 
0 1 0 1 1 0 1 0 0 1 0 1 1 1 1 0 1 1 0 1 1 0 1 1 1 0 1 1 0 1 1 0 0 0 1 
0 1 0 0 1 1 0 0 0 1 0 1 0 0 0 0 1 0 0 0 1 0 0 0 0 0 0 0 0 0 1 1 0 1 0 
1 0 1 1 0 0 1 0 1 0 1 1 1 0 1 0 1 0 1 0 1 1 0 1 0 0 1 0 0 1 1 0 1 1 0 
0 0 1 1 1 0 0 0 0 0 1 0 0 0 0 0 0 0 1 0 0 0 1 1 1 1 1 1 1 0 1 1 1 0 0 
0 1 0 1 1 1 1 0 1 0 1 0 0 0 0 0 1 0 1 0 1 0 0 1 0 1 1 0 0 0 0 0 1 0 0 
0 0 0 0 0 1 1 1 1 0 0 1 1 1 1 1 0 0 1 1 1 1 1 0 1 0 1 1 0 1 1 0 0 0 0 
1 1 0 1 0 1 1 0 1 0 0 0 0 1 1 1 1 0 0 1 1 0 0 0 0 1 0 0 0 0 1 1 1 1 0 
0 0 0 1 0 1 0 0 1 0 0 0 0 1 0 0 0 1 0 0 1 1 1 0 1 1 1 1 1 1 0 1 0 0 1 
0 0 1 1 0 1 0 1 1 0 0 0 0 1 0 0 1 0 0 1 1 0 1 0 1 0 1 1 0 1 0 0 1 0 1 
1 1 0 0 0 0 1 1 1 0 1 0 1 1 0 1 1 1 1 1 0 0 0 1 0 1 1 0 0 1 1 0 1 1 1 
0 0 1 1 1 0 1 1 0 0 1 1 1 1 0 1 1 1 0 1 1 0 1 0 1 0 0 1 0 1 0 0 0 0 0 
0 1 0 0 1 0 1 0 0 1 0 1 1 1 0 0 1 0 0 1 0 0 1 1 0 1 0 0 0 0 0 1 0 0 0 
1 0 0 1 0 0 1 1 1 1 0 1 0 1 1 0 0 0 1 0 1 0 0 0 0 1 1 1 0 0 1 1 1 0 1 
0 0 1 1 0 1 0 0 0 1 0 1 0 0 0 0 0 0 1 1 0 0 0 0 1 1 0 0 1 0 1 1 0 1 1 
1 1 1 0 1 0 0 0 1 1 1 0 0 0 1 1 1 0 0 1 0 1 1 0 1 1 1 0 1 0 1 1 0 1 1 
1 0 0 1 0 0 0 1 0 1 0 1 0 0 0 1 0 1 1 1 0 0 1 1 0 0 1 1 0 0 0 0 1 1 0 
1 0 1 1 0 0 1 1 0 1 0 0 0 1 1 0 0 0 0 1 0 0 1 1 0 0 1 1 1 0 0 1 1 0 1 
0 0 0 0 1 1 0 0 0 1 0 1 1 0 0 0 1 1 1 0 0 0 0 0 0 1 0 0 1 1 0 1 0 1 0 
1 0 1 0 0 1 0 0 1 1 1 0 0 1 0 1 0 1 1 0 1 1 1 1 1 1 0 1 1 1 1 1 0 1 0 
1 1 1 0 0 1 1 0 0 0 0 0 0 0 0 0 0 1 1 1 0 0 1 1 1 1 0 0 1 1 1 0 0 1 1 
1 0 0 1 0 0 0 1 0 1 0 0 0 0 1 1 1 1 1 0 0 1 0 0 1 1 0 0 0 0 0 1 1 1 0 
0 1 1 1 1 1 0 0 1 0 0 0 1 0 0 0 1 0 0 0 0 1 1 1 0 1 1 1 0 0 1 0 0 0 1 
1 0 1 1 1 1 1 0 0 1 1 1 0 0 1 0 1 1 1 0 1 0 0 0 0 0 1 0 0 0 0 1 0 1 0 
0 1 1 1 0 1 0 0 0 1 0 0 0 0 1 1 0 1 0 1 1 1 1 1 0 0 0 1 0 1 1 0 1 0 0 
0 1 1 0 0 1 1 1 0 1 1 1 1 0 0 1 0 0 1 1 0 1 1 1 0 1 1 1 1 0 1 0 1 1 1 
0 0 0 1 0 1 0 0 1 0 0 0 1 1 0 0 1 1 0 1 0 0 1 0 0 1 1 0 1 1 0 0 1 0 0 
0 1 0 0 0 0 1 1 1 0 0 1 0 1 1 1 0 1 1 0 0 1 1 1 1 0 0 0 1 0 0 0 0 1 0 
1 0 0 1 1 0 0 1 1 0 0 0 1 1 1 0 1 1 1 0 0 1 1 1 1 0 0 1 0 1 1 1 0 0 0 
0 1 1 1 0 0 0 1 1 1 0 0 0 0 1 0 1 0 1 1 1 1 0 1 1 1 1 0 1 1 0 1 0 1 0 
0 1 0 1 0 0 1 1 1 1 0 0 1 0 1 1 1 0 0 1 0 0 1 0 1 1 0 0 1 1 1 0 0 0 0 
1 1 0 1 1 0 1 1 0 1 1 1 1 0 1 1 1 1 0 0 1 1 0 1 1 1 1 1 1 1 1 1 0 0 0 
1 1 0 1 0 1 1 1 0 1 1 1 1 1 1 0 0 1 1 1 0 1 1 0 1 0 0 0 1 1 1 0 1 1 0 
0 0 1 0 1 0 1 1 0 0 1 0 0 0 0 1 1 1 0 0 1 0 1 1 1 1 0 1 1 0 1 1 1 1 0 
1 0 1 1 1 0 1 1 1 1 0 0 0 0 0 1 0 1 1 0 0 1 1 0 1 1 1 1 0 1 0 1 1 0 1 
1 1 0 0 1 1 0 1 1 1 0 1 0 0 1 0 0 0 1 1 1 1 1 0 1 1 0 1 1 1 0 1 0 0 1 
1 0 1 0 1 0 1 0 1 0 1 1 0 1 0 1 1 1 0 0 0 1 1 0 1 0 1 1 1 1 1 0 0 1 0 
1 1 0 1 1 0 1 0 0 1 1 0 0 1 1 0 0 1 1 0 0 0 0 0 1 1 1 1 0 1 0 0 1 1 1 
0 1 1 1 0 1 1 1 1 1 0 1 1 0 1 0 1 1 1 0 0 1 1 0 1 1 1 1 0 0 1 1 1 1 1 
1 0 0 0 0 1 0 0 1 1 1 0 1 0 1 1 0 1 1 1 0 0 1 0 0 0 0 1 0 0 0 0 1 1 1 
0 0 0 0 0 0 0 1 0 1 0 1 0 0 0 1 1 0 1 1 1 0 0 1 1 1 0 0 0 0 1 1 1 1 1 
1 0 0 1 1 1 0 0 0 0 1 0 0 1 1 1 0 1 0 1 0 0 1 1 0 0 0 1 1 0 1 1 0 1 1 
0 0 0 1 0 0 0 1 1 0 0 0 0 0 0 0 0 0 0 1 1 1 1 1 0 1 1 0 1 0 1 0 0 0 1 
0 1 0 0 0 0 1 0 0 1 0 0 0 1 0 1 0 1 1 1 0 1 0 1 1 0 1 0 1 0 0 1 1 1 0 
1 1 1 1 1 0 0 1 1 0 0 0 0 1 0 1 1 1 1 1 1 1 0 0 1 1 0 0 1 1 1 1 1 0 1 
1 1 1 1 1 1 1 0 1 1 1 0 1 1 0 1 0 1 0 1 0 1 0 0 1 1 0 1 0 1 0 0 0 0 0 
1 1 1 1 1 1 0 1 1 0 1 0 0 0 1 0 0 1 0 0 0 0 1 0 0 1 1 1 1 1 0 0 1 0 1 
0 0 1 1 0 0 1 1 1 0 0 1 1 1 0 1 0 0 1 0 1 1 1 1 1 1 0 1 1 1 0 0 1 1 0 
1 0 1 0 1 1 0 0 1 0 1 1 0 0 1 1 1 0 1 1 0 1 1 1 1 1 0 1 0 0 0 0 0 1 1 
0 1 1 0 1 0 0 1 1 1 1 0 1 0 0 1 1 0 1 0 1 0 0 0 0 0 0 0 0 0 1 0 1 0 0 
0 0 0 1 0 1 0 1 1 1 0 1 1 1 0 0 0 1 1 1 0 0 0 0 0 0 0 1 0 0 0 0 1 1 1 
1 1 1 1 0 1 1 1 1 0 1 0 0 0 1 0 0 0 0 0 1 0 1 0 0 0 0 0 1 0 1 0 0 0 0 
0 1 0 0 1 0 0 1 1 1 0 0 1 1 1 1 1 1 0 0 0 0 1 0 1 1 1 0 1 1 0 0 1 0 0 
1 0 1 1 1 1 0 0 1 0 1 0 1 1 0 1 1 0 1 1 0 1 0 0 0 0 0 1 0 0 1 1 1 0 1 
0 1 0 1 1 0 1 1 0 0 1 0 1 1 0 1 0 0 0 0 0 1 1 1 0 1 0 1 1 1 1 0 0 1 0 
0 0 0 0 1 0 1 1 0 1 1 0 1 1 1 0 1 1 0 1 1 1 0 1 0 1 1 1 0 0 1 1 1 0 0 
1 1 0 1 0 1 0 1 0 1 0 0 1 0 0 1 0 1 1 1 1 0 1 1 0 1 1 1 0 1 0 0 1 0 1 
0 0 0 1 0 1 1 0 0 0 0 0 0 0 1 1 0 0 0 0 0 1 1 1 1 1 1 0 1 0 0 0 1 1 1 
1 1 1 0 0 1 1 0 0 0 0 1 1 1 0 0 1 1 0 1 0 1 1 1 0 1 0 1 0 1 1 1 1 0 0 
1 1 0 0 0 1 0 0 1 0 0 1 1 0 0 1 0 1 0 0 1 1 1 1 1 1 0 0 0 0 1 0 0 0 0 
1 1 0 0 0 1 0 1 1 1 1 0 0 0 0 1 1 0 1 0 1 1 1 1 1 0 0 1 1 1 1 1 0 1 0 
1 0 1 0 1 1 0 0 0 1 1 0 1 0 0 1 0 0 0 0 1 0 0 0 1 1 1 1 1 1 0 0 0 0 1 
0 1 1 1 1 0 0 0 0 0 1 1 0 0 0 0 0 0 1 0 1 0 0 0 0 1 0 1 0 1 1 1 1 0 0 
0 1 1 1 1 1 0 1 0 0 0 1 1 0 0 1 0 0 0 0 0 1 0 1 0 1 1 0 1 0 0 0 0 1 0 
1 0 0 0 0 1 1 1 1 1 0 0 0 0 0 1 0 1 0 1 0 1 1 1 1 1 0 0 0 1 1 1 0 0 1 
1 1 0 0 0 1 1 1 1 1 1 0 1 0 0 0 0 1 0 0 1 1 0 0 0 1 1 0 0 0 1 1 1 0 0 
1 0 1 1 1 0 1 0 1 0 1 0 0 1 1 0 1 1 0 1 0 0 1 1 0 0 1 0 1 1 0 0 1 1 1 
1 0 0 0 1 1 0 0 1 1 0 0 0 1 0 0 0 1 0 1 1 1 0 1 1 0 0 1 1 1 1 1 0 1 1 
1 0 1 1 1 1 0 1 0 0 0 1 1 1 1 1 1 1 1 1 0 0 0 0 1 1 0 1 1 1 1 1 0 1 1 
1 0 0 1 0 1 0 1 1 1 1 1 1 1 0 0 0 0 0 1 0 0 0 1 0 1 0 0 1 0 1 1 0 0 1 
1 1 1 0 0 1 0 0 1 0 0 0 1 1 1 1 1 1 0 0 1 1 1 1 0 0 1 1 0 0 0 0 1 0 1 
1 1 1 1 0 0 1 0 1 0 0 1 1 0 1 0 1 1 0 0 1 0 0 0 1 1 1 0 1 0 1 0 1 1 1 
0 0 1 1 1 0 0 0 1 1 1 1 1 0 0 0 0 0 0 0 0 1 0 1 1 1 1 1 0 0 1 0 0 0 1 
0 1 1 0 0 1 1 1 0 1 1 0 0 1 0 1 1 0 1 1 1 1 1 1 1 0 0 0 1 0 0 1 1 0 1 
0 0 0 1 0 0 1 0 0 0 1 1 0 1 1 0 1 0 0 1 1 0 0 1 1 0 0 1 1 1 1 0 0 1 1 
0 1 0 1 1 0 0 0 0 0 1 1 0 0 1 0 1 0 0 0 0 0 0 0 1 0 0 1 0 0 0 1 1 0 0 
1 1 0 1 0 0 0 1 1 1 1 0 1 1 1 1 0 0 1 0 0 1 1 0 0 0 0 1 1 0 1 0 1 1 1 
0 1 1 1 0 1 0 0 1 1 1 0 0 0 0 1 0 0 1 1 0 1 0 1 1 1 1 0 0 1 1 0 0 1 1 
0 1 1 1 1 1 1 1 0 0 0 0 0 1 1 1 1 1 0 1 0 1 0 0 0 1 0 1 1 1 0 0 1 0 1 
1 1 1 1 1 0 0 1 0 1 1 1 0 0 0 1 1 1 1 1 1 1 1 0 1 0 1 1 1 1 0 1 1 1 1 
0 1 1 1 1 1 1 1 0 0 1 0 0 0 1 1 0 0 0 0 0 0 0 0 0 1 1 0 1 0 1 0 1 1 0 
1 1 1 1 0 0 1 1 1 1 1 0 0 0 1 1 1 1 0 1 1 1 1 0 0 1 0 1 1 0 1 0 0 0 0 
0 0 1 0 1 1 1 0 0 1 1 0 1 1 1 1 0 0 0 0 1 1 1 1 0 0 1 1 0 1 0 1 0 0 1 
0 1 1 0 1 0 1 1 1 1 0 0 0 0 1 1 1 1 0 1 1 0 0 0 1 1 1 1 0 0 1 0 0 0 0 
1 1 1 1 1 0 0 1 0 1 0 0 0 1 1 1 0 1 0 0 1 0 1 0 1 1 0 1 0 0 1 1 0 0 1 
1 1 0 1 1 1 1 1 0 1 1 1 1 0 0 1 0 1 1 1 0 0 1 1 0 1 0 1 0 0 0 1 1 0 0 
1 0 0 1 0 1 1 0 0 0 1 1 0 1 0 1 1 0 1 1 1 0 1 0 1 1 1 0 1 0 0 0 1 1 0 
0 0 1 0 0 0 1 1 0 0 0 1 0 1 0 0 1 1 0 1 0 0 0 1 0 1 1 0 0 1 0 1 0 1 0 
0 1 0 1 0 0 0 1 0 0 0 0 0 1 0 0 1 1 1 1 1 1 0 0 0 1 0 0 0 1 0 1 1 1 0 
0 0 1 1 0 0 0 1 0 1 1 1 0 1 1 0 0 0 1 1 0 0 1 0 0 1 1 0 1 1 1 1 1 1 1 
1 0 1 0 0 1 0 0 1 1 1 0 0 0 0 0 1 0 0 0 1 0 0 0 0 0 0 0 0 0 0 1 1 0 1 
0 0 0 1 0 0 1 1 0 0 0 0 1 1 0 0 0 0 1 1 0 1 1 0 0 1 0 1 1 0 1 1 1 1 1 
1 1 1 1 0 0 1 1 0 0 1 1 1 0 0 0 0 1 0 1 1 1 1 0 0 1 1 1 1 0 0 1 0 0 1 
0 1 1 0 1 0 0 1 0 0 1 1 1 0 0 0 0 1 1 0 0 1 1 1 1 0 1 1 1 1 1 1 0 0 0 
0 0 0 1 0 1 1 1 1 0 1 0 0 1 1 1 1 1 0 0 1 0 1 0 1 1 0 1 0 0 0 0 0 1 0 
1 0 0 1 0 1 1 0 1 1 0 1 0 0 0 1 1 0 0 0 1 1 0 0 0 1 1 1 0 1 1 0 1 0 0 
0 0 1 1 0 1 1 0 1 0 0 1 0 0 0 0 0 0 1 0 1 0 1 0 1 1 0 1 0 1 1 0 0 0 0 
0 1 1 1 0 1 1 0 1 1 1 0 0 0 0 0 0 1 0 1 1 0 0 1 0 0 1 0 1 1 1 1 0 1 1 
0 0 1 1 1 1 1 0 0 1 1 0 0 1 0 0 0 0 0 0 1 0 1 0 0 0 1 1 1 0 0 1 1 1 1 
0 0 1 0 0 0 0 0 0 0 1 0 1 0 0 1 1 1 1 1 0 1 1 1 0 1 0 0 0 1 0 1 1 1 0 
1 0 1 1 1 0 0 1 1 1 0 0 0 1 0 0 0 1 0 0 1 0 0 1 0 0 0 1 0 1 1 0 1 0 0 
0 1 1 1 0 1 0 1 1 1 1 1 0 0 0 1 0 0 0 1 0 1 1 1 0 0 0 1 0 0 0 0 0 0 1 
0 0 1 1 0 1 1 1 1 1 1 1 0 0 1 0 0 1 1 0 0 0 1 0 0 1 0 0 0 0 0 0 0 1 1 
0 0 0 1 1 1 0 1 1 0 0 0 0 0 1 1 1 0 1 1 0 0 1 0 1 0 1 1 1 0 0 1 1 0 0 
1 0 1 0 0 0 0 1 1 1 1 1 1 1 1 1 0 0 1 0 1 1 0 0 1 0 1 0 1 1 1 1 1 0 0 
1 1 0 1 0 0 1 1 0 1 0 0 0 0 0 1 1 1 0 0 1 0 1 0 0 1 0 1 1 0 0 0 1 0 0 
0 1 1 1 1 0 1 0 0 1 1 1 0 0 1 1 1 0 0 1 1 1 1 0 1 0 1 0 1 1 0 0 1 1 0 
1 0 1 1 0 0 0 1 1 1 1 1 0 0 0 1 0 1 1 1 0 1 0 0 0 0 0 1 1 0 1 1 1 0 0 
1 0 1 0 1 0 0 0 1 0 0 0 1 1 1 0 1 1 1 1 0 1 0 1 0 1 0 1 1 0 1 0 0 1 1 
0 1 1 0 0 1 1 0 1 1 0 0 1 0 1 0 0 1 1 1 1 1 0 1 0 0 0 0 0 0 1 1 0 0 1 
1 0 1 1 0 1 1 1 1 1 0 0 1 0 1 1 1 0 1 1 0 0 0 0 1 0 0 0 1 1 1 0 1 0 1 
1 0 0 1 1 1 0 0 0 0 0 0 1 1 0 0 0 0 0 1 0 1 0 1 1 0 0 0 0 1 0 1 1 1 0 
1 0 1 1 1 1 1 0 0 1 1 0 1 1 0 1 1 0 1 0 1 0 0 1 1 1 0 0 0 0 1 1 1 1 1 
1 0 1 1 0 1 0 0 1 0 1 1 1 0 1 0 0 0 1 0 1 1 0 0 1 0 0 1 1 0 0 0 0 0 0 
0 1 1 0 1 1 0 0 1 1 0 1 1 0 1 0 1 1 1 1 1 1 1 1 0 1 1 1 0 1 1 1 1 0 0 
1 1 1 1 0 1 1 0 0 1 1 1 0 1 1 1 0 0 0 1 0 1 0 0 1 1 1 0 1 0 1 1 1 1 0 
1 0 1 0 0 1 1 0 0 0 1 0 0 0 1 1 0 1 1 1 0 0 0 0 0 1 1 1 0 1 0 0 0 0 1 
1 1 1 1 0 1 0 1 1 0 1 1 1 0 1 1 0 1 0 0 1 1 1 0 1 0 0 1 0 0 1 0 0 0 1 
0 1 0 0 0 0 1 0 1 0 1 0 0 1 1 0 1 0 0 0 1 0 0 0 0 1 0 1 1 0 1 0 1 0 1 
0 0 1 1 1 0 0 0 0 0 1 0 0 1 0 1 0 1 0 0 1 0 1 1 0 1 0 0 1 1 1 0 1 0 1 
0 0 1 0 0 0 0 1 0 0 1 0 0 1 1 1 0 1 1 1 1 1 1 0 0 1 1 1 1 0 1 1 0 0 1 
0 1 0 1 0 1 1 1 0 1 0 0 0 1 1 0 0 1 0 1 1 0 1 0 1 0 1 0 0 1 1 1 0 0 0 
0 1 1 1 0 1 1 1 0 0 1 0 1 0 1 0 1 0 0 0 1 1 1 0 0 0 0 0 1 0 1 0 0 0 1 
1 0 1 0 0 0 0 1 0 0 1 1 1 0 1 1 0 1 0 1 1 1 1 1 1 0 1 0 1 0 1 1 1 1 1 
1 1 1 0 1 1 1 0 1 1 0 1 1 1 1 0 0 1 0 1 1 0 1 0 1 0 1 1 1 1 0 0 0 1 0 
1 0 1 1 0 1 1 0 0 0 1 1 0 1 0 0 0 1 0 1 1 0 1 1 1 1 0 0 1 0 1 0 1 0 1 
0 0 1 1 1 1 0 1 0 1 1 0 0 0 1 1 1 0 0 0 1 1 1 0 1 0 1 1 1 1 1 1 1 0 0 
1 0 1 1 1 1 1 0 0 0 1 1 1 0 1 1 1 1 0 1 1 1 1 1 1 0 0 1 1 1 0 0 0 0 0 
1 1 1 1 0 1 0 1 0 1 1 1 0 1 0 1 1 0 1 1 1 1 1 0 1 0 0 0 0 0 1 1 0 0 1 
0 0 1 0 0 1 1 0 0 0 1 0 0 0 0 1 1 0 0 1 0 1 1 0 1 1 1 0 0 0 1 0 0 1 0 
0 0 0 1 0 0 1 1 1 1 1 1 0 0 0 0 0 0 0 0 1 1 1 0 1 0 0 0 1 0 1 1 1 1 0 
0 1 0 1 1 1 1 0 1 1 0 0 1 1 1 0 1 1 0 0 1 0 0 0 1 0 1 1 0 1 1 1 0 0 1 
0 1 1 0 0 0 1 0 0 0 1 0 0 0 1 0 1 1 0 1 0 1 0 1 1 1 1 1 1 0 1 1 0 0 1 
0 1 0 1 1 0 0 0 1 0 1 0 0 1 0 0 1 0 0 0 0 1 0 1 0 0 0 1 0 0 0 1 1 1 0 
1 1 0 1 1 1 0 0 1 0 0 0 1 0 0 0 1 1 1 0 1 0 0 0 1 1 1 1 1 0 0 1 0 0 0 
1 0 1 1 1 0 0 1 0 0 1 0 0 0 1 1 0 0 0 1 1 1 1 1 0 0 1 1 1 0 1 0 1 0 1 
0 0 0 0 0 0 1 1 0 0 0 1 1 0 1 1 1 1 0 1 1 1 0 1 0 0 0 1 0 1 1 0 1 1 0 
1 1 1 0 1 1 0 0 1 1 0 0 1 1 1 0 0 1 1 1 1 0 1 0 1 0 1 0 1 1 0 1 0 0 1 
0 1 1 1 1 0 0 0 1 1 1 1 0 0 1 0 1 0 1 0 1 1 0 1 0 0 0 0 0 0 1 0 1 0 0 
1 0 1 0 1 1 1 0 1 0 1 1 0 1 0 0 1 0 1 1 0 0 1 0 0 1 1 0 1 0 1 1 0 1 0 
0 1 0 0 1 0 1 0 0 0 1 1 1 1 0 1 1 1 1 1 1 0 1 1 1 0 0 0 0 1 1 0 1 0 1 
1 0 0 0 0 0 0 0 1 0 0 0 1 0 0 0 1 1 0 0 1 0 1 0 1 1 1 1 1 1 1 1 0 1 1 
1 0 0 1 0 0 0 0 0 1 0 1 0 0 0 1 0 0 0 1 1 1 0 0 0 0 0 0 1 0 1 0 0 0 0 
1 0 0 0 0 1 1 1 0 1 1 0 1 0 0 1 0 1 1 0 0 1 0 1 0 0 0 1 1 0 0 1 0 1 0 
0 1 0 1 0 0 0 0 1 0 1 0 1 0 1 1 1 1 1 1 1 0 1 0 1 0 1 0 1 1 0 1 1 0 0 
1 0 0 0 1 0 1 0 1 0 0 1 0 0 0 1 1 0 1 1 0 0 0 0 0 0 0 0 0 1 0 0 0 1 0 
0 1 1 0 0 1 0 0 1 1 1 1 1 1 1 1 0 1 0 0 0 0 0 0 0 1 0 0 1 1 0 0 1 1 1 
1 1 1 1 1 0 1 1 0 0 0 0 0 1 0 1 0 0 0 1 1 1 1 1 1 0 1 1 0 0 1 1 1 1 0 
1 1 1 0 1 0 1 1 1 0 1 0 1 0 1 0 0 1 1 0 1 0 0 0 0 0 0 0 0 0 1 0 1 0 1 
0 1 1 1 1 0 1 1 0 0 0 0 0 1 1 1 1 1 0 0 0 1 1 1 1 1 1 1 0 1 1 1 1 1 0 
1 0 1 1 0 0 0 0 0 1 0 1 0 1 0 1 0 0 0 0 0 0 0 0 0 1 0 0 1 1 0 0 0 0 0 
0 1 0 1 1 0 0 0 1 1 0 0 1 1 1 1 1 0 0 0 1 1 1 0 0 1 0 0 0 1 0 1 1 1 1 
0 0 0 0 1 1 1 1 1 0 0 0 1 0 0 0 0 1 1 0 0 1 0 1 0 0 1 1 0 1 1 0 1 1 1 
1 0 0 1 0 0 1 0 0 0 0 1 0 0 0 1 1 0 1 0 1 0 0 0 0 0 0 0 1 1 0 1 1 0 1 
0 0 1 1 0 1 1 1 0 0 1 0 1 1 1 1 0 1 1 0 1 1 1 0 0 1 1 0 0 1 1 0 0 0 0 
0 1 1 1 1 0 1 1 0 0 1 1 1 1 1 1 1 0 0 1 0 0 1 1 1 0 0 0 1 0 0 1 0 0 1 
0 1 0 0 0 1 0 1 1 1 0 1 0 0 1 1 0 0 1 1 1 1 1 1 1 0 0 1 0 1 0 0 0 1 1 
0 0 0 0 1 1 0 0 0 1 0 1 0 0 0 0 0 0 1 0 0 1 0 1 0 1 0 1 0 1 0 1 1 0 0 
0 1 0 0 1 1 0 1 1 1 1 1 0 1 1 0 0 1 0 0 1 1 0 1 0 1 1 0 1 0 0 0 1 1 0 
1 0 1 0 0 1 0 1 1 0 0 0 1 0 0 1 0 0 1 0 0 1 0 1 1 0 0 1 1 0 1 1 0 1 0 
1 1 0 1 1 0 1 0 0 0 0 1 1 0 0 0 1 0 0 1 1 0 1 1 0 0 1 1 1 1 0 0 0 0 0 
0 1 1 1 0 1 1 1 0 1 0 0 1 1 0 0 0 0 1 1 0 1 0 1 1 0 1 0 1 1 0 0 0 1 0 
1 0 1 0 0 1 0 1 0 1 0 0 0 1 0 0 1 1 0 1 0 1 1 0 0 1 0 1 0 0 1 0 0 0 0 
1 0 0 0 1 0 0 0 0 0 1 0 0 0 1 1 1 1 1 1 0 1 0 1 1 1 1 1 1 1 1 0 0 0 1 
0 0 1 1 1 1 1 1 0 1 0 1 0 0 0 1 0 0 0 0 0 0 0 1 1 1 1 0 1 1 1 1 0 1 1 
1 1 1 1 1 1 1 0 1 1 1 0 1 1 0 1 1 0 1 0 0 1 1 1 0 1 0 0 1 0 0 1 0 0 0 
1 0 1 1 0 1 0 1 0 0 0 1 0 1 0 1 0 1 1 1 0 1 1 1 1 0 0 0 0 0 1 0 1 1 1 
0 1 0 0 0 1 1 1 1 0 1 0 0 0 1 1 1 0 1 1 1 1 0 0 1 0 1 0 0 0 0 1 0 1 0 
1 0 0 0 0 0 1 0 1 0 1 0 0 0 0 0 0 1 1 1 0 1 0 1 0 1 1 0 0 1 0 1 1 1 0 
0 1 1 0 1 1 1 1 1 0 1 0 0 1 0 0 0 0 1 0 0 0 1 0 1 0 1 0 1 0 0 1 0 0 0 
0 0 0 0 1 1 1 0 1 1 0 0 1 0 0 1 1 0 0 0 0 0 1 0 0 1 0 1 0 0 0 1 0 1 0 
416 31
408 29
320 1
399 5
281 11
331 16
93 19
370 26
170 5
352 7
188 28
117 35
316 17
244 35
138 27
289 27
17 20
225 22
157 23
242 35
46 27
343 33
523 23
519 5
340 14
452 30
490 8
237 21
159 18
69 30
310 19
207 23
583 3
557 16
27 16
167 3
32 15
215 29
424 16
455 32
338 13
315 22
120 28
303 34
281 6
508 22
88 11
543 1
123 24
97 21
545 28
231 15
56 30
579 22
115 9
319 1
242 9
474 29
5 33
549 11
225 30
332 21
211 3
545 11
260 6
200 12
439 26
97 34
509 8
544 2
381 35
80 15
276 23
315 6
520 34
10 14
582 21
169 5
274 17
467 30
404 25
266 13
179 10
316 12
99 30
58 15
588 1
58 2
432 14
491 17
523 20
62 1
378 8
521 13
436 18
483 3
483 30
374 28
113 9
298 29
249 28
114 34
264 12
553 13
539 9
371 26
25 19
28 18
504 7
581 9
382 14
20 23
400 6
311 31
584 27
515 2
79 26
212 34
421 24
88 25
18 33
469 18
309 27
141 17
484 4
384 35
275 35
417 9
143 16
67 27
399 16
407 34
376 13
358 32
334 33
355 5
40 14
325 16
526 34
33 31
463 32
232 27
522 35
290 31
505 29
35 26
306 10
266 35
324 34
318 25
496 28
375 15
286 25
457 17
357 21
328 24
20 4
522 23
346 3
510 6
172 24
250 35
511 7
110 27
61 15
407 34
566 21
428 2
401 22
585 9
431 27
588 33
202 16
567 3
417 9
578 7
197 21
96 7
57 4
565 22
7 20
300 20
318 10
383 31
433 17
248 23
341 7
461 29
156 28
464 16
362 16
141 26
486 4
445 30
105 3
141 5
554 25
511 26
195 4
408 25
304 3
355 24
247 31
169 25
26 20
125 2
537 28
480 2
386 22
318 23
188 13
282 12
259 2
197 9
308 8
227 9
455 18
82 15
292 18
174 8
258 24
462 4
99 21
132 31
355 13
11 10
37 19
372 2
282 27
100 25
472 31
259 19
88 8
529 9
533 23
385 9
154 29
11 3
259 4
412 2
398 13
63 6
292 15
444 10
67 10
88 29
66 25
512 35
524 26
189 25
171 34
17 24
347 2
243 2
236 11
21 30
340 17
152 35
34 10
196 30
362 1
339 16
335 22
392 25
239 17
544 26
134 20
176 17
438 34
382 34
441 22
528 10
17 35
169 5
98 20
240 23
515 13
284 19
411 2
585 30
18 33
33 1
340 34
228 34
452 7
241 2
359 33
535 18
241 8
192 2
246 29
208 5
456 18
481 23
143 26
414 7
440 15
502 17
501 8
502 7
528 3
18 30
357 19
194 35
349 13
183 2
362 8
395 11
273 22
132 20
442 1
122 19
508 30
361 23
134 16
264 16
128 4
385 6
320 32
90 6
148 14
297 29
564 11
575 33
513 24
37 18
42 19
583 8
488 16
571 9
133 18
258 13
581 4
484 20
518 5
189 7
579 28
1 19
442 8
475 35
282 17
264 12
433 7
401 26
14 24
105 32
283 19
513 22
298 3
263 12
390 19
26 8
567 21
69 13
505 7
136 29
292 22
415 34
584 13
162 9
157 19
489 16
265 32
552 13
45 17
67 4
561 8
319 2
489 2
415 15
460 12
431 21
398 4
269 1
277 29
326 1
477 4
392 35
273 9
500 1
532 33
63 5
15 17
522 31
62 14
470 5
351 18
449 22
575 12
82 26
419 7
119 1
143 17
219 26
536 22
142 10
60 29
442 16
481 31
549 11
24 21
525 22
528 12
552 20
572 20
240 28
151 28
294 35
348 26
5 24
102 6
485 19
559 6
377 27
448 20
120 26
406 18
257 17
360 33
265 15
329 14
13 34
321 24
444 27
118 4
341 13
312 9
127 9
131 21
390 28
124 15
150 14
530 13
477 26
433 13
279 10
399 10
209 3
485 34
105 8
526 25
71 24
300 17
246 9
537 8
200 9
13 2
251 17
540 16
389 2
247 30
136 10
318 4
503 30
453 29
122 9
96 35
381 25
219 31
165 3
355 17
218 10
98 15
457 31
488 10
398 1
401 12
476 8
184 27
103 35
144 4
513 20
74 27
210 13
374 32
409 6
19 2
218 7
410 22
99 4
468 2
386 18
133 18
514 15
363 34
355 17
336 1
364 35
238 6
50 28
467 17
407 8
346 17
445 28
5 32
385 18
232 6
134 25
150 13
261 30
433 19
262 31
126 30
401 35
192 21
356 21
362 8
572 22
480 34
255 25
508 4
16 34
222 29
323 31
212 16
572 16
443 6
443 25
452 5
534 16
8 3
236 13
140 19
507 30
364 1
507 27
129 20
54 2
139 9
193 27
505 21
166 17
389 35
449 24
542 27
462 26
572 10
86 31
587 15
87 26
263 21
33 33
135 18
227 16
284 32
334 25
216 26
238 10
432 9
157 15
113 19
533 30
360 16
39 16
347 27
374 18
296 7
189 27
87 31
484 30
31 4
358 28
545 20
505 30
566 13
319 2
324 14
406 15
196 27
377 31
277 18
559 6
327 26
336 10
75 9
58 33
103 4
447 24
402 12
277 25
1 23
27 35
237 27
284 12
228 10
583 28
526 11
522 17
566 9
32 14
173 5
249 23
388 20
393 33
303 29
479 2
261 16
500 12
44 8
344 30
307 26
413 23
523 26
356 29
87 18
147 5
374 17
15 30
447 1
283 7
265 12
458 9
239 23
305 31
562 9
527 12
473 2
456 26
495 27
446 28
237 21
230 15
44 8
224 5
520 23
340 26
137 21
397 18
139 21
563 14
454 9
118 5
522 27
257 11
380 29
184 5
136 16
401 28
29 35
443 3
237 9
23 26
378 7
568 5
258 2
548 7
175 20
356 7
347 33
309 8
259 9
289 25
396 12
111 32
80 6
325 18
67 24
480 27
42 2
312 34
66 1
164 20
381 20
57 13
346 7
118 27
296 35
116 26
580 12
31 4
91 24
576 21
455 15
328 25
249 7
19 17
461 22
573 32
421 6
264 11
264 1
79 27
211 33
504 9
348 22
319 2
472 13
163 32
114 23
460 17
278 14
543 10
177 11
246 23
156 33
285 33
355 28
252 8
23 22
180 14
80 2
431 31
165 2
342 35
520 27
357 33
516 10
36 26
554 29
90 24
181 23
477 31
158 27
345 7
567 12
127 27
182 11
189 1
27 21
226 27
545 22
135 6
242 7
52 12
152 14
273 13
528 17
38 11
512 13
149 29
49 24
453 29
95 12
533 2
144 23
271 16
59 8
285 1
587 4
69 20
302 20
206 8
150 4
410 23
360 29
168 15
520 23
345 1
394 30
139 35
323 17
258 12
157 12
439 20
541 32
96 21
523 28
399 30
241 30
337 2
229 34
442 7
147 12
103 34
188 11
60 26
109 12
474 22
574 13
284 23
263 3
463 2
338 27
207 22
352 16
578 20
80 12
236 12
89 35
82 35
434 20
329 5
131 27
492 5
17 31
402 19
465 21
278 34
511 28
110 23
26 10
83 31
254 31
243 8
84 4
288 18
328 14
35 31
523 10
20 7
215 1
98 34
44 27
314 3
544 26
318 15
254 13
356 9
117 29
456 5
277 9
116 18
292 26
413 14
103 17
319 29
460 16
424 10
273 21
565 15
329 24
498 15
207 13
58 4
86 6
117 23
52 26
452 4
37 23
415 2
367 10
110 26
115 29
475 18
203 16
523 6
202 14
338 10
110 1
21 27
166 28
558 6
319 10
416 17
354 1
512 13
68 35
471 13
10 19
382 32
430 13
271 32
97 5
519 5
558 27
91 15
136 5
316 5
40 9
32 19
216 4
27 1
347 7
349 10
494 6
130 31
59 14
100 9
418 31
55 16
583 10
339 32
239 22
97 19
279 26
257 1
122 6
300 29
236 30
518 17
261 16
117 35
493 19
270 3
390 22
450 5
40 24
189 9
492 2
88 8
23 30
46 25
220 32
313 19
70 24
439 11
114 6
526 26
406 14
115 7
513 33
415 16
523 7
545 30
301 10
163 10
567 35
266 1
304 16
43 15
508 26
106 28
215 12
353 31
523 28
243 7
226 24
371 3
530 19
565 25
258 5
434 34
147 16
247 8
242 12
467 7
264 2
571 22
434 32
179 25
264 4
166 7
465 15
485 6
190 16
290 33
444 17
20 1
267 11
291 10
287 8
189 32
124 2
43 6
339 3
396 30
505 32
13 11
56 6
157 14
201 9
221 30
343 19
215 30
430 17
37 5
36 28
207 30
266 19
352 19
173 27
472 14
553 19
271 25
55 25
428 27
62 12
196 21
156 27
207 30
61 31
388 22
235 4
529 23
104 10
149 6
430 33
279 28
10 17
176 16
211 12
119 21
478 17
169 26
229 8
274 30
370 33
285 14
291 7
185 27
9 2
509 2
474 21
70 26
9 14
148 23
500 30
75 21
69 8
265 10
30 10
223 31
3 16
506 29
222 13
93 30
94 4
433 12
351 21
139 18
255 16
166 14
245 32
253 27
24 16
445 1
63 34
470 29
333 29
158 17
317 25
36 27
68 15
311 9
47 35
136 1
245 21
223 26
418 35
274 10
569 9
526 29
239 12
484 31
82 25
228 25
244 33
2 30
89 1
126 19
262 7
548 11
474 21
307 5
197 15
292 31
372 8
564 4
452 1
556 10
100 30
550 21
105 30
106 12
311 6
583 9
538 27
184 6
555 1
67 31
381 20
168 19
174 20
117 32
37 17
201 12
418 10
421 20
59 4
61 28
124 31
48 5
358 33
484 16
178 11
438 10
29 2
242 28
168 23
494 30
138 6
138 3
384 29
210 8
236 21
498 4
588 13
310 8
578 17
565 20
125 20
67 34
329 34
47 4
263 23
202 24
206 19
478 7
287 23
416 32
297 23
89 15
561 3
127 12
279 23
67 18
463 34
407 35
359 19
340 26
23 29
514 34
369 8
400 18
319 23
205 13
184 11
272 21
535 28
313 6
588 31
44 28
15 24
272 21
106 28
134 16
469 33
536 27
397 28
54 2
416 9
239 1
531 30
403 33
355 8
352 17
55 32
6 21
69 12
427 31
494 1
310 34
420 7
520 6
67 4
472 4
38 5
201 24
84 21
160 20
313 30
416 19
189 3
486 26
497 15
146 24
283 31
372 2
337 28
465 34
105 19
238 30
540 13
385 15
569 4
400 19
478 11
422 6
59 11
384 7
514 3
81 31
9 24
324 32
461 12
371 35
149 20
183 2
258 20
220 4
371 32
127 1
242 32
385 10
169 3
396 20
222 28
188 5
391 28
556 16
556 8
192 34
425 23
524 25
2 7
302 6
470 22
374 19
301 19
301 16
51 11
223 23
105 29
464 16
461 23
539 21
499 4
132 9
115 7
243 8
92 35
199 6
291 4
505 34
134 6
7 27
540 10
205 5
460 4
380 30
583 14
555 19
44 3
315 9
146 7
579 12
95 30
415 24
240 6
467 15
443 29
398 26
554 11
368 12
539 23
294 25
523 5
153 9
173 29
51 31
506 9
270 24
65 30
296 7
87 31
124 27
433 6
451 3
60 22
543 25
549 16
293 10
417 5
191 34
457 31
38 30
23 3
194 33
315 24
498 6
276 31
309 16
465 28
218 29
449 14
540 19
95 26
582 16
131 31
572 28
409 7
441 13
94 11
305 18
105 34
487 28
292 6
516 10
21 32
246 31
121 32
82 20
364 8
95 13
408 15
272 3
568 15
314 21
506 12
204 15
182 7
78 34
479 16
122 13
224 11
221 3
521 13
65 6
207 13
150 27
587 20
260 31
447 27
127 6
455 2
53 14
540 30
578 15
90 23
19 8
442 30
166 16
204 22
299 18
168 23
438 21
365 16
468 8
560 30
530 14
38 13
539 29
147 30
426 32
342 21
94 1
295 15
470 31
371 24
353 1
581 3
363 23
73 22
303 34
450 16
260 3
542 28
483 30
487 23
519 1
581 9
294 14
269 28
139 28
196 18
282 35
15 20
454 13
211 2
466 25
309 29
356 6
206 19
586 3
160 6
58 5
479 35
250 24
479 24
324 3
143 16
42 15
48 6
70 19
270 33
380 13
177 14
315 10
166 10
59 14
185 14
546 30
466 24
511 27
298 12
202 4
256 10
19 31
551 22
348 31
468 14
19 3
106 7
59 32
231 10
298 34
138 15
181 33
521 4
49 22
293 24
412 16
278 10
119 34
66 15
520 5
383 18
129 22
304 33
426 2
24 32
261 14
38 6
535 16
5 24
573 5
497 30
492 32
569 10
176 9
65 26
213 14
153 24
327 5
428 11
354 14
575 23
185 18
265 30
384 26
302 25
16 26
484 18
347 24
144 29
1 27
92 16
244 26
488 3
337 11
293 7
377 1
277 9
242 34
494 28
541 33
382 11
111 25
283 31
166 1
248 5
37 9
88 7
30 8
544 1
62 23
326 2
300 19
494 14
407 7
122 30
108 1
108 6
494 21
586 27
312 17
31 5
516 7
436 2
327 20
394 4
28 14
3 20
205 20
27 3
58 32
454 1
452 10
496 11
31 31
208 13
426 5
20 13
41 1
555 6
333 32
243 25
136 34
375 12
284 1
409 6
125 35
72 17
66 27
242 1
438 11
518 7
456 4
97 23
118 19
403 14
379 23
161 29
547 7
178 15
488 8
66 14
335 32
106 28
179 23
73 14
39 13
560 11
117 10
297 32
226 8
271 15
341 33
404 24
256 25
199 15
130 12
201 32
148 35
500 32
116 15
455 6
543 9
437 17
67 35
168 22
62 28
61 13
196 20
82 16
436 6
542 34
275 25
70 1
18 13
560 33
312 6
479 24
287 3
542 22
166 19
554 33
484 9
184 22
408 10
81 31
450 8
391 24
458 22
446 28
324 13
266 33
321 18
127 22
199 18
357 24
128 22
506 15
305 22
563 23
9 12
440 22
526 33
16 24
47 20
312 8
151 14
346 32
586 29
177 4
556 19
32 23
210 13
346 4
297 21
89 11
433 12
538 2
573 24
346 21
522 18
465 15
53 31
312 15
210 13
390 3
387 35
382 24
451 12
356 22
564 19
176 2
307 30
376 29
109 31
401 27
6 30
98 3
187 20
236 4
77 18
23 6
256 15
86 4
267 26
111 10
183 24
163 7
5 27
460 10
253 20
541 9
305 2
417 2
290 27
165 5
438 7
85 21
82 6
220 30
215 23
448 28
335 23
276 34
555 22
334 17
426 20
117 10
39 22
229 33
210 12
322 8
38 30
466 3
291 22
506 21
74 33
76 27
21 23
382 35
69 32
47 32
80 8
576 28
573 11
258 34
101 18
570 5
225 8
442 31
583 20
427 33
465 13
429 7
66 22
552 1
270 13
317 24
269 2
347 25
405 15
416 22
235 16
71 29
282 28
448 31
371 3
59 10
301 28
103 13
74 3
355 28
259 6
402 7
310 20
34 15
180 14
144 19
438 25
90 9
214 28
258 29
467 30
510 5
504 30
83 6
197 11
533 1
54 34
53 10
191 14
498 17
191 18
396 18
212 25
70 19
335 18
387 22
253 33
128 9
56 30
317 20
362 8
36 10
426 33
155 4
182 11
493 16
504 21
203 7
493 11
448 31
259 8
429 21
232 32
430 17
403 16
35 31
449 32
573 27
282 14
110 10
426 20
3 25
279 24
9 33
411 22
570 28
34 8
244 31
509 34
215 7
67 2
495 21
530 2
422 16
151 15
363 32
341 4
123 8
101 32
426 11
304 12
164 3
163 17
164 30
150 15
316 6
76 14
139 24
283 22
252 24
367 8
515 10
171 13
369 24
244 25
80 26
557 16
83 10
442 32
542 29
305 21
580 13
577 7
574 30
203 27
8 34
524 35
508 15
523 24
203 29
252 4
508 12
87 22
339 18
287 18
470 16
194 30
269 25
250 5
534 29
193 9
585 21
456 7
255 24
529 27
421 28
553 23
512 16
431 12
142 35
433 20
334 19
97 16
506 13
436 19
317 5
122 30
38 33
33 21
535 23
549 30
5 14
376 13
64 28
285 12
338 21
197 7
52 35
186 23
157 11
292 18
182 31
157 14
513 32
423 12
347 18
45 30
401 9
330 28
111 34
492 6
189 23
116 15
129 35
337 2
272 10
27 28
201 27
424 9
483 27
132 22
322 29
575 12
22 14
268 22
291 7
177 8
568 9
588 2
437 20
411 27
162 11
313 16
484 23
69 24
429 33
53 33
536 29
515 18
96 1
130 6
162 15
57 29
506 26
488 26
451 10
31 13
84 21
145 6
311 33
141 13
447 31
580 35
294 26
520 25
502 13
476 4
553 9
553 1
299 3
116 18
486 20
354 32
382 9
313 30
450 17
121 6
284 33
427 30
490 3
481 6
119 35
404 4
128 34
361 16
382 35
510 1
459 22
376 28
204 15
519 20
407 32
587 13
46 30
106 33
282 21
425 8
233 14
221 2
102 1
237 26
100 3
321 17
481 1
567 29
493 30
338 20
374 17
178 8
139 31
3 28
358 24
577 22
168 7
321 14
170 7
389 15
115 34
489 25
540 5
475 23
410 26
397 18
142 25
240 30
90 7
218 14
537 31
496 26
39 29
168 19
440 30
419 13
150 10
214 20
485 11
190 17
193 19
305 11
534 10
351 6
8 18
325 11
93 24
252 14
9 4
555 18
413 15
168 4
408 1
11 18
348 15
217 32
314 12
237 17
416 18
320 26
173 32
457 6
27 25
103 6
341 23
539 27
488 25
522 2
10 17
46 31
373 4
144 21
356 33
49 17
124 17
252 1
443 3
423 27
427 7
261 29
354 19
108 11
224 35
468 20
575 29
281 13
120 15
580 4
262 15
559 7
397 27
154 11
577 7
137 1
98 24
256 5
429 33
575 27
58 1
201 18
73 1
495 1
162 28
301 9
550 9
24 27
147 32
425 16
371 8
301 2
217 3
298 5
443 34
359 26
562 9
449 18
425 15
163 14
567 9
554 17
333 16
96 12
164 2
431 17
485 5
307 2
325 24
307 16
368 33
32 29
232 12
267 11
574 8
43 14
289 3
473 13
52 9
266 8
418 3
434 20
513 5
139 20
288 1
471 7
523 18
453 17
223 9
344 10
221 26
180 20
539 9
385 29
295 35
85 13
569 15
192 21
163 22
193 12
85 6
453 20
211 9
454 1
36 21
565 34
40 19
142 16
69 21
33 15
261 12
394 22
335 18
426 26
267 2
229 34
560 9
349 14
137 17
213 17
407 29
566 35
65 12
474 15
45 1
457 17
552 10
63 7
509 27
527 33
491 18
119 3
316 17
476 14
153 27
394 34
424 23
511 10
179 1
218 12
570 10
287 22
540 22
55 5
20 20
162 18
132 26
122 30
370 5
407 6
175 31
495 2
407 35
101 22
57 18
198 15
99 19
255 19
40 24
111 7
210 19
397 15
207 33
234 7
85 34
581 13
285 29
281 20
420 19
432 23
504 2
172 12
459 34
450 15
364 32
82 25
237 9
160 30
187 13
345 23
279 24
48 12
514 13
121 21
584 5
246 18
33 10
224 24
492 33
491 26
536 9
577 27
198 8
65 21
270 11
276 17
231 22
366 15
344 5
240 8
109 13
192 30
8 14
60 2
218 13
324 6
128 11
318 1
72 13
448 19
498 13
389 20
397 12
563 8
59 3
40 6
200 3
302 4
137 31
499 8
398 28
231 19
329 29
153 15
526 17
487 3
469 6
205 19
10 15
448 1
132 9
324 1
575 22
248 1
549 24
417 3
21 13
311 34
297 29
581 35
203 20
1 33
139 24
24 31
144 17
285 18
199 35
230 1
186 10
314 35
536 19
543 4
253 1
289 22
23 33
53 5
352 19
164 34
63 35
502 20
164 8
224 11
332 16
117 22
92 26
8 23
204 14
310 2
185 30
36 12
322 3
370 25
317 5
577 17
22 25
419 28
286 29
96 31
352 29
299 25
263 10
232 30
243 1
248 29
51 15
261 35
177 9
131 5
463 28
582 10
135 21
65 12
173 17
17 5
53 7
524 28
142 4
565 9
318 10
265 35
210 30
74 5
547 9
97 11
535 21
536 11
546 27
321 12
126 26
510 30
541 10
466 30
353 5
280 7
413 34
582 16
508 17
372 20
297 7
216 16
493 30
119 4
457 27
517 13
293 29
424 32
13 13
271 31
531 24
73 28
354 8
190 26
486 27
464 16
489 4
131 35
94 12
216 15
79 12
442 9
170 32
340 4
421 27
249 26
8 4
539 20
461 28
515 12
69 28
373 29
75 26
346 28
233 35
9 22
217 28
587 6
328 13
252 5
348 29
77 31
160 28
406 19
41 13
364 10
476 12
182 28
430 15
513 3
249 35
76 20
69 5
316 5
374 26
152 31
335 22
218 21
488 9
512 29
353 15
137 25
60 19
63 7
532 5
76 15
260 11
319 8
449 32
401 4
465 3
34 1
170 28
316 23
297 13
512 14
117 15
305 8
10 5
556 9
48 17
118 21
156 3
400 17
188 23
365 10
45 32
99 15
304 12
212 26
487 34
215 13
509 30
211 12
173 24
53 21
417 23
351 7
183 23
278 29
225 9
480 31
497 16
575 13
220 17
500 26
581 5
491 26
372 27
567 7
368 1
532 25
97 4
36 9
461 8
153 24
475 18
27 22
340 30
333 5
106 7
525 10
281 1
364 11
86 28
318 34
78 30
164 33
557 35
525 14
434 8
334 17
488 14
577 4
553 23
196 22
17 22
564 27
278 19
404 19
493 21
483 16
272 30
165 24
235 10
472 28
543 12
532 13
5 5
47 21
369 16
463 6
152 29
450 19
464 9
525 29
373 23
273 10
339 20
406 35
557 9
501 34
279 17
144 17
431 8
401 17
516 8
534 7
81 4
401 26
47 34
365 23
54 13
440 13
234 18
380 34
369 14
106 21
583 25
328 12
287 1
467 29
398 34
271 3
443 21
136 20
294 27
421 28
268 19
544 13
425 2
148 9
337 6
500 19
237 29
443 5
267 27
446 14
425 26
459 7
270 22
187 7
309 10
359 19
189 19
335 17
361 13
512 4
534 19
125 34
478 13
24 34
70 9
512 32
427 29
572 35
220 32
28 23
132 34
100 15
555 12
166 24
243 15
66 14
70 23
432 2
528 15
486 2
522 20
365 1
383 15
335 18
407 6
426 2
337 21
391 15
291 1
315 32
464 26
170 6
540 2
194 2
336 1
177 12
368 6
11 14
178 9
69 6
564 15
297 15
271 31
108 23
72 34
477 4
190 6
442 4
213 34
570 27
232 13
368 31
248 28
526 32
442 25
347 35
54 13
366 27
501 12
190 22
71 16
538 29
183 3
370 35
20 29
241 24
528 21
277 33
28 30
20 14
455 18
278 2
568 18
372 26
335 17
328 12
493 9
422 22
162 5
232 20
17 14
3 19
179 32
66 6
93 21
227 16
5 27
13 31
255 29
88 23
245 10
280 1
471 16
52 32
399 20
240 7
7 10
383 6
23 2
35 11
573 35
373 34
48 25
577 9
227 31
462 14
501 29
486 4
361 7
474 13
366 31
96 13
124 16
588 26
579 16
132 34
13 13
406 28
311 15
530 5
111 33
95 28
65 21
134 8
272 20
191 24
424 20
329 4
64 27
399 21
338 14
130 21
310 2
42 24
577 21
555 29
104 5
54 1
10 20
349 17
163 7
100 3
158 5
526 20
17 1
12 28
393 27
393 17
396 33
571 13
8 12
265 33
91 23
29 3
372 9
123 2
50 28
415 24
61 16
303 19
322 7
385 3
382 34
38 7
341 28
289 5
279 33
355 19
223 34
250 8
362 23
337 35
306 25
96 34
427 25
289 9
236 28
541 26
226 25
297 5
239 32
60 15
413 28
240 12
468 32
200 35
257 33
492 21
549 19
260 26
417 28
210 18
75 33
290 24
384 27
245 3
277 29
548 19
554 25
411 23
239 4
535 10
49 34
240 18
289 25
266 31
565 9
64 30
234 4
272 10
540 34
386 23
32 31
581 12
49 8
546 9
554 18
350 30
14 6
203 31
169 15
514 29
388 30
287 19
344 29
131 13
175 5
410 30
123 27
228 6
213 15
484 11
472 16
571 26
408 35
276 20
280 23
468 18
509 24
340 16
163 35
511 32
506 18
348 31
454 21
126 20
443 7
552 2
180 13
406 32
34 8
459 8
131 6
439 21
357 13
483 20
296 21
524 3
420 11
226 3
523 25
224 6
436 22
415 23
318 7
399 16
235 11
251 12
266 30
345 25
2 15
209 6
85 27
259 13
390 23
221 16
162 30
197 12
569 22
260 4
210 29
575 21
224 7
530 14
176 2
237 1
191 18
409 34
139 2
173 31
570 15
137 25
147 15
293 35
502 17
130 5
230 15
350 8
266 28
87 31
209 32
531 19
107 33
85 9
288 2
187 3
263 8
366 23
588 4
524 3
329 21
419 33
450 24
63 2
292 29
76 23
12 21
48 12
393 32
329 25
213 25
334 29
189 24
537 12
123 31
424 19
333 30
238 30
32 20
474 4
186 30
75 18
47 33
49 13
124 15
113 22
178 20
16 22
173 20
462 33
132 17
585 21
347 11
546 5
396 13
577 10
96 6
368 18
2 20
196 11
282 35
316 2
3 21
575 1
439 13
278 18
437 34
86 21
314 17
38 24
260 17
242 21
27 21
165 19
159 28
573 34
355 7
112 2
63 20
2 17
280 30
532 6
306 26
24 25
433 19
302 25
252 33
518 29
311 34
253 28
281 21
507 19
431 7
66 20
425 30
2 7
127 11
43 31
439 19
3 6
483 34
103 21
170 25
110 4
252 22
298 29
461 24
1 22
526 22
179 17
434 8
37 35
195 24
36 4
466 4
367 33
409 31
368 13
487 7
267 28
401 6
348 16
384 14
504 5
550 31
436 2
113 30
119 5
523 14
125 20
538 14
62 18
534 7
176 15
13 13
76 22
23 17
16 4
42 5
238 32
257 34
342 35
399 20
558 24
424 6
219 2
417 12
108 14
509 29
492 1
400 12
540 26
463 31
208 5
456 35
252 35
498 21
184 4
140 28
473 23
355 14
68 5
416 26
136 29
5 25
314 16
42 24
347 16
460 15
3 6
495 11
153 16
39 23
100 20
160 15
233 33
327 34
137 20
552 22
377 10
296 29
401 20
376 15
180 35
483 1
124 34
243 32
355 20
400 10
201 2
433 16
56 8
584 5
581 23
470 30
117 2
194 13
585 34
75 23
105 25
181 17
113 7
425 28
529 30
309 10
48 11
98 35
326 1
53 34
320 10
15 27
191 28
56 7
59 11
289 2
226 27
336 23
487 9
550 28
514 29
346 20
576 27
217 7
301 10
21 29
588 7
478 22
164 22
480 15
135 34
289 12
137 28
572 9
112 19
537 11
63 1
584 33
329 32
162 19
432 1
494 1
217 22
241 16
475 1
151 2
337 32
334 7
230 3
11 6
342 33
212 24
494 29
289 12
137 23
386 2
445 30
481 16
581 12
121 14
280 32
209 4
293 12
222 1
196 27
520 2
228 8
423 6
52 16
183 32
242 29
264 5
129 23
32 15
176 19
16 17
575 18
228 13
401 10
202 27
70 3
331 7
543 17
23 20
362 17
76 19
69 29
512 24
486 23
271 22
155 32
568 17
434 27
144 34
335 26
283 29
525 18
376 5
344 10
369 1
588 24
140 23
518 1
180 27
382 28
284 26
369 10
39 4
17 5
195 26
96 26
364 28
208 31
557 2
259 9
151 13
292 6
376 5
561 35
446 25
511 35
430 30
377 35
520 15
88 21
301 16
326 15
159 30
203 34
468 31
330 34
287 2
249 31
276 25
542 4
335 13
109 29
360 16
214 20
417 26
322 28
429 9
173 8
551 23
30 33
92 19
406 14
354 5
296 10
289 5
96 15
83 23
235 5
78 14
195 12
117 19
391 19
576 8
477 5
126 12
120 12
48 31
516 23
46 20
291 35
570 13
178 14
539 24
319 25
411 7
457 15
234 23
492 22
560 14
27 33
239 22
513 16
342 10
101 2
400 15
154 32
271 31
217 15
468 28
315 24
554 17
391 29
474 17
558 31
560 12
320 10
12 25
449 1
474 25
202 6
481 5
355 19
88 18
206 35
257 14
102 7
338 33
171 1
532 22
422 34
493 2
28 30
251 31
323 12
436 13
580 31
563 27
32 13
262 34
338 5
197 33
138 6
479 8
99 5
16 22
355 11
156 5
151 1
259 29
381 32
549 12
104 29
28 3
50 14
39 21
381 27
389 16
496 7
126 23
553 16
451 4
390 18
359 8
457 15
308 18
584 5
146 5
189 14
489 14
516 16
446 22
442 23
204 4
275 24
408 17
536 1
138 11
31 23
54 19
456 18
70 23
501 32
253 35
229 16
555 11
489 29
460 1
44 9
431 25
98 34
301 11
235 31
80 33
81 14
526 22
245 1
331 34
101 6
412 15
135 11
180 7
266 14
333 3
175 29
351 11
199 22
384 23
532 5
213 26
555 18
443 32
557 4
583 1
18 18
353 25
350 12
314 6
111 27
81 34
66 4
127 35
142 8
435 24
251 9
492 23
177 4
228 20
200 2
516 18
437 25
335 3
417 29
492 28
395 3
4 10
92 3
552 12
161 9
314 2
187 16
496 22
78 21
350 20
151 27
507 5
401 29
558 4
469 19
181 25
361 1
582 2
50 17
399 23
118 35
333 2
222 5
177 11
433 3
557 16
199 29
38 20
581 11
148 17
52 27
226 23
537 12
350 13
15 22
526 29
248 7
449 22
111 25
397 32
582 35
141 22
277 34
476 12
93 11
211 19
274 15
182 13
338 29
424 6
554 7
379 11
546 32
568 24
10 22
202 13
416 23
317 20
388 12
255 30
206 12
495 7
442 2
149 19
39 2
212 18
511 1
76 22
315 35
315 28
98 1
117 21
330 23
312 9
464 15
269 21
73 31
493 25
175 30
194 21
98 27
368 1
533 29
386 3
337 18
382 18
398 8
34 26
157 24
1 5
128 23
295 6
479 3
59 20
117 17
120 30
534 18
195 21
195 16
92 9
182 10
541 29
346 30
382 18
250 30
30 15
155 1
29 34
131 14
522 25
446 9
138 18
424 4
121 33
489 27
138 9
255 19
69 9
568 6
8 3
151 18
310 15
488 8
451 32
369 18
220 10
259 31
293 13
309 9
449 21
52 26
99 6
381 19
347 6
320 27
295 13
44 5
526 29
204 31
237 27
87 3
85 4
244 35
291 29
65 30
439 9
105 17
291 10
310 33
574 11
577 33
1 21
125 26
311 31
326 9
373 34
36 1
372 24
325 10
255 25
72 18
133 8
85 18
421 4
296 19
362 14
383 25
534 16
325 31
269 22
229 24
238 16
342 17
91 17
29 25
463 26
244 22
450 10
259 12
162 33
268 2
106 18
303 31
316 5
358 23
566 24
15 20
496 18
481 7
524 34
578 22
515 9
298 13
196 18
405 23
100 17
346 20
209 14
440 1
156 27
378 16
358 21
429 8
477 22
38 15
114 35
207 30
350 17
549 24
214 9
41 23
236 27
506 35
151 1
464 16
282 30
290 22
88 18
321 6
432 9
253 10
299 8
277 26
258 11
48 12
500 22
491 11
127 31
502 23
175 31
363 3
324 12
433 19
146 16
84 28
193 16
72 17
382 3
35 30
3 24
8 24
300 1
569 27
102 17
114 11
307 1
30 14
489 34
481 16
285 3
249 28
327 20
546 18
16 13
345 30
305 21
466 16
280 9
69 5
116 10
560 28
504 34
148 20
23 25
489 5
389 6
428 1
413 31
44 22
78 31
166 9
159 14
131 17
396 30
461 19
551 8
429 11
539 2
1 2
398 11
158 17
433 26
90 16
524 28
421 6
311 27
175 27
303 22
371 32
113 34
13 19
561 24
477 1
104 5
60 20
210 22
477 32
317 28
280 32
357 26
99 9
216 24
518 27
80 32
220 25
71 3
270 14
112 3
375 23
469 26
495 23
15 1
348 28
136 10
132 16
298 30
356 28
447 19
472 32
29 6
19 35
86 20
340 29
74 27
38 2
288 22
354 8
441 26
254 31
427 19
523 2
522 24
98 2
124 5
552 8
502 30
509 22
176 33
531 11
118 27
203 30
181 25
93 29
291 10
386 8
428 18
318 20
34 28
288 15
458 10
529 29
490 32
286 2
98 20
572 5
395 16
178 30
189 9
479 5
234 32
557 9
142 12
129 6
224 20
340 31
111 23
390 3
303 33
279 26
79 16
260 30
419 31
435 27
3 17
368 19
87 22
534 26
571 17
159 18
548 1
325 26
381 33
433 19
402 4
583 7
502 28
256 30
576 13
167 31
499 13
354 3
474 9
583 14
421 22
284 6
178 26
38 19
320 35
134 12
153 18
378 14
32 23
8 31
450 25
354 30
580 20
468 25
409 14
197 13
357 35
234 10
537 14
252 22
79 13
159 18
73 32
507 8
556 13
502 31
32 16
135 32
208 15
456 5
520 33
312 2
134 34
567 31
69 30
521 13
270 19
165 17
557 16
39 27
495 8
533 24
347 26
135 5
336 18
208 8
522 4
581 33
16 3
17 3
504 1
336 7
259 13
246 28
501 2
64 16
247 5
18 25
243 23
87 16
232 28
587 9
253 5
246 29
50 22
585 1
315 22
9 12
87 35
520 4
215 27
491 21
146 10
45 15
225 28
44 29
467 13
466 5
1 3
196 26
54 29
418 19
184 30
184 26
375 19
146 30
129 20
310 8
221 32
11 35
102 35
188 35
189 11
30 4
159 7
314 23
467 23
26 32
481 7
196 19
103 25
126 22
503 30
292 33
381 2
509 6
225 19
507 23
451 5
127 8
79 4
438 25
150 18
566 11
303 8
353 2
292 34
391 35
218 1
118 35
369 5
124 1
511 30
529 20
230 14
187 7
190 17
454 3
152 13
250 10
372 13
45 11
446 13
475 10
570 35
421 26
112 11
343 17
222 20
424 24
448 7
556 12
141 3
458 28
47 1
83 25
300 12
84 2
464 12
152 3
364 12
320 35
116 18
280 1
371 19
214 20
287 34
127 31
363 1
307 12
98 33
68 14
29 9
139 25
98 14
268 9
386 17
418 35
343 5
190 7
266 3
411 1
554 16
547 22
335 34
121 33
26 13
88 19
452 3
196 4
133 25
337 3
315 34
551 9
42 21
211 17
420 20
245 32
476 14
248 6
561 16
473 26
198 18
539 10
410 15
502 31
90 2
205 15
206 3
384 9
237 3
144 4
180 16
75 30
28 2
451 5
153 21
109 7
455 32
70 26
136 25
132 16
552 19
387 9
53 8
50 9
169 34
117 31
387 31
160 2
281 2
480 13
296 15
53 14
387 20
165 7
257 19
303 16
168 7
367 27
549 31
545 1
127 34
133 23
197 6
551 22
430 23
321 19
335 22
129 10
586 17
352 26
479 5
4 26
558 27
331 25
501 35
488 23
124 30
266 34
280 1
476 24
357 2
211 31
176 15
245 12
427 29
385 25
404 27
457 5
297 35
424 25
339 20
445 16
534 21
14 26
565 21
446 10
28 31
559 29
199 31
197 26
26 22
583 4
8 26
413 28
245 14
109 16
542 33
174 4
339 34
61 12
580 3
385 14
133 9
402 1
35 5
53 17
235 17
524 12
152 33
230 22
117 20
445 28
530 27
429 3
396 6
512 18
303 25
378 21
218 16
396 35
171 11
588 29
475 14
196 22
255 7
163 15
461 26
380 25
57 2
73 25
293 6
149 35
408 11
505 34
304 26
291 7
252 6
199 4
65 2
427 11
18 30
411 29
192 28
218 11
213 3
306 6
386 3
102 27
64 33
96 13
480 34
522 18
3 35
40 31
48 31
372 10
242 25
410 14
151 3
378 14
392 24
438 1
407 33
154 30
86 26
90 6
526 35
194 30
38 27
321 35
428 12
151 11
39 16
548 10
174 17
517 25
232 24
402 5
28 27
360 23
453 26
216 11
176 18
344 18
158 9
86 25
523 29
310 14
552 9
364 33
572 27
364 24
399 23
238 27
280 14
341 27
138 35
313 26
579 16
374 8
300 23
452 22
401 23
145 24
29 10
435 16
481 19
52 27
238 29
332 3
532 19
346 29
82 12
137 9
319 7
124 34
540 33
551 22
247 28
269 29
121 31
545 4
192 20
58 20
341 12
204 27
204 21
25 22
5 9
368 7
558 19
581 34
449 6
566 19
336 10
194 19
563 3
197 24
495 24
306 7
126 24
208 11
5 6
530 23
30 8
364 10
77 14
255 13
145 34
102 27
579 18
209 24
542 17
44 20
284 6
566 1
52 21
389 28
340 3
24 32
214 8
334 24
343 7
246 21
311 10
158 35
510 2
171 15
511 34
473 29
253 13
361 10
411 35
405 25
547 20
155 14
560 18
89 2
548 31
193 29
515 4
85 31
460 7
378 11
487 26
356 30
32 23
366 2
461 21
320 19
45 24
419 18
146 12
185 20
305 30
227 21
317 32
491 17
558 21
563 27
39 24
19 28
98 5
288 18
407 33
262 22
494 23
562 27
76 3
278 1
273 30
481 15
468 20
26 31
299 30
494 19
489 13
539 16
523 35
289 35
92 35
556 2
205 22
482 30
390 8
93 20
168 35
66 2
360 7
494 28
72 31
296 16
157 6
439 34
378 14
528 3
3 25
222 12
466 21
337 22
548 2
154 10
541 10
410 28
254 28
149 30
519 31
533 32
384 16
572 13
500 6
285 5
120 20
234 13
531 17
256 31
61 22
425 26
42 11
465 22
276 13
133 20
94 15
467 24
365 17
311 10
250 23
7 32
583 5
130 15
431 20
398 20
349 20
367 7
588 17
342 15
387 20
31 8
83 8
142 19
152 6
31 13
233 14
515 31
551 21
478 34
253 16
550 19
331 27
50 9
151 22
255 26
153 26
50 6
250 23
169 2
438 24
403 12
337 24
1 2
330 9
287 35
3 23
329 22
22 11
262 16
175 33
574 33
244 12
450 18
352 8
554 24
397 2
536 16
176 33
226 24
271 18
282 1
100 29
281 5
384 31
287 19
176 11
359 4
300 1
279 28
11 32
557 22
257 35
194 28
72 18
174 27
570 22
453 21
195 34
507 20
507 35
143 2
461 35
277 1
374 1
302 9
454 4
570 19
513 32
221 33
465 9
97 3
266 31
23 16
314 10
74 34
459 3
41 26
286 35
355 31
170 6
426 16
118 30
135 8
547 6
167 22
151 25
171 29
39 7
392 26
92 29
331 7
552 24
540 6
286 16
331 35
539 2
7 2
207 8
268 5
423 31
110 20
578 21
499 1
11 25
478 30
478 28
414 33
7 32
312 27
54 30
243 8
125 12
199 19
81 9
521 25
449 12
261 30
74 31
92 2
18 16
298 1
264 25
132 30
435 9
419 1
341 34
271 23
548 31
585 13
260 21
588 8
58 34
273 21
264 10
86 5
359 14
175 30
517 29
25 14
289 25
485 10
78 6
67 12
457 24
21 17
95 29
352 31
159 19
490 5
126 3
499 14
195 34
365 25
130 10
487 10
464 18
25 35
547 10
103 9
291 15
148 10
151 22
20 17
20 7
359 18
151 17
433 11
235 11
37 1
181 15
12 9
557 10
359 2
71 15
449 10
65 11
209 33
146 19
108 25
437 29
545 15
586 24
59 21
318 1
225 29
399 23
74 21
185 13
164 27
565 15
19 3
361 19
449 34
92 9
405 14
82 8
222 24
279 18
562 1
445 29
511 7
562 8
3 17
96 2
307 26
428 33
176 35
149 34
489 8
389 7
587 32
1 20
153 22
525 10
288 35
584 1
422 17
341 33
521 6
437 16
100 30
302 13
2 5
364 17
84 1
402 22
36 6
544 26
487 16
184 15
451 16
435 27
82 10
88 28
2 19
549 20
110 8
226 22
529 1
159 25
19 31
437 21
443 24
196 24
321 32
270 7
120 34
305 4
163 19
25 26
451 6
169 15
84 4
161 18
146 26
319 21
537 5
512 12
6 7
347 15
57 23
12 4
75 19
87 1
302 8
65 9
493 14
149 3
309 25
358 16
466 33
222 18
300 6
207 6
415 10
536 27
388 31
569 24
235 14
475 17
232 32
215 25
228 27
578 23
231 32
405 20
89 16
526 17
322 29
439 1
1 6
481 34
74 16
157 33
223 26
379 10
3 20
400 8
282 3
490 25
498 7
272 17
321 27
205 23
183 26
548 32
440 2
434 6
189 33
235 16
323 17
24 8
168 24
419 8
188 25
256 6
425 17
182 26
148 22
354 25
489 7
493 31
518 31
111 10
140 2
259 7
287 27
459 8
290 6
160 9
89 30
35 33
190 28
260 18
522 25
15 29
363 32
29 27
567 5
187 19
540 9
263 1
402 33
260 2
94 32
537 13
170 5
155 33
145 18
535 28
6 15
449 12
493 22
23 4
84 9
280 32
83 1
516 21
427 4
445 21
188 34
5 9
154 14
449 6
55 18
256 17
202 4
33 21
155 34
523 5
566 4
51 2
443 11
494 9
399 15
174 15
436 3
364 28
10 14
444 27
475 23
54 19
234 15
233 32
363 34
273 3
177 11
273 32
495 29
327 3
556 10
12 21
504 9
151 31
432 28
393 19
396 27
262 22
437 16
356 5
356 31
145 24
411 35
509 21
34 21
187 18
188 7
336 16
90 4
526 13
80 18
220 35
483 32
212 25
329 35
53 10
75 23
164 35
69 33
158 9
263 27
237 2
133 16
550 31
6 19
380 20
544 2
307 1
55 33
126 8
461 19
385 26
187 17
192 8
233 11
575 27
84 8
442 30
317 5
406 27
118 11
389 13
445 5
151 34
15 1
275 14
312 28
557 3
468 21
579 4
206 10
458 2
510 32
320 15
251 18
134 4
264 16
464 11
369 17
512 19
481 8
446 32
506 32
413 8
348 1
81 13
556 28
7 22
279 8
217 32
351 31
175 1
399 32
509 3
248 35
394 11
493 20
162 25
77 6
104 20
277 17
246 22
170 27
130 35
565 8
167 6
479 16
32 9
370 7
544 31
490 30
586 1
1 12
223 1
355 26
28 11
145 2
8 32
120 5
146 28
171 11
295 26
71 14
124 6
120 16
430 34
401 32
390 6
180 1
74 9
512 20
360 10
478 19
385 16
577 29
184 32
380 3
324 32
142 24
248 16
78 3
87 35
270 20
115 18
459 24
511 23
59 23
465 16
243 26
580 19
435 11
175 29
503 34
436 16
535 10
93 12
234 21
10 7
136 35
34 20
374 5
79 34
556 3
161 3
220 26
544 29
293 30
87 33
335 12
482 35
100 5
54 5
500 18
323 31
26 6
67 34
225 29
172 27
218 12
580 30
542 30
71 9
170 30
188 29
105 4
292 16
204 23
564 18
207 6
223 32
395 14
370 6
528 35
216 23
412 3
412 12
296 32
328 5
578 26
404 7
69 16
438 27
453 2
180 1
96 11
330 25
321 20
215 29
157 12
185 11
340 33
420 22
131 3
510 31
211 4
559 35
310 16
322 13
319 25
6 13
366 10
396 30
381 7
152 35
412 1
436 30
475 12
238 1
285 32
442 27
441 3
41 25
247 31
517 7
110 33
96 17
523 6
453 17
571 9
413 24
398 28
188 29
72 10
123 5
491 21
520 20
532 29
199 30
181 29
285 5
5 28
103 22
52 35
243 2
12 21
145 15
282 14
200 32
456 1
151 5
303 23
46 18
208 5
60 9
182 2
425 34
276 24
526 31
285 5
397 28
425 3
22 13
524 32
290 18
35 27
216 10
219 7
391 10
245 27
237 24
357 10
485 15
477 16
69 33
82 24
294 20
463 23
164 18
172 3
144 18
577 24
471 31
534 34
376 18
102 35
112 15
502 15
547 25
338 13
283 11
309 15
454 19
184 27
345 29
467 27
537 9
468 2
581 28
523 32
295 26
419 24
64 27
77 15
276 16
446 11
263 13
383 29
233 29
130 22
539 14
475 5
316 28
507 23
282 8
587 16
507 25
128 29
92 14
440 4
322 7
194 24
72 18
100 9
354 6
16 21
149 15
357 12
105 6
36 1
161 26
303 6
19 30
476 2
142 32
448 34
261 22
363 22
291 23
146 9
273 5
395 9
253 29
324 33
493 10
382 16
67 14
70 11
16 29
502 35
440 16
262 11
386 32
406 22
149 19
364 17
342 30
389 33
331 24
71 12
440 18
69 2
125 4
582 18
113 6
529 14
101 14
12 7
40 1
178 24
485 8
69 34
111 6
255 20
31 11
505 15
139 11
260 25
27 11
327 14
180 6
148 19
383 8
493 27
14 19
300 18
482 7
103 16
2 20
27 30
140 18
200 15
452 8
66 1
126 7
244 8
188 1
533 24
565 25
460 31
354 30
322 26
272 4
25 16
236 1
94 27
193 12
173 14
450 6
441 22
489 17
338 17
143 18
481 3
6 30
31 27
335 17
522 10
443 14
73 27
385 32
235 27
27 33
508 33
201 28
25 12
144 9
488 31
396 18
381 30
413 30
220 4
228 20
41 12
391 13
572 35
310 22
212 30
584 22
358 20
181 31
539 27
562 22
447 4
436 8
113 7
39 22
144 4
126 28
237 31
400 30
111 6
554 15
296 35
568 18
403 18
406 5
454 10
160 1
510 24
476 25
340 4
45 9
48 13
160 27
370 18
176 10
133 25
291 12
130 10
4 16
388 6
230 3
58 1
293 30
62 20
84 29
428 23
488 27
541 26
105 6
196 14
207 23
474 11
277 13
581 4
562 3
224 22
256 24
278 4
468 23
505 14
569 5
211 13
207 13
264 27
397 22
514 19
418 25
353 35
20 27
418 28
142 27
543 22
525 35
148 13
415 27
361 34
565 14
226 34
22 25
230 20
253 14
582 33
520 9
328 17
439 17
237 7
183 17
222 29
229 8
428 34
575 30
85 8
485 30
56 31
399 19
23 14
461 8
544 31
59 30
536 28
502 21
259 8
356 14
253 20
297 4
54 23
484 31
262 21
401 12
41 5
102 13
293 17
444 29
232 29
217 4
106 17
128 26
106 17
175 23
48 7
41 19
3 18
460 28
231 21
44 17
345 8
95 26
261 11
435 17
51 30
294 3
109 33
514 9
8 19
223 10
189 34
376 23
33 4
101 17
88 21
122 10
101 33
352 2
136 28
200 33
455 23
233 24
196 20
582 24
306 22
101 5
57 22
55 16
503 13
111 23
26 34
4 22
115 27
310 34
520 6
569 18
190 32
576 25
285 26
320 1
106 11
264 9
275 29
424 19
46 22
454 6
539 1
277 28
327 21
326 35
529 2
14 18
457 34
59 22
507 33
23 13
504 6
160 27
234 9
353 1
405 22
521 10
465 27
502 33
309 8
312 26
15 21
126 32
334 34
441 33
363 22
469 16
209 17
331 19
422 13
576 21
281 20
141 22
305 30
205 20
345 33
27 25
452 20
83 18
146 21
297 31
336 14
109 4
193 11
120 35
391 16
111 13
265 30
384 18
531 2
552 18
322 4
16 16
191 7
221 20
560 21
376 7
258 3
185 5
154 13
530 21
428 4
144 35
498 8
498 2
237 4
181 33
279 27
255 12
196 28
290 15
81 6
582 18
46 6
190 33
250 16
461 10
48 4
138 1
460 25
72 23
150 6
58 22
410 29
270 15
419 20
239 25
531 10
510 6
49 10
570 8
256 14
281 29
44 31
6 18
498 30
266 28
561 30
516 8
60 12
126 9
61 11
455 19
456 34
562 22
95 27
317 11
277 2
367 31
226 28
392 22
300 14
248 23
109 23
529 18
449 29
504 10
231 8
39 31
588 15
582 9
430 13
508 19
479 31
170 13
259 2
391 9
328 12
49 24
577 25
259 6
137 20
480 7
180 29
145 35
40 33
64 33
130 32
428 27
573 14
396 1
479 34
361 35
492 35
198 27
108 3
138 8
43 1
529 3
256 25
489 20
545 11
78 21
269 20
509 21
263 15
114 1
415 3
356 21
427 15
78 15
333 24
198 30
409 24
196 5
220 5
179 17
508 32
478 22
373 7
232 7
341 17
88 5
136 21
51 7
422 14
221 19
201 33
412 34
190 31
236 21
14 25
421 17
83 25
265 30
124 3
115 27
361 31
259 30
108 24
316 35
543 14
59 21
342 18
38 16
107 19
269 24
190 10
1 9
581 33
503 31
397 3
155 24
396 27
452 32
107 29
349 28
55 1
252 30
444 25
