44 28 595
0 1 1 0 0 1 0 1 0 1 1 0 0 0 0 0 1 0 0 0 0 1 1 1 1 0 1 1 
1 0 1 1 0 1 1 0 0 0 1 1 1 0 1 1 0 1 1 0 0 0 1 0 0 1 0 1 
1 0 0 0 0 0 0 0 0 0 1 1 1 1 0 0 1 0 0 1 1 0 0 0 1 0 0 1 
1 1 1 1 1 1 1 0 1 1 1 1 0 0 1 1 1 1 1 0 0 0 1 0 1 0 1 0 
1 0 1 0 1 1 0 0 0 0 1 0 1 0 1 0 1 1 1 1 0 1 1 0 1 1 1 0 
1 0 0 1 1 1 0 1 1 1 1 0 1 1 0 1 1 1 0 1 1 0 1 0 0 0 0 1 
0 1 0 0 0 0 1 0 0 1 1 1 1 1 0 0 0 0 0 0 0 0 1 1 0 0 0 0 
1 1 1 0 0 1 0 1 1 1 0 1 1 1 1 0 1 0 0 0 0 0 1 0 0 0 0 0 
1 1 0 1 0 0 0 0 0 0 0 1 1 0 1 0 1 0 0 0 0 0 0 0 1 0 1 1 
0 0 0 0 1 0 0 1 1 1 0 0 0 0 1 0 0 1 0 0 1 0 0 0 1 1 0 1 
0 1 1 1 1 1 1 0 1 0 1 1 0 1 1 1 1 0 1 0 1 0 0 1 1 0 1 0 
0 1 1 1 1 1 1 0 0 1 0 0 0 1 1 0 1 1 0 0 1 1 1 0 0 0 1 1 
0 1 1 0 1 1 1 0 0 1 1 1 0 0 1 0 0 0 0 1 1 1 1 0 1 1 1 1 
0 0 1 0 1 1 0 1 1 0 0 1 1 0 1 1 0 0 0 1 1 0 1 1 1 0 0 1 
1 0 1 0 1 1 0 1 1 1 0 0 1 1 0 0 1 0 1 0 1 1 1 1 0 1 0 1 
0 1 1 1 0 1 1 0 0 0 0 1 1 0 0 0 1 0 1 1 0 1 1 0 1 1 0 1 
1 0 0 0 1 0 0 1 1 1 1 1 0 1 1 0 1 0 0 0 0 1 1 1 0 0 1 0 
1 1 0 1 1 0 1 1 0 0 0 1 1 1 1 1 0 0 0 0 0 0 0 1 1 1 0 0 
1 0 1 0 1 0 0 1 1 1 0 1 1 0 0 1 1 1 1 0 1 0 1 1 0 0 0 0 
1 1 1 1 0 0 1 0 1 1 0 0 0 1 1 0 1 0 0 0 1 0 0 0 1 0 1 0 
0 1 0 0 1 1 0 0 0 0 1 0 0 0 1 0 1 1 0 0 0 0 1 0 0 1 0 0 
1 0 1 0 0 0 0 0 1 0 1 1 0 0 0 1 1 0 1 1 0 0 1 1 1 1 1 0 
0 0 0 1 1 1 1 1 1 1 0 0 1 1 0 1 1 0 0 0 0 0 0 0 0 1 1 0 
1 0 0 0 1 0 1 0 0 0 1 1 0 1 0 0 0 0 1 0 1 0 1 1 1 0 0 0 
1 0 0 0 1 0 0 0 0 1 1 1 0 1 1 0 0 0 1 0 0 0 0 0 0 0 1 0 
1 0 1 0 0 1 1 1 0 0 1 1 0 0 0 0 1 1 1 0 0 1 1 1 0 0 1 0 
1 0 0 1 0 1 1 1 1 0 1 1 0 0 0 1 0 0 0 0 1 1 0 0 0 1 1 0 
1 0 1 1 0 0 1 1 1 0 1 0 1 0 0 0 0 0 1 0 1 1 1 1 1 1 1 1 
1 0 0 0 0 1 1 1 0 0 1 1 0 1 1 0 1 1 0 1 0 1 1 1 1 1 0 1 
1 0 0 1 1 1 0 0 0 0 1 0 0 1 0 0 1 1 0 0 1 1 1 1 0 0 1 0 
0 1 1 1 1 1 0 0 0 1 1 1 0 1 0 0 1 0 1 1 0 1 1 1 0 0 1 1 
1 1 1 1 1 0 0 1 0 0 1 1 1 0 0 0 1 0 0 1 0 0 0 1 1 1 0 1 
0 1 0 0 0 1 1 1 0 1 1 0 0 1 1 0 1 1 0 0 1 0 1 0 0 1 1 1 
1 0 1 0 0 0 0 1 0 1 1 1 0 1 0 0 0 1 0 1 0 1 1 0 1 0 1 0 
0 1 0 0 1 1 0 0 0 1 0 1 0 1 1 1 0 0 1 1 1 1 0 1 0 0 0 0 
0 1 1 1 0 1 1 1 0 0 1 0 1 0 0 1 0 0 0 1 1 0 0 0 0 0 0 0 
0 0 1 0 1 0 1 1 1 0 0 0 0 0 1 1 0 0 0 0 0 1 1 1 0 0 1 1 
0 0 0 0 0 0 0 1 1 1 0 1 0 1 0 1 0 0 0 1 0 0 0 1 1 0 0 1 
1 1 0 1 1 1 1 0 1 1 1 1 1 0 0 1 0 1 1 1 1 0 1 0 0 1 0 1 
1 0 0 1 1 0 0 0 0 1 0 1 1 0 0 0 0 0 0 1 0 0 0 0 0 1 0 0 
1 1 0 1 1 1 1 1 0 1 1 0 0 0 1 1 0 0 1 1 0 0 0 0 1 0 0 0 
0 1 0 0 0 0 0 1 0 0 1 1 0 0 1 0 0 0 0 0 1 1 0 0 0 0 0 0 
0 0 1 0 1 0 0 0 1 1 1 1 1 0 0 1 0 1 0 0 0 1 1 0 1 1 0 0 
0 1 1 1 1 1 1 0 0 0 0 0 1 1 1 0 1 1 0 1 1 0 0 0 0 1 0 1 
14 3
33 12
27 25
27 8
43 25
1 13
41 18
27 1
16 6
30 11
36 11
5 16
4 22
41 26
9 6
27 18
10 28
4 27
27 2
25 16
25 10
9 17
9 17
9 28
15 19
41 3
19 13
10 14
43 9
1 14
5 12
37 9
41 6
20 13
17 14
1 21
44 22
37 10
6 18
27 14
21 19
38 7
21 1
32 6
9 27
30 9
7 25
15 13
21 7
25 21
44 18
35 5
20 4
24 16
43 17
35 4
18 2
15 14
14 3
35 12
32 23
2 26
35 8
42 2
33 20
33 5
31 22
41 28
12 2
20 10
7 1
33 28
33 1
13 5
20 2
8 14
9 3
27 14
13 16
12 5
13 4
40 25
34 10
8 21
4 26
36 11
3 13
36 12
18 19
18 16
7 7
40 12
28 17
2 2
20 27
22 15
37 4
43 7
1 13
22 4
15 15
42 19
19 7
6 9
35 21
41 27
13 23
23 6
4 4
11 22
19 8
4 7
37 2
5 12
22 1
28 28
21 13
40 6
13 7
11 12
26 22
1 19
2 24
22 20
24 21
44 13
31 1
38 26
24 18
30 11
27 17
43 25
24 19
5 11
11 20
28 24
7 4
2 23
44 23
25 27
7 15
27 25
16 9
21 27
2 6
29 12
33 25
43 4
13 27
27 2
21 21
12 2
25 6
15 9
26 28
26 12
29 27
9 25
44 27
4 1
42 13
40 23
5 1
43 7
27 25
1 10
28 19
15 10
23 13
18 5
31 24
36 18
20 4
24 17
13 28
34 21
32 11
5 11
8 22
17 27
23 8
35 22
44 14
20 20
17 14
42 15
30 6
25 20
38 26
13 22
41 9
22 16
10 1
18 9
22 27
40 7
21 24
43 25
20 9
34 1
3 21
33 8
18 17
31 26
18 14
44 25
22 5
15 26
3 12
42 25
10 26
44 26
33 13
23 18
8 1
36 1
36 18
33 1
22 6
30 7
42 17
40 8
1 28
39 2
1 14
34 16
35 27
17 10
31 12
42 19
5 28
28 20
27 23
37 6
40 11
16 6
3 15
29 17
27 23
29 9
27 23
29 23
7 11
29 16
12 22
42 23
36 20
26 2
37 23
33 26
9 24
30 14
43 19
41 7
13 28
27 17
10 6
12 19
38 17
43 27
4 20
36 26
2 20
39 20
24 17
3 25
44 2
29 14
11 28
11 18
27 3
23 9
15 15
14 20
27 16
31 16
40 6
6 24
35 7
29 23
6 6
11 17
31 3
4 1
22 18
35 11
26 13
10 4
41 1
11 26
36 18
5 1
39 1
5 24
21 16
42 12
21 27
15 12
33 8
2 8
2 22
7 24
37 1
36 10
13 20
9 11
25 10
3 20
22 17
7 7
37 13
30 9
33 27
3 2
19 18
31 24
38 5
41 22
28 8
8 17
43 18
31 2
5 14
9 17
32 26
12 27
29 19
11 6
35 17
15 9
20 9
35 25
40 18
38 21
8 26
33 15
19 26
15 23
7 20
24 23
6 8
27 18
42 20
1 17
35 4
20 10
44 28
1 1
9 9
6 20
37 3
18 7
21 19
22 18
30 21
14 3
23 8
30 22
11 6
27 27
21 25
14 16
16 19
13 6
33 12
38 27
24 24
25 9
27 13
34 20
4 14
4 17
22 16
29 19
35 17
18 10
24 17
21 25
24 21
28 1
10 14
7 26
12 20
27 7
40 21
5 22
4 17
33 21
2 17
26 2
14 1
18 8
18 9
37 28
5 15
14 20
27 8
16 4
44 7
27 26
44 15
9 16
23 21
13 1
10 12
31 4
28 27
34 25
7 17
5 1
25 16
28 22
40 26
12 15
33 4
24 8
2 11
31 10
42 17
14 6
34 17
17 19
12 27
11 9
19 8
5 7
17 10
33 13
40 9
27 1
10 5
34 7
30 16
28 28
24 26
20 16
36 11
27 28
13 12
35 2
38 18
9 20
17 17
17 7
8 13
34 21
31 20
37 28
5 13
31 9
4 3
41 20
30 1
13 26
8 16
4 18
24 22
9 22
29 3
7 25
14 14
7 9
3 6
30 13
40 5
39 17
26 7
14 14
37 23
10 27
3 11
14 11
36 7
11 26
22 7
36 22
27 3
37 10
3 11
36 11
38 13
10 4
16 1
43 6
21 4
31 6
2 18
25 4
19 14
42 8
35 16
29 3
28 26
37 6
38 21
26 27
22 28
7 26
22 28
36 12
3 10
34 23
11 11
41 27
5 6
11 17
34 3
25 3
23 4
42 26
10 10
36 9
37 18
27 3
18 24
30 22
1 19
12 2
42 24
4 19
43 26
43 21
6 3
42 28
4 7
35 22
38 21
7 27
18 11
17 28
6 8
9 3
4 5
17 25
14 18
34 26
37 26
39 4
28 17
25 23
37 14
5 15
34 6
18 1
25 9
19 20
5 9
28 21
1 22
7 8
17 13
40 24
43 8
18 20
40 13
17 7
30 24
42 17
32 17
17 20
16 1
6 13
10 21
43 11
31 3
6 28
4 22
42 13
29 21
7 4
17 27
38 7
24 7
43 16
34 23
23 17
3 13
43 9
14 23
38 8
31 8
14 7
10 6
1 7
9 17
13 23
32 25
17 2
21 7
17 2
3 23
39 11
43 14
41 11
36 14
