57 15 443
1 0 0 0 1 1 0 0 1 0 1 0 0 0 1 
1 1 0 1 1 1 0 0 1 1 1 0 1 1 0 
0 1 1 0 0 1 1 1 1 0 0 1 1 1 0 
1 1 0 0 1 0 1 1 1 0 0 1 0 0 0 
1 1 0 0 0 0 1 0 1 1 0 1 0 0 0 
1 1 0 1 0 1 0 0 1 0 1 0 0 0 1 
0 1 1 1 0 0 0 0 0 0 1 0 0 0 1 
1 1 1 1 1 1 0 0 1 0 0 0 1 0 1 
0 0 1 0 1 1 1 1 0 1 0 1 1 1 1 
0 1 0 1 0 0 0 0 1 0 1 1 0 1 0 
1 0 1 1 0 0 1 1 1 0 0 1 0 1 0 
0 0 1 0 1 0 0 1 0 0 0 1 0 0 0 
1 0 0 0 0 1 1 1 0 1 0 0 1 0 0 
1 1 1 1 0 1 1 1 0 0 0 1 1 1 0 
1 0 1 0 1 1 0 0 0 0 0 0 1 1 1 
1 0 0 0 1 1 0 1 1 1 1 0 0 1 0 
0 0 1 1 1 0 1 0 1 0 0 0 0 0 0 
0 0 0 0 1 0 0 1 1 0 1 1 1 1 0 
0 1 0 0 0 0 0 0 0 0 0 0 0 1 0 
1 0 0 0 1 0 0 1 0 0 1 1 1 0 1 
0 1 1 0 1 1 0 1 1 1 1 1 1 0 0 
0 1 1 0 1 1 1 1 1 1 0 1 1 0 1 
1 1 1 1 1 1 1 1 0 1 0 1 0 1 0 
1 1 0 1 1 1 0 0 1 1 1 0 0 1 0 
1 1 1 0 0 0 0 1 1 0 1 1 1 0 0 
1 1 1 1 0 0 0 0 0 1 1 1 1 0 0 
1 1 0 0 0 1 0 0 1 1 1 1 1 1 1 
0 0 0 0 0 0 0 1 0 0 1 1 1 1 0 
1 1 1 1 1 1 1 0 0 0 0 0 0 0 0 
0 1 0 1 1 1 1 0 0 0 1 0 1 0 1 
1 1 0 1 0 0 0 0 0 1 0 0 1 0 0 
0 1 1 1 1 0 1 0 0 0 1 0 1 0 1 
1 1 0 0 1 1 1 0 0 1 0 1 1 0 0 
0 0 1 0 0 0 1 1 0 1 0 0 0 1 1 
1 0 0 0 1 1 1 1 1 0 1 1 1 0 1 
0 1 0 0 1 0 0 0 0 1 0 1 1 1 1 
0 0 0 1 0 1 0 1 1 1 1 1 0 0 1 
0 0 0 1 0 1 1 0 1 1 0 0 0 0 1 
1 1 1 1 0 1 1 0 1 1 1 0 0 1 0 
0 0 1 0 1 0 0 1 1 1 0 1 0 0 1 
0 1 1 1 0 1 0 0 0 1 1 1 1 0 1 
1 1 0 1 0 1 0 0 1 1 1 0 0 0 1 
0 1 1 1 0 1 1 1 1 0 1 0 0 0 1 
0 0 0 1 0 0 0 1 0 1 1 1 0 0 1 
0 0 1 1 1 1 1 0 0 0 0 0 1 0 1 
1 1 0 0 0 0 1 1 1 0 1 0 0 0 0 
0 0 1 0 0 0 0 0 1 1 0 1 1 1 0 
0 1 0 0 0 1 0 0 1 0 1 0 1 0 1 
0 1 1 1 1 0 0 0 0 0 1 0 1 1 1 
1 1 0 1 1 1 1 1 1 0 0 0 0 0 1 
0 1 1 0 1 1 1 1 1 1 0 1 0 0 0 
0 0 1 1 0 0 1 0 1 1 1 0 1 0 0 
0 1 1 0 1 1 1 1 1 0 1 0 0 0 0 
1 1 0 1 0 1 0 0 0 0 0 0 0 1 0 
1 0 1 1 1 1 0 1 0 1 1 0 1 1 0 
1 0 0 1 1 0 0 0 0 0 0 1 1 0 1 
1 1 0 1 0 0 0 1 1 0 1 0 1 1 1 
8 8
5 10
14 4
52 14
49 4
1 9
4 9
4 13
43 7
14 12
14 9
4 15
8 9
41 3
5 14
31 2
42 6
29 14
28 4
43 6
18 11
40 2
13 12
43 1
30 12
34 6
30 10
16 14
52 15
32 5
25 7
9 10
54 15
36 7
8 9
24 7
31 7
27 1
9 4
52 8
50 7
44 12
34 9
48 2
4 9
15 9
30 8
42 7
10 13
29 10
2 10
25 13
56 10
9 8
22 7
53 9
12 2
52 8
45 10
38 6
1 13
7 4
28 15
37 11
26 9
13 14
36 4
57 12
21 6
37 10
8 12
48 7
19 3
57 14
20 4
31 11
40 10
10 7
31 5
29 13
2 15
11 4
19 14
38 14
21 12
23 7
49 8
38 2
48 7
33 11
8 10
23 7
27 8
15 3
29 15
38 1
49 4
40 9
16 5
33 14
51 5
44 7
7 13
1 12
24 3
14 2
15 13
46 3
46 11
56 14
11 6
21 2
37 3
49 11
47 13
34 11
3 2
7 13
19 12
36 6
23 4
54 13
51 2
10 12
53 7
46 7
12 14
23 13
37 10
5 2
44 7
39 11
6 15
18 15
12 1
36 6
38 14
4 7
32 2
34 11
5 7
11 3
10 6
16 12
56 15
26 12
36 5
27 9
8 15
22 7
25 7
46 1
7 6
1 5
19 10
4 7
21 11
40 7
50 13
36 14
29 1
1 10
49 4
34 12
38 15
4 6
46 12
15 13
24 7
49 2
11 14
4 1
15 6
25 9
45 14
42 13
2 8
33 11
26 5
55 11
50 2
54 10
52 2
54 5
43 14
12 10
44 4
2 15
34 15
55 5
35 12
40 6
35 2
15 13
53 4
53 13
24 3
43 9
19 15
53 3
28 12
33 7
10 9
20 8
17 13
4 11
44 2
9 3
11 6
26 13
35 13
14 10
38 12
50 1
10 8
7 12
5 15
30 9
54 3
19 14
36 13
52 2
7 13
52 3
52 11
19 9
23 10
50 8
19 15
10 11
32 4
23 13
28 8
39 9
34 10
19 6
35 6
18 11
27 15
37 9
48 13
26 8
7 8
13 2
47 6
3 10
6 6
17 5
12 10
4 4
18 6
37 14
55 15
54 2
15 5
7 15
14 4
54 3
41 13
9 6
1 11
7 6
48 1
10 7
5 11
51 10
11 5
34 1
49 11
3 1
50 1
25 9
18 4
39 2
13 13
18 2
8 2
53 14
15 6
51 15
14 12
54 9
8 15
44 3
12 1
19 6
57 2
17 2
56 5
47 4
9 3
30 9
16 9
7 5
3 12
24 4
49 1
36 3
6 14
15 5
45 3
32 5
13 5
43 11
28 6
16 2
52 8
42 3
39 9
4 4
21 5
3 3
8 5
42 8
38 5
8 6
7 10
50 3
40 4
33 9
45 1
21 11
54 3
26 11
22 2
23 11
56 4
8 3
52 12
12 3
13 1
35 9
9 12
9 14
34 9
49 15
53 5
21 6
4 10
10 9
8 10
45 10
5 11
32 3
45 7
44 6
35 7
21 9
14 3
14 2
52 11
19 1
16 6
31 14
53 8
55 4
13 9
50 14
46 4
17 2
42 13
36 11
17 7
52 11
14 5
33 4
51 4
18 1
30 11
26 13
44 14
30 10
54 9
30 15
18 13
14 8
44 3
20 14
12 3
46 8
21 1
16 14
7 8
52 10
22 1
42 12
46 7
29 1
46 9
11 4
36 15
15 5
12 1
30 10
53 5
52 3
40 7
33 2
3 13
39 11
46 11
55 8
43 5
4 12
52 7
23 5
55 7
57 7
12 12
55 1
32 2
14 1
14 7
1 6
33 9
3 8
39 3
45 6
9 10
13 3
4 7
28 7
57 1
6 9
4 2
29 7
2 7
31 11
12 10
48 9
23 5
53 7
54 10
38 1
34 5
28 15
43 10
21 3
42 6
2 14
29 9
38 6
27 1
