21 36 103
0 1 1 1 0 1 0 0 1 1 1 1 1 1 1 1 0 0 1 0 0 1 1 0 0 0 1 0 0 1 0 1 1 1 0 1 
1 1 0 1 0 1 1 1 0 0 0 1 0 0 0 1 0 1 1 1 1 0 1 1 1 0 1 0 1 0 0 1 0 0 0 0 
1 1 0 1 1 0 1 0 1 0 0 0 1 0 0 0 0 1 0 1 1 0 0 1 1 0 0 1 0 1 0 0 1 0 0 0 
1 1 1 0 1 1 1 0 0 0 1 0 0 0 1 1 0 1 1 1 0 0 1 0 0 1 0 1 0 0 0 1 1 0 0 0 
0 0 1 1 0 0 1 1 0 1 1 1 1 1 0 0 0 0 1 0 0 1 0 0 0 0 1 0 1 1 1 1 0 0 0 0 
1 0 0 0 1 0 0 0 0 0 1 0 1 0 0 0 0 1 0 0 0 0 0 0 1 1 1 0 1 0 1 1 1 0 1 1 
0 0 0 1 1 1 0 1 1 1 0 0 1 0 1 1 0 1 1 1 1 1 0 0 0 1 1 1 1 0 1 0 0 0 1 0 
1 1 1 1 0 0 1 0 1 0 0 0 1 1 1 1 1 0 1 1 0 1 0 0 0 1 0 1 0 0 1 1 0 0 1 1 
0 0 1 0 0 1 0 1 1 1 0 0 1 1 1 0 0 1 1 1 1 1 0 0 1 0 0 1 1 1 1 1 1 0 0 0 
0 0 1 0 0 0 0 0 1 1 0 1 0 0 1 0 0 0 0 1 0 1 0 1 0 0 0 1 1 0 0 1 0 0 1 0 
1 1 1 0 1 1 0 0 0 1 0 0 1 0 1 0 1 1 1 1 1 1 0 1 0 0 1 0 1 1 1 1 0 1 0 0 
1 1 0 1 1 1 1 1 0 0 0 1 0 1 1 0 1 0 0 1 1 1 0 1 1 1 0 0 0 0 1 1 0 0 1 0 
1 1 0 0 1 1 1 1 0 0 1 0 0 1 0 1 1 1 0 1 0 1 0 1 1 1 0 0 1 1 0 1 0 0 0 1 
0 0 0 0 1 1 0 1 0 1 0 1 1 1 0 0 0 1 0 1 1 0 0 1 1 1 1 0 1 0 0 1 1 0 1 1 
1 1 1 1 0 0 0 1 1 0 0 0 0 0 1 0 1 1 0 0 0 1 1 1 0 0 0 1 1 1 0 1 1 0 0 0 
1 0 1 1 1 1 0 1 1 1 1 0 1 1 0 1 0 0 1 0 0 0 1 0 1 1 1 0 1 1 1 0 1 1 1 0 
0 1 1 1 1 1 1 1 1 1 1 0 0 1 1 0 1 1 0 1 1 1 0 0 1 0 1 1 0 0 0 0 1 0 0 1 
0 1 0 1 1 1 0 0 1 0 0 1 1 1 1 0 1 1 1 0 0 0 1 1 0 0 1 0 1 1 0 1 0 0 0 1 
0 1 1 1 0 0 0 1 1 1 1 0 0 0 0 1 1 1 1 1 1 0 1 1 0 0 1 0 0 1 0 1 1 0 0 0 
0 1 0 0 1 0 1 1 0 1 0 1 0 0 0 1 0 1 0 1 0 1 1 1 0 0 1 0 0 1 0 1 0 0 1 0 
1 0 1 1 1 1 0 1 1 0 1 0 0 1 1 0 1 1 0 0 0 0 1 0 1 0 0 1 1 1 1 1 0 0 1 0 
12 15
3 17
8 4
19 36
19 20
9 27
17 9
20 30
11 29
14 7
11 9
19 9
6 31
1 2
5 30
8 28
21 26
17 17
6 20
6 17
9 28
12 28
12 12
11 16
16 20
19 5
4 25
3 30
19 12
5 9
15 4
3 33
5 26
11 14
21 36
4 16
16 31
11 17
9 25
18 18
14 11
3 24
19 27
4 4
10 20
11 4
4 11
7 24
3 18
19 14
4 33
9 6
12 6
3 11
17 28
18 5
17 19
6 13
3 4
15 35
17 22
15 8
7 12
13 22
19 1
13 6
1 23
4 12
11 17
16 3
2 32
16 4
14 9
2 13
11 11
4 34
20 33
15 36
15 30
6 26
16 9
2 14
11 35
10 19
10 23
4 1
8 22
11 32
18 2
11 2
16 34
12 8
1 5
18 26
19 24
6 5
16 28
12 17
4 27
14 20
4 23
21 31
6 14
