90 40 705
0 1 0 0 0 0 0 1 0 1 0 1 0 1 1 0 0 1 1 0 1 1 1 1 1 0 0 1 1 0 0 1 0 0 1 0 0 1 0 0 
0 0 1 1 0 1 0 1 0 1 1 0 1 0 0 0 0 0 1 1 1 1 0 0 0 1 1 1 0 1 1 1 0 0 1 1 0 1 0 1 
1 0 1 0 0 0 0 1 0 0 1 0 0 0 0 1 1 0 1 1 0 1 1 0 1 0 0 1 0 1 0 1 0 1 1 0 0 0 1 0 
1 1 1 0 0 0 1 0 0 0 1 1 1 1 1 1 0 1 1 0 0 0 0 1 1 1 0 1 0 1 1 1 0 0 0 1 1 0 0 1 
0 1 0 1 1 0 0 1 1 1 1 1 0 1 1 1 0 0 0 0 1 0 1 0 1 0 0 1 1 0 0 0 0 1 1 0 1 1 1 0 
0 1 1 0 0 1 0 1 0 1 0 1 1 1 0 0 1 1 1 1 1 1 1 1 1 0 1 1 1 1 0 1 0 0 1 0 1 1 1 1 
0 1 1 1 0 1 1 1 0 0 1 1 1 1 1 0 0 1 0 0 1 1 1 1 1 1 0 1 0 1 1 1 0 1 1 0 0 0 0 1 
0 1 1 1 1 0 1 1 1 0 0 0 0 0 0 0 1 1 0 1 1 0 0 1 0 0 1 0 0 1 1 0 0 0 1 1 0 0 0 0 
0 0 1 0 0 1 1 1 1 0 0 0 0 0 1 1 0 1 0 1 1 0 0 1 0 0 1 1 1 1 1 0 1 1 1 1 0 1 0 1 
1 1 1 0 0 0 1 0 0 1 0 1 0 0 1 1 0 0 1 1 0 0 0 1 1 0 0 0 0 0 1 1 1 0 1 1 1 0 1 0 
1 1 0 0 0 0 0 1 0 0 0 1 1 0 1 0 1 0 1 1 0 1 0 0 0 0 1 0 1 1 1 1 0 0 1 1 0 0 0 0 
1 0 0 0 1 0 0 0 0 0 1 1 1 0 1 0 1 1 1 1 1 0 1 1 1 0 1 0 1 1 0 0 0 1 1 0 0 0 1 1 
1 1 1 0 1 1 0 0 0 0 0 1 1 1 1 0 0 0 1 0 0 1 1 0 1 0 1 1 0 1 0 1 1 0 1 0 0 1 1 0 
1 0 1 1 1 1 1 0 0 1 1 0 0 1 1 0 0 1 1 1 1 0 1 1 1 0 0 1 1 1 0 0 0 1 0 1 0 0 1 1 
1 0 0 0 1 1 1 0 0 1 0 0 0 0 0 0 0 1 0 1 0 1 0 0 0 0 0 1 0 1 0 0 1 0 1 0 1 0 1 0 
1 1 0 0 0 0 1 0 1 0 0 0 1 0 0 0 1 1 0 1 0 0 1 1 1 0 0 1 1 1 0 0 1 0 0 1 1 0 1 0 
0 0 1 0 1 0 0 0 1 1 0 1 0 0 1 1 1 1 0 0 1 1 1 0 1 1 1 1 1 1 1 0 1 0 1 1 0 0 0 0 
1 0 1 0 0 0 0 0 1 1 1 1 1 1 0 0 1 0 1 0 0 1 0 0 1 1 1 1 1 0 0 0 1 1 0 0 1 1 1 1 
0 1 0 1 0 1 0 1 1 1 1 1 1 1 0 0 0 0 1 1 0 1 1 1 0 1 1 1 1 0 0 0 1 0 0 0 0 0 1 1 
0 1 1 0 1 1 1 0 0 0 0 1 1 0 1 1 0 1 0 1 0 1 1 0 0 1 1 0 0 0 0 1 1 0 0 1 1 0 0 0 
0 1 1 1 1 1 0 1 1 0 0 0 1 1 0 1 1 1 0 1 0 0 0 0 1 1 1 0 0 1 0 0 0 0 0 1 0 1 1 0 
0 1 0 0 1 0 0 0 0 1 0 1 0 0 1 0 1 1 0 1 1 1 0 1 1 1 0 1 0 0 1 0 1 1 1 1 1 1 1 1 
1 0 0 0 1 1 0 1 0 1 0 0 1 1 0 1 1 1 0 0 0 1 0 1 1 0 0 1 0 0 1 1 1 1 0 0 1 0 0 0 
1 0 0 1 1 1 0 1 0 0 0 1 1 0 1 0 0 1 1 0 1 0 1 0 1 1 0 0 0 1 1 0 1 1 0 1 0 0 0 0 
1 0 1 0 1 0 0 0 0 1 0 1 1 0 0 0 1 0 1 0 1 1 0 1 1 1 0 0 0 0 0 0 0 1 1 0 0 0 0 1 
0 1 0 0 1 1 0 1 1 1 0 1 0 0 0 0 1 0 1 0 1 1 0 1 1 0 1 1 0 1 0 0 0 0 0 0 0 0 0 1 
0 1 1 0 1 1 1 1 1 1 1 1 0 0 0 0 1 1 0 1 1 0 0 1 0 1 0 0 0 1 1 1 0 1 1 1 1 0 1 0 
1 1 0 1 1 0 0 0 1 0 0 0 0 0 1 0 1 1 1 0 1 1 1 0 1 0 1 0 1 0 1 1 0 1 0 0 0 0 0 1 
0 1 0 0 0 0 0 1 1 0 0 0 1 1 0 0 0 1 1 1 1 0 0 0 1 0 0 0 0 1 1 0 0 1 1 1 1 0 0 0 
0 1 1 1 1 0 1 0 1 1 0 0 1 1 1 1 0 1 0 1 1 1 0 1 1 0 1 1 1 1 1 1 1 1 1 0 0 1 0 0 
0 0 1 0 1 0 0 0 1 1 1 1 1 0 0 0 1 0 0 1 1 0 1 1 1 1 1 1 0 1 1 0 0 1 0 1 1 1 0 0 
0 1 0 1 1 0 1 1 0 1 0 1 1 0 1 0 0 1 1 1 1 1 0 0 0 1 1 1 1 1 0 1 0 0 0 1 0 0 1 0 
1 0 1 1 1 0 0 1 0 1 1 0 1 0 0 0 0 1 1 0 1 0 0 0 1 0 1 1 0 0 1 1 0 1 1 1 0 1 0 1 
1 1 0 0 0 1 1 0 0 0 1 0 0 0 1 0 1 0 1 1 1 0 0 1 1 1 0 1 0 0 0 0 1 1 1 1 1 0 0 1 
0 1 0 1 1 0 1 1 1 1 1 1 1 0 0 0 0 0 0 1 1 1 1 0 0 0 1 1 1 0 0 1 0 1 1 1 1 1 1 1 
0 0 0 0 0 1 0 1 0 1 1 1 0 1 1 1 0 0 1 0 0 0 0 1 1 1 0 0 0 0 0 1 0 0 1 1 1 1 1 1 
1 1 1 0 0 0 1 1 1 0 1 1 0 1 0 0 0 0 1 0 1 0 0 0 1 0 0 0 1 1 0 0 1 1 0 1 0 0 0 1 
1 1 1 0 0 0 0 0 1 0 1 0 0 1 1 0 1 1 0 0 0 1 1 0 0 0 0 0 1 0 0 1 0 0 0 0 0 0 0 1 
0 0 1 0 1 1 0 0 0 1 0 1 0 0 0 1 0 1 0 0 0 1 1 1 1 0 1 0 0 0 0 0 0 1 1 0 1 1 0 0 
0 1 0 1 0 1 0 1 0 1 1 1 0 1 0 1 1 0 0 0 1 0 0 0 1 0 0 0 0 1 0 0 1 0 0 0 0 1 0 1 
1 0 0 1 0 0 0 1 0 1 0 0 0 1 1 1 1 0 1 0 0 0 1 0 1 1 1 0 0 1 1 0 0 1 1 0 1 1 0 1 
0 1 0 1 1 0 0 0 1 0 0 0 1 1 1 0 0 1 0 1 1 0 1 0 1 1 0 0 1 0 1 1 0 1 0 0 1 0 0 1 
1 1 0 0 0 1 0 0 0 1 0 1 1 1 1 0 0 1 0 0 0 0 1 1 0 1 0 1 1 0 1 0 1 1 0 1 0 1 1 0 
0 0 1 1 1 0 0 0 0 0 0 0 0 1 0 1 0 0 1 1 0 1 1 1 0 1 0 1 1 1 1 1 1 0 1 1 1 0 0 0 
1 1 0 1 0 1 1 1 0 0 1 0 0 0 1 0 1 1 0 1 1 0 1 1 1 0 0 0 1 0 1 0 1 1 1 0 1 1 1 0 
1 1 0 0 0 0 0 1 0 1 1 1 0 0 1 1 0 0 0 1 0 1 0 0 1 0 0 1 1 0 0 0 0 1 0 1 0 0 1 0 
1 0 0 0 1 1 1 0 1 1 1 0 0 0 0 1 1 1 1 0 0 0 1 1 1 1 0 1 0 0 1 1 0 1 0 1 1 0 1 0 
0 1 1 1 1 0 1 1 0 0 1 1 0 1 1 1 0 1 1 0 1 1 0 1 1 0 0 0 0 0 1 1 1 1 0 1 0 0 0 1 
0 0 1 0 0 0 0 0 1 1 1 0 1 0 0 0 1 1 0 0 0 0 1 1 1 0 0 1 1 1 0 0 1 1 1 0 0 1 1 1 
1 1 0 1 0 0 0 0 1 1 0 1 1 1 0 0 0 0 1 1 0 0 0 0 0 0 0 1 0 1 1 1 0 0 0 0 0 0 1 1 
1 0 1 1 1 1 1 1 0 0 1 0 0 1 0 1 1 0 1 1 1 1 0 0 0 1 0 1 0 1 1 1 1 1 0 1 1 0 1 0 
0 0 0 0 1 1 0 1 0 1 0 1 0 0 1 1 1 1 0 1 1 0 1 0 0 1 1 1 0 0 0 1 0 1 1 1 0 1 1 0 
0 0 1 1 1 1 0 0 1 1 0 1 1 1 0 0 0 1 1 1 0 0 1 0 1 1 1 1 1 0 0 1 0 1 1 0 0 0 0 1 
1 1 1 1 0 1 0 0 1 0 1 1 1 0 0 1 1 1 0 0 0 1 0 0 1 1 1 1 0 0 0 0 0 1 1 1 1 0 1 0 
0 1 1 1 0 0 0 0 0 0 1 0 0 0 1 0 1 0 0 0 1 1 0 1 1 0 1 0 0 0 0 1 1 1 0 0 1 0 0 1 
1 1 1 1 1 0 0 1 0 1 0 0 1 0 1 0 0 0 0 0 1 0 0 1 0 0 1 0 0 0 0 0 0 1 0 0 0 1 1 0 
0 1 0 1 0 1 1 0 1 0 0 0 1 1 0 1 0 1 0 0 0 1 1 1 0 0 1 1 1 0 1 1 1 0 1 0 1 1 1 1 
1 1 0 0 0 1 1 1 0 0 1 0 1 1 1 1 1 1 0 1 0 1 1 0 0 1 1 1 1 1 0 0 0 0 1 1 0 0 1 0 
0 1 1 1 0 1 1 0 1 0 0 1 0 1 1 0 1 0 1 0 0 0 1 0 0 0 0 1 0 1 0 0 0 1 1 1 1 0 0 0 
1 1 0 1 1 1 0 1 0 0 1 1 0 1 0 1 0 1 1 0 0 0 1 0 0 1 0 0 0 0 0 1 1 1 0 1 1 0 0 0 
1 1 0 0 1 0 1 1 0 0 0 0 0 0 1 0 0 1 1 0 0 1 0 1 1 1 1 0 1 1 0 0 1 0 0 1 0 0 0 0 
0 1 0 0 1 0 0 1 1 1 0 0 1 1 1 0 1 0 0 1 1 0 1 1 0 0 0 0 1 0 1 0 1 1 0 0 0 1 1 1 
0 0 1 0 1 0 1 0 0 1 1 0 1 0 1 0 0 0 1 0 0 1 0 0 0 0 1 1 1 0 1 0 1 0 1 1 1 1 1 0 
1 0 0 0 0 1 1 0 1 1 1 1 0 0 0 0 1 1 1 0 0 0 0 0 0 0 1 0 1 0 0 0 0 1 0 1 0 1 0 0 
1 0 1 1 0 0 0 1 0 1 0 1 0 0 1 1 0 1 1 1 1 0 0 0 1 0 0 1 0 1 0 1 1 0 0 0 0 0 1 1 
1 0 0 1 1 0 1 0 1 0 0 0 0 1 1 0 1 0 1 0 0 0 0 1 0 1 1 0 0 1 1 1 1 0 1 1 1 1 0 0 
1 0 1 1 1 1 0 0 0 1 0 0 0 1 1 1 1 0 0 1 0 0 0 1 0 0 1 0 0 1 1 1 1 0 0 0 0 1 0 0 
0 1 1 1 1 1 1 1 0 0 1 1 0 1 1 0 0 0 0 1 1 1 1 0 1 1 0 0 1 0 0 0 0 0 0 1 1 0 1 1 
1 0 1 0 0 1 1 0 0 1 0 0 0 1 0 1 1 1 0 0 1 0 1 0 0 0 0 1 1 0 1 1 1 1 1 1 0 1 1 0 
0 0 1 0 1 1 0 0 0 1 0 0 0 1 1 0 0 0 0 1 1 1 0 1 0 0 1 0 0 0 1 0 1 0 0 1 0 1 0 1 
1 1 1 1 0 0 0 1 1 0 0 0 1 0 1 1 0 0 0 0 0 1 1 1 1 0 0 1 1 0 1 0 0 1 1 1 1 1 1 1 
0 1 1 1 0 1 0 1 0 0 1 0 0 1 1 1 0 1 0 0 1 0 0 1 1 0 1 0 0 1 1 0 0 0 0 0 0 0 0 1 
0 0 0 0 0 1 1 0 1 0 0 0 1 0 1 1 0 1 0 0 1 1 0 0 1 0 1 1 1 1 1 1 1 1 0 0 0 1 1 0 
0 0 0 1 0 1 1 0 1 0 0 1 0 0 1 1 1 0 1 1 0 1 0 0 1 1 0 1 1 0 1 1 0 1 1 1 0 1 1 1 
1 1 0 1 0 1 1 1 0 1 1 1 1 0 0 0 0 0 0 0 0 0 1 1 1 0 0 0 1 0 1 1 1 1 0 1 0 1 0 0 
0 0 1 1 0 1 1 1 1 1 1 1 0 0 1 0 1 0 1 1 0 0 0 0 1 0 1 1 0 1 0 1 0 0 0 0 0 0 0 1 
0 1 0 1 1 0 0 1 1 0 1 0 1 1 0 0 1 1 0 0 0 1 0 0 0 1 1 0 0 0 0 0 1 0 1 0 1 1 1 0 
1 1 1 0 0 0 0 0 0 1 1 1 1 0 0 1 0 0 0 1 0 0 1 0 1 1 0 0 1 0 1 1 1 0 0 0 0 0 0 1 
0 1 1 0 1 0 0 0 0 1 1 1 0 1 0 1 1 0 0 1 0 1 0 0 0 0 0 1 1 0 1 1 1 0 1 1 0 1 0 1 
1 0 1 0 0 0 0 0 0 0 0 1 1 1 1 1 0 1 1 0 0 0 0 1 0 1 1 1 0 0 1 0 0 0 1 0 0 0 1 1 
0 1 1 0 0 0 0 0 1 0 0 1 1 1 1 1 1 1 0 1 0 0 1 1 1 0 0 1 0 0 0 0 1 0 0 1 1 0 1 1 
0 1 0 1 0 0 1 1 0 0 1 1 1 1 1 0 0 0 0 0 0 0 1 1 1 0 1 0 0 0 0 0 0 0 0 1 0 0 1 1 
0 1 0 0 1 1 0 1 1 0 1 1 1 1 1 0 0 1 0 0 1 0 0 0 1 0 0 1 1 0 0 1 0 0 0 0 0 1 1 1 
1 1 1 1 0 0 1 1 1 1 0 0 0 0 1 1 1 0 1 0 1 0 0 1 0 1 1 1 0 1 0 0 0 1 0 1 0 0 1 0 
0 1 0 0 1 0 1 0 0 0 1 0 1 1 1 1 0 1 0 1 0 0 1 1 0 1 0 1 1 0 0 1 1 1 0 0 1 1 1 0 
0 0 1 1 0 1 0 1 0 1 0 0 1 1 0 1 0 0 1 1 1 1 0 0 0 0 1 0 1 1 0 0 1 1 0 1 0 0 0 0 
0 1 1 0 1 1 1 1 0 1 1 0 1 0 0 0 0 1 0 0 1 1 0 1 1 1 0 1 1 1 1 0 1 1 0 1 0 1 0 0 
1 1 0 1 0 0 1 1 1 1 1 1 1 1 0 1 1 1 0 1 1 1 0 1 0 0 1 1 0 0 1 0 0 1 0 0 1 0 1 1 
1 1 0 1 0 0 0 1 0 1 0 0 0 1 0 1 1 0 1 1 0 1 0 0 0 0 1 0 0 0 1 0 0 0 0 1 0 1 1 0 
1 1 1 1 1 0 1 0 0 0 1 1 0 0 1 0 1 0 1 1 1 1 0 0 0 1 1 1 1 1 0 0 0 1 0 0 1 0 0 0 
52 23
64 17
65 20
36 12
3 5
37 24
66 22
27 32
44 23
48 9
9 37
42 14
11 11
34 33
16 16
64 11
61 15
44 32
70 16
38 17
57 29
54 24
71 13
37 40
44 1
67 5
40 39
66 30
38 30
50 27
4 40
9 12
26 14
25 10
3 15
70 40
63 27
14 19
22 12
4 31
21 12
90 39
55 1
83 13
81 38
46 13
73 36
65 40
67 31
78 1
55 7
30 3
19 26
26 9
19 11
13 17
20 27
64 36
31 35
6 4
68 12
68 21
75 30
19 16
75 2
16 14
36 35
5 21
26 24
30 28
13 21
70 8
43 8
21 14
28 17
61 5
72 8
23 24
77 28
79 38
8 28
59 26
18 7
11 34
63 9
10 10
41 10
24 6
4 8
1 8
42 36
72 18
9 39
5 29
75 3
65 20
35 39
49 37
59 5
6 36
17 17
2 15
41 29
29 13
88 11
72 21
8 21
72 12
57 17
34 35
64 35
42 9
18 5
43 36
74 32
42 6
40 28
25 11
78 28
81 8
88 21
34 17
10 6
32 32
65 1
32 17
4 12
41 20
90 1
40 30
72 38
21 13
1 26
44 26
81 16
16 36
53 24
62 12
30 20
18 1
66 1
35 22
4 13
78 12
41 34
13 29
16 5
72 30
3 26
55 35
87 1
17 18
3 11
42 24
48 15
68 38
84 38
39 35
86 24
57 4
7 39
17 12
30 34
14 13
45 31
68 18
71 1
68 18
2 22
54 26
86 33
32 19
44 25
32 15
8 24
69 22
90 35
61 30
64 2
19 32
79 24
9 30
52 24
16 4
26 1
76 22
2 34
43 33
52 28
43 10
50 20
82 35
72 34
70 24
46 11
52 36
54 36
58 15
50 14
52 21
48 3
19 15
9 19
26 31
4 10
67 17
57 20
32 21
79 36
41 23
14 38
48 27
76 13
54 24
34 29
18 19
43 16
37 29
38 28
59 7
72 35
11 24
57 3
61 20
67 40
83 28
70 12
8 33
48 36
41 14
40 16
51 25
27 31
50 22
31 18
52 19
69 33
27 2
70 17
32 2
90 10
66 20
74 28
12 36
74 24
7 29
3 6
87 4
5 10
9 21
75 4
20 8
86 5
87 35
80 21
36 36
22 20
27 18
37 34
7 34
73 17
22 27
2 33
38 25
8 18
77 11
28 40
42 29
68 34
85 25
69 25
58 21
82 4
10 31
88 13
39 15
78 25
60 24
6 8
74 13
8 31
36 33
26 35
68 23
39 37
5 1
34 18
2 19
2 25
47 37
27 20
64 28
49 26
8 6
75 27
39 34
57 34
49 39
1 9
63 7
59 20
11 35
82 28
16 13
59 33
45 1
35 22
21 16
5 22
67 26
51 33
90 11
4 4
32 25
56 1
74 5
63 5
2 25
66 22
21 14
61 29
2 32
47 23
11 36
65 32
13 6
20 31
78 6
79 26
75 40
27 35
90 15
8 32
19 9
78 5
24 9
50 35
36 11
48 23
54 16
85 11
41 36
64 4
57 29
68 3
52 16
38 14
36 27
1 19
45 32
83 6
8 16
23 29
22 24
74 37
49 23
57 25
64 20
8 12
77 26
23 19
38 28
65 38
29 18
65 24
11 28
76 10
60 1
50 15
30 40
33 12
38 1
45 12
31 6
20 20
52 36
9 25
35 21
31 31
37 8
22 14
25 34
33 12
43 17
4 27
60 23
12 6
85 2
15 38
20 32
58 8
15 40
35 14
57 25
63 38
26 34
29 26
46 6
25 30
84 12
26 30
64 26
46 27
66 12
75 2
83 23
42 4
78 25
70 36
35 16
9 31
30 17
82 28
6 1
31 8
18 11
78 39
67 5
4 12
14 2
60 5
77 35
52 35
76 7
64 34
61 37
33 11
77 12
46 25
15 20
38 19
70 9
27 16
22 35
18 38
3 29
9 4
72 2
7 38
31 31
39 9
44 40
67 17
18 5
76 12
89 3
26 19
27 13
2 11
77 16
60 40
46 39
40 21
63 33
62 36
65 16
88 10
24 27
56 5
90 40
3 40
19 31
31 13
78 7
7 12
32 12
57 9
66 21
32 27
65 1
25 21
49 30
89 2
29 32
61 8
26 3
44 39
53 18
87 6
61 27
43 32
85 15
20 8
30 35
80 40
24 7
73 3
57 13
13 23
50 37
74 9
14 11
57 15
22 34
76 31
17 10
61 8
9 10
5 13
10 27
11 7
11 36
76 32
19 40
50 12
3 2
52 17
65 35
89 35
16 31
68 4
34 1
43 3
40 34
17 30
48 5
66 10
30 35
62 31
15 26
30 40
65 27
80 18
71 17
22 38
62 29
60 15
87 14
37 16
44 30
15 27
86 20
76 31
64 27
31 6
82 12
76 3
62 6
9 32
31 28
64 23
72 40
12 5
41 4
2 30
14 22
11 38
4 29
21 9
16 9
31 37
50 12
4 9
69 8
88 22
72 8
13 36
57 18
80 12
49 14
4 35
12 18
11 27
31 7
28 10
18 21
45 17
18 33
73 4
86 24
36 19
85 23
31 3
78 17
58 39
26 23
14 11
77 36
79 13
90 4
81 2
84 19
66 4
41 14
7 28
45 37
35 2
21 8
39 16
4 38
69 10
59 3
54 27
31 38
51 25
36 2
36 29
41 29
19 3
19 21
3 8
43 26
60 22
9 5
55 27
27 18
21 39
48 22
36 21
74 16
59 25
87 10
88 25
19 17
35 2
41 27
11 2
81 32
79 20
29 29
13 13
2 17
27 37
83 23
32 36
50 28
45 2
59 9
81 1
80 17
82 36
10 31
49 3
28 33
19 37
32 16
83 2
23 30
80 19
25 39
2 13
23 11
83 36
14 27
35 15
75 24
41 11
36 6
76 15
61 12
57 26
90 2
53 6
75 13
24 18
45 23
51 22
9 10
82 23
37 30
33 33
12 22
39 9
80 18
87 8
34 15
65 23
42 18
40 8
75 37
70 22
87 39
48 36
80 33
83 13
79 3
57 33
83 3
52 17
41 31
9 36
44 28
71 4
12 21
39 9
9 31
4 5
58 15
59 39
56 38
11 8
22 32
86 12
20 28
39 5
46 3
61 6
61 26
41 10
23 35
46 2
38 9
81 16
53 3
77 30
