49 11 723
0 1 0 1 1 1 0 1 0 1 0 
0 0 1 0 1 1 0 0 0 1 0 
1 1 0 0 1 1 1 1 0 0 0 
0 1 1 1 1 0 0 1 1 1 1 
1 0 1 0 0 0 1 0 0 1 1 
1 0 1 0 1 0 0 1 1 0 1 
0 1 1 0 0 0 0 1 1 0 1 
1 1 0 1 1 0 0 1 1 1 1 
1 1 0 1 1 1 0 0 0 1 1 
1 1 0 0 1 0 1 0 1 1 0 
1 0 1 1 1 0 0 1 1 0 0 
1 0 1 0 0 0 1 1 0 0 1 
0 0 1 1 0 1 0 1 0 1 1 
1 0 1 0 0 1 1 0 0 1 0 
1 0 1 0 0 1 0 0 0 1 0 
1 1 1 1 1 1 0 0 1 1 0 
0 0 1 1 1 0 1 1 1 0 1 
1 1 0 0 0 0 0 1 0 0 1 
0 0 0 1 0 0 0 1 1 0 0 
1 0 1 1 1 1 1 0 0 1 0 
1 0 0 1 0 1 1 1 1 1 1 
0 0 0 1 0 1 0 0 1 0 1 
1 0 1 0 1 1 0 0 1 1 1 
1 1 0 1 0 0 1 1 1 0 1 
0 1 0 1 0 0 0 1 1 0 0 
1 0 0 1 1 0 1 1 0 1 0 
1 1 0 0 1 1 0 0 0 1 0 
1 1 1 0 0 1 0 1 0 1 1 
0 0 0 1 1 0 1 0 0 1 1 
1 0 1 0 0 1 1 1 1 1 0 
0 0 0 1 0 1 0 0 1 0 1 
0 0 1 1 1 1 0 0 0 1 0 
0 1 0 1 0 1 0 0 0 0 1 
0 1 1 1 1 1 1 0 0 0 0 
1 1 0 1 1 1 0 0 0 1 0 
1 1 1 0 0 1 1 0 0 0 1 
1 1 0 0 1 1 1 1 0 1 1 
0 1 1 1 0 1 0 0 0 1 0 
0 1 0 0 0 1 0 1 1 1 1 
1 1 0 0 1 1 1 1 0 0 1 
0 1 1 0 0 1 1 1 0 0 0 
1 0 1 1 1 1 0 0 0 1 0 
0 1 0 0 0 1 0 0 0 1 0 
1 0 0 0 0 1 1 0 0 0 1 
0 1 0 0 0 1 0 0 1 0 1 
0 0 0 0 0 1 0 1 0 1 1 
0 1 1 1 1 0 0 1 1 0 0 
0 0 1 1 0 1 1 0 0 0 1 
0 0 0 0 0 0 1 0 1 1 0 
38 6
26 9
32 9
19 1
18 6
33 9
11 11
31 7
11 3
19 4
47 7
34 9
30 10
37 8
4 3
9 7
31 2
46 4
10 5
29 7
9 9
18 10
16 8
17 5
19 3
7 4
39 10
9 5
13 6
28 5
8 10
26 5
7 1
13 7
12 11
35 11
32 10
3 2
2 1
37 7
48 7
43 9
49 8
14 2
40 11
34 9
40 8
38 7
21 6
32 2
41 1
23 6
12 4
34 10
21 2
48 10
25 7
48 2
45 9
49 9
15 7
39 5
11 2
19 1
22 11
25 7
6 2
45 11
37 7
7 3
2 4
40 4
49 8
49 7
17 7
45 8
4 1
27 8
10 10
12 4
30 2
1 10
28 8
20 8
39 8
35 6
9 9
43 3
7 8
34 7
41 11
29 3
18 5
16 5
23 3
31 2
18 10
28 9
26 5
28 5
1 11
35 11
29 2
43 11
18 3
43 7
7 7
23 9
49 5
45 8
7 8
47 9
33 1
7 2
25 2
41 7
28 2
29 4
7 10
25 4
14 1
31 8
10 1
24 3
7 2
33 9
16 6
39 1
1 11
43 6
11 5
19 2
29 1
2 4
39 3
16 4
47 3
6 4
5 5
1 8
18 9
49 5
33 9
11 5
27 7
7 9
36 2
24 6
40 10
8 8
6 9
24 8
7 3
24 10
17 5
22 11
27 11
1 5
29 7
42 1
49 5
14 4
45 11
22 2
23 6
13 1
16 6
49 2
4 6
38 2
6 2
10 6
1 4
24 9
33 11
49 9
6 9
47 6
39 8
43 5
19 6
10 6
49 1
48 6
1 7
44 8
38 9
3 7
39 10
35 3
31 11
30 8
14 4
33 4
7 9
31 11
49 10
25 10
6 4
8 7
3 2
34 10
45 2
23 6
23 4
13 6
4 2
36 4
13 10
22 4
19 10
20 1
49 7
43 7
39 7
24 9
43 2
29 1
5 10
21 3
24 11
26 2
28 10
47 2
27 1
9 1
22 11
37 7
37 7
21 9
13 2
36 6
2 6
37 8
11 4
21 11
21 8
1 5
32 10
12 3
34 7
11 2
36 6
22 2
45 11
27 9
30 9
35 2
17 4
49 2
14 10
42 5
35 5
41 5
46 2
29 8
37 10
10 1
13 8
8 3
41 6
32 1
8 3
15 5
33 7
20 1
13 1
13 7
26 4
39 6
20 5
32 7
27 5
13 3
41 6
20 4
20 8
19 2
7 9
35 8
46 1
16 10
6 2
2 6
37 7
10 3
18 4
23 1
22 2
34 1
13 5
42 9
38 5
36 5
5 7
8 9
26 8
17 9
22 7
31 7
28 3
12 9
49 6
37 2
35 4
8 7
43 6
11 7
38 7
35 7
3 2
23 4
5 5
16 7
14 4
16 6
19 4
17 9
10 6
1 4
36 9
19 11
42 9
8 7
15 4
15 5
24 3
11 3
9 11
38 7
15 10
46 10
28 10
38 11
48 2
48 11
34 8
32 10
27 5
38 3
43 5
34 9
11 1
16 7
40 10
22 1
47 9
13 5
40 1
35 1
30 7
9 10
34 9
37 9
26 4
15 10
41 1
2 8
15 8
6 7
42 11
40 10
6 10
21 2
12 4
33 9
44 5
23 2
48 9
27 5
30 3
11 2
24 11
23 8
29 8
43 5
19 6
15 4
6 10
45 7
8 9
48 2
47 9
26 4
31 10
42 4
7 7
36 6
41 3
6 3
6 7
14 3
26 4
42 2
14 2
27 1
43 7
40 1
5 4
49 8
24 3
28 3
39 8
10 4
2 5
31 1
2 4
8 10
8 8
46 3
34 10
10 2
12 4
9 9
20 3
5 4
41 8
32 10
40 2
31 4
46 8
20 8
11 7
29 6
18 3
33 4
15 11
7 2
13 2
49 6
7 3
31 10
14 8
26 8
21 5
18 4
12 8
47 6
21 8
27 6
24 5
33 4
8 1
46 11
45 7
8 5
4 4
17 3
12 3
23 8
3 11
6 1
46 7
34 11
14 6
34 11
40 2
31 11
27 2
4 8
31 9
35 7
16 4
41 4
19 11
48 7
39 10
43 11
38 1
43 5
15 6
49 8
5 9
42 9
16 9
5 8
44 4
1 7
39 9
29 4
9 5
45 3
20 10
40 10
6 8
24 10
41 7
34 4
37 4
32 4
21 7
31 1
33 4
34 11
2 4
47 8
12 2
28 10
47 5
48 10
13 3
14 5
37 4
9 1
49 9
34 11
17 8
42 8
35 9
25 5
19 4
2 10
40 4
15 10
26 10
1 11
43 6
28 5
5 9
14 4
35 10
5 11
43 1
15 9
42 2
15 9
28 9
16 4
2 9
14 2
3 11
21 4
29 11
38 5
19 9
24 7
44 3
30 2
31 4
28 1
31 11
46 10
49 6
26 7
44 11
2 2
33 10
6 8
10 8
38 4
9 7
40 6
18 10
34 9
12 10
18 10
3 8
41 5
33 3
38 8
47 4
5 6
6 3
11 7
28 5
10 1
29 4
15 10
32 8
7 8
34 6
28 8
21 10
8 7
6 3
44 10
31 11
46 6
15 2
6 11
17 2
29 4
21 10
26 8
48 4
37 6
17 9
36 3
33 9
47 2
37 11
17 8
6 1
21 4
13 8
8 1
17 7
4 11
42 7
18 10
2 6
1 7
6 9
11 6
29 8
45 7
38 11
16 1
42 5
25 9
13 3
43 4
34 3
8 10
16 5
16 4
28 11
43 3
19 8
10 3
21 3
27 11
10 6
39 2
3 7
3 2
23 9
40 3
3 5
41 3
29 1
49 11
19 5
21 4
20 5
45 5
30 6
33 3
36 4
5 10
28 11
35 4
28 9
11 7
18 9
19 3
4 11
11 6
29 4
17 10
42 5
24 8
9 8
29 3
33 10
32 6
10 11
26 4
19 5
12 7
26 5
28 7
36 4
27 3
36 6
16 6
29 7
3 4
20 7
17 2
4 11
21 5
23 2
41 2
27 9
15 3
33 6
35 11
17 6
39 1
29 5
5 2
5 8
8 6
29 9
47 1
32 8
39 7
16 8
15 4
16 10
48 1
27 9
33 10
10 3
34 1
35 11
32 11
42 4
39 10
13 5
27 3
31 9
8 5
10 1
6 2
24 11
38 8
37 5
29 2
10 2
32 2
36 1
12 3
23 10
36 9
15 8
44 3
22 7
33 1
29 4
37 5
29 11
