70 41 779
1 1 0 0 1 1 1 0 1 1 0 0 1 0 0 0 1 0 1 0 0 0 1 0 0 1 1 0 1 1 1 1 0 0 0 1 0 0 1 0 0 
0 0 0 0 0 0 1 1 0 0 1 1 0 1 0 0 0 0 1 1 0 0 0 1 0 1 0 0 1 0 0 1 1 1 1 0 1 0 0 1 1 
1 1 1 1 1 0 1 0 1 0 1 1 0 1 0 1 1 0 0 1 0 1 0 1 0 1 1 1 0 0 1 1 0 0 0 0 1 0 0 1 0 
0 1 1 1 0 1 0 1 0 0 0 1 1 0 1 0 0 1 1 1 0 1 1 0 1 0 1 0 1 0 1 1 0 1 0 0 0 0 1 1 0 
0 0 0 1 1 1 1 1 0 0 1 1 1 0 0 1 1 0 1 1 1 1 1 0 1 0 0 0 1 1 0 1 0 1 0 0 1 1 0 0 0 
1 1 1 0 0 0 0 1 0 1 1 1 0 1 1 1 0 1 0 1 0 1 0 0 0 0 0 1 1 1 0 1 1 1 0 0 1 0 1 0 1 
1 0 1 0 0 0 1 1 1 1 0 0 1 1 1 1 0 0 0 0 1 0 0 1 0 1 0 0 1 0 1 1 0 0 0 1 1 1 0 0 1 
1 0 0 1 0 1 0 1 1 0 0 0 1 1 0 1 1 1 1 1 0 0 1 1 1 0 0 0 1 0 1 1 1 1 0 0 0 0 0 0 1 
0 1 1 1 1 1 0 0 1 0 1 0 0 0 0 0 0 1 1 0 1 0 0 0 1 1 1 0 1 0 0 0 0 0 1 0 1 1 1 1 0 
1 0 0 0 0 0 0 0 0 1 1 1 1 1 0 0 1 1 1 0 0 0 1 0 0 1 0 1 0 1 1 1 1 1 1 0 1 0 0 0 1 
0 1 0 0 1 0 0 0 0 0 0 0 0 1 0 1 0 1 1 0 0 0 0 1 1 0 0 1 1 1 0 1 1 0 0 1 1 0 0 1 1 
1 0 1 1 1 0 1 0 1 1 1 1 0 0 1 1 1 1 0 0 1 0 1 1 1 1 0 0 1 0 0 1 0 0 1 1 0 0 1 0 0 
1 0 1 0 1 1 0 1 0 1 0 0 0 0 0 0 1 1 1 0 0 1 1 0 1 0 1 0 0 1 1 0 0 0 1 1 0 1 0 1 1 
1 0 1 0 1 0 0 0 0 0 1 0 0 0 0 1 0 1 1 0 1 0 1 0 1 0 0 1 0 0 1 1 0 1 1 1 1 0 0 1 0 
0 1 0 0 1 1 1 0 0 0 0 1 0 0 0 1 1 0 0 0 0 0 0 0 1 1 1 1 0 1 0 0 0 1 0 0 1 1 1 1 1 
0 1 0 0 0 0 0 1 1 1 1 0 0 0 1 1 1 1 0 1 1 1 1 1 1 0 0 1 0 1 1 0 1 1 1 1 0 1 1 1 1 
1 0 1 0 1 0 1 1 0 1 0 0 0 1 0 0 0 0 1 0 1 0 1 0 0 0 0 0 1 0 1 1 0 0 0 1 1 1 1 1 0 
0 1 0 1 0 0 1 1 0 0 1 1 0 1 0 0 1 0 0 1 1 0 0 1 1 1 1 0 0 0 1 1 1 0 1 0 1 0 0 1 1 
0 1 1 0 0 1 1 0 1 1 1 1 1 0 1 1 0 1 0 1 1 1 0 1 1 1 1 1 0 0 1 0 1 1 1 0 1 0 0 0 0 
0 0 0 1 0 0 1 0 1 1 0 0 0 0 0 0 1 1 1 1 1 0 1 0 0 0 0 1 0 0 0 0 0 0 1 1 1 0 1 1 0 
0 0 0 1 1 0 0 0 0 0 1 0 0 0 0 1 0 1 1 1 1 0 0 1 0 0 0 1 1 1 0 1 1 0 1 1 0 0 1 1 0 
1 1 0 1 1 1 0 1 0 0 0 0 0 1 1 0 1 1 1 1 1 0 1 0 1 0 0 1 1 0 0 1 1 1 1 0 0 0 0 1 1 
1 1 1 0 0 0 0 1 0 0 0 0 0 0 1 1 1 1 0 1 1 1 1 1 0 1 0 0 1 1 0 0 1 1 0 0 0 0 0 1 0 
0 0 1 1 0 0 0 1 0 1 0 0 1 0 0 1 1 1 0 1 1 0 1 1 1 1 1 1 1 0 1 0 0 0 0 0 0 1 1 1 0 
0 0 0 1 0 0 0 1 0 0 0 0 1 1 1 1 0 0 0 0 1 0 1 1 0 1 0 1 0 0 0 0 1 1 0 0 1 1 0 1 1 
0 1 1 1 1 0 0 1 1 1 0 0 1 0 1 0 0 1 0 0 1 1 0 0 0 0 0 1 1 1 1 0 1 1 0 1 0 1 0 1 0 
0 0 1 1 0 0 0 0 0 1 1 1 0 1 1 0 0 0 1 1 0 0 1 1 1 1 1 1 1 0 0 0 0 0 1 0 0 1 0 1 1 
1 1 0 0 1 1 1 1 1 1 1 1 1 0 0 0 1 0 0 1 1 1 1 0 1 0 1 1 1 0 1 0 1 1 1 1 1 0 1 1 1 
1 1 1 0 1 1 0 1 1 1 0 0 1 1 0 0 0 0 0 1 0 1 0 1 0 0 0 0 0 1 1 1 1 0 1 1 0 0 0 1 0 
0 1 1 0 1 0 1 1 1 1 1 1 0 0 1 1 1 1 0 1 1 0 1 1 1 0 0 0 0 1 0 1 1 0 0 0 1 1 0 1 1 
1 0 1 0 0 0 1 1 1 0 1 1 1 1 1 0 1 0 1 1 0 1 1 1 0 1 1 0 1 0 0 0 1 1 1 1 0 1 0 0 1 
1 0 0 1 0 1 1 0 1 0 1 0 0 1 1 1 0 1 0 1 0 1 0 0 0 0 0 1 0 0 0 1 1 0 0 1 0 0 1 0 1 
0 1 0 0 1 0 0 1 1 1 1 0 0 1 1 0 0 1 1 0 0 0 0 1 0 1 0 1 0 0 0 1 0 1 1 1 0 0 1 1 1 
0 1 1 0 0 1 1 1 0 1 0 0 0 0 0 0 0 0 1 1 0 1 0 1 1 0 0 0 1 0 1 0 1 1 0 0 0 1 0 1 1 
0 1 1 0 0 0 0 1 0 1 1 1 1 0 1 0 0 0 1 0 1 0 0 0 1 1 0 1 1 1 0 1 1 1 0 1 0 1 0 1 1 
0 0 0 0 1 1 1 1 1 1 0 1 0 0 0 0 1 0 1 0 1 1 1 1 0 1 0 1 0 0 0 0 1 0 0 0 0 0 0 0 0 
0 0 0 1 0 1 1 1 0 1 0 1 0 1 1 1 0 1 0 0 0 0 0 0 1 1 1 1 0 1 0 0 0 0 0 0 1 1 1 1 0 
1 1 1 1 1 0 1 0 0 0 0 0 0 0 1 1 1 0 0 0 0 0 1 0 0 1 0 1 1 0 0 1 1 0 0 0 1 0 1 1 1 
0 1 0 0 1 1 0 0 1 1 0 1 1 1 0 0 0 0 1 1 1 1 1 0 0 1 1 0 0 1 0 0 0 1 0 0 0 1 1 1 1 
1 0 1 0 0 1 0 0 0 1 0 1 0 0 0 1 1 0 0 0 0 1 1 1 0 1 1 0 1 0 0 0 1 0 1 0 0 0 0 0 0 
0 1 1 1 0 1 1 0 1 1 0 1 1 0 1 1 1 0 1 0 1 1 0 1 0 1 0 1 1 0 1 0 0 1 0 1 1 0 1 0 0 
0 1 0 0 0 0 1 0 1 0 1 0 1 0 1 1 1 1 1 0 1 1 0 1 0 0 1 1 1 1 0 1 0 0 1 0 0 1 0 0 0 
0 0 1 1 1 1 1 1 1 0 1 0 0 0 1 1 0 0 0 0 0 1 1 1 1 1 0 1 1 1 1 1 0 0 0 1 1 0 1 0 1 
0 0 1 1 0 0 1 0 1 0 0 1 1 0 1 0 1 0 1 1 1 1 0 1 0 1 1 0 0 0 1 0 1 0 0 0 0 0 0 1 0 
1 0 1 1 1 1 0 0 1 1 0 0 0 0 1 0 1 0 1 1 0 0 1 1 1 0 0 0 1 0 1 1 1 0 1 0 1 1 1 0 1 
1 0 0 1 0 1 0 0 0 0 0 1 1 1 0 0 1 0 1 0 0 1 1 1 0 0 0 0 1 0 1 1 1 1 0 0 0 1 1 0 1 
0 0 1 0 0 1 1 1 1 0 1 0 0 1 1 1 1 0 0 1 0 1 1 0 0 0 1 0 0 1 1 1 0 1 0 1 1 1 1 1 0 
0 0 0 0 1 1 1 0 1 0 0 0 0 1 0 1 0 0 0 0 0 1 1 1 1 1 1 0 1 0 1 0 1 1 1 0 0 1 0 0 1 
0 1 1 0 1 1 1 0 1 1 0 0 0 0 0 1 1 1 0 1 0 1 0 0 0 0 0 1 1 0 1 1 1 0 0 1 1 1 1 1 0 
0 1 0 0 0 0 0 0 1 1 1 0 0 0 1 1 0 1 0 0 0 0 0 1 1 0 1 0 1 0 1 1 1 0 0 1 1 0 1 1 1 
0 0 0 0 1 0 0 0 1 0 1 0 1 0 1 0 1 0 1 0 1 1 0 0 0 1 1 1 0 1 0 0 0 1 1 0 0 1 1 1 1 
0 0 0 0 1 1 0 0 1 0 0 0 0 1 1 1 0 1 1 1 0 1 0 0 0 0 0 0 1 1 0 0 0 0 0 1 0 1 1 1 1 
0 1 0 1 1 1 0 0 1 0 0 0 0 1 1 0 1 0 0 0 0 0 1 0 1 0 1 0 1 1 0 1 1 1 1 0 0 0 1 1 1 
1 0 0 0 0 1 0 1 1 1 0 0 0 1 1 1 1 0 0 0 1 0 1 1 1 1 1 0 0 1 1 1 1 0 1 1 1 1 0 1 1 
0 0 1 0 1 0 0 0 1 0 0 0 0 1 0 0 1 0 1 0 0 1 1 1 1 0 0 1 0 1 0 1 1 1 1 0 1 0 0 0 1 
0 0 0 0 0 0 0 0 1 1 1 1 0 1 0 0 1 1 0 1 0 1 1 1 1 0 0 0 0 1 1 0 0 1 1 0 1 0 1 1 0 
0 1 1 1 1 1 1 0 1 0 1 1 0 1 0 1 0 1 0 0 0 1 0 1 1 0 1 1 0 1 1 1 0 0 0 0 0 1 1 1 0 
0 1 1 0 0 0 1 0 1 1 0 1 1 1 0 0 1 1 0 1 0 0 0 0 1 1 0 0 0 0 0 0 0 0 1 1 0 0 0 1 0 
0 1 1 1 1 0 0 0 1 0 0 1 0 1 0 0 0 0 1 0 1 1 1 0 1 1 1 1 1 1 1 1 0 0 1 1 1 0 1 1 0 
1 1 1 0 1 1 1 0 0 1 0 0 0 1 1 1 1 0 0 1 0 1 1 0 1 1 0 0 0 1 1 1 1 1 0 0 1 1 0 1 0 
0 0 0 1 1 0 0 0 0 1 0 0 1 0 1 1 1 0 1 0 0 1 1 0 1 0 1 0 1 0 0 1 0 0 0 0 1 1 1 1 1 
0 1 0 1 0 1 1 0 0 0 0 1 1 1 0 0 0 0 0 0 1 0 0 1 1 0 0 0 0 0 1 1 0 0 1 1 0 1 1 1 0 
0 0 0 1 0 1 1 0 1 1 0 1 0 0 1 1 1 0 0 1 1 0 0 1 0 1 0 0 0 0 0 0 0 1 1 1 0 1 0 0 0 
0 0 0 1 1 0 0 1 1 0 0 0 0 0 0 1 0 0 0 1 0 0 1 1 0 0 0 0 1 0 1 0 0 0 0 1 1 1 1 1 1 
0 0 1 1 0 1 1 1 0 0 1 0 1 1 0 0 1 0 0 0 1 1 1 1 1 0 1 0 0 1 1 0 1 0 1 0 0 0 0 1 0 
1 1 1 1 0 1 1 0 1 0 1 1 1 0 0 1 1 1 1 1 0 0 1 1 0 1 1 0 0 0 0 1 0 0 1 0 1 1 1 1 0 
1 0 0 1 0 0 1 0 1 0 0 0 1 1 1 0 0 0 0 1 0 1 1 1 1 1 0 1 0 1 1 0 0 1 0 1 1 1 0 1 0 
1 1 1 0 1 1 0 0 1 0 0 1 1 0 0 1 0 1 0 0 0 0 1 1 1 1 0 1 0 1 0 1 0 0 1 1 1 0 1 0 1 
1 1 0 0 1 1 0 0 1 0 0 0 1 1 0 1 1 0 0 0 1 0 0 0 1 1 1 1 0 0 1 0 0 0 1 1 1 1 1 1 0 
1 1 0 1 1 0 0 1 1 0 1 0 1 1 1 1 0 0 1 0 1 0 0 1 0 1 1 0 1 1 1 1 1 0 1 0 1 1 0 1 0 
9 34
16 21
21 13
64 22
50 31
8 12
34 3
7 11
55 14
47 41
67 33
22 41
52 3
9 37
42 11
68 1
47 30
7 32
26 34
61 19
23 20
24 27
8 38
52 36
59 34
4 18
30 34
3 1
68 27
4 27
45 4
34 33
16 36
57 41
61 32
12 23
31 34
36 24
44 28
48 40
58 23
34 23
45 6
7 22
63 38
13 8
22 19
56 9
32 28
29 25
21 18
68 17
48 3
52 1
43 22
6 40
61 33
44 32
34 3
48 15
4 5
14 27
14 17
3 6
6 1
39 36
37 23
16 2
8 11
39 19
65 22
38 7
4 8
52 26
17 29
58 5
47 22
23 32
64 3
28 11
55 31
19 32
69 1
14 19
40 16
51 30
15 29
8 10
31 27
39 25
34 30
28 15
9 4
65 33
44 31
34 27
56 17
33 25
64 15
20 34
40 13
10 4
11 22
57 39
42 38
11 14
7 21
63 3
34 29
28 1
30 36
45 38
38 15
6 10
24 41
2 13
13 11
47 8
16 3
23 18
16 19
20 21
64 15
36 3
26 34
5 14
18 28
67 33
37 3
3 25
59 36
21 26
52 29
8 4
55 23
47 8
47 31
39 25
37 17
16 1
11 3
21 38
62 34
16 26
66 14
14 17
7 26
45 33
35 32
59 30
38 17
67 9
61 9
44 12
67 23
13 9
13 17
51 8
21 38
9 22
61 18
29 30
51 38
30 1
37 7
29 5
51 34
22 38
7 24
35 26
60 7
33 38
12 3
67 5
13 13
65 12
51 27
12 39
35 7
10 26
25 36
57 15
28 22
50 35
7 7
29 28
57 35
10 30
28 38
20 18
47 25
24 21
55 5
62 6
24 20
17 5
17 40
5 34
42 11
22 8
50 23
53 40
64 34
68 22
8 32
51 15
8 6
2 29
26 29
57 41
49 27
44 25
37 23
6 1
50 13
70 35
6 6
6 41
68 19
16 29
66 7
7 14
20 24
47 37
63 5
18 7
65 33
2 17
37 24
1 11
46 3
55 28
37 25
23 8
45 41
2 2
37 36
20 27
40 23
33 27
59 37
25 13
1 38
12 2
15 18
62 38
9 36
45 12
5 15
14 13
28 10
43 15
66 4
64 8
23 36
27 12
61 30
64 19
26 40
27 10
42 16
2 37
53 38
34 5
39 1
68 6
63 9
64 8
17 30
11 7
51 10
29 36
10 1
16 1
15 28
36 23
4 38
52 14
55 7
44 38
53 17
60 39
50 3
52 12
18 27
47 40
15 2
12 22
67 16
49 24
66 10
61 5
6 36
31 13
60 5
32 29
23 35
24 41
39 18
27 33
49 6
57 34
6 19
60 40
63 15
31 1
45 3
56 3
11 3
31 5
19 14
30 34
67 19
52 41
58 16
53 35
54 19
52 25
12 40
7 30
6 28
29 8
3 2
52 24
8 12
59 28
68 10
33 1
45 35
8 11
7 12
17 16
70 17
69 7
5 33
51 3
37 10
60 15
39 28
7 24
55 35
34 20
8 41
45 34
59 3
63 13
45 31
26 15
65 13
18 15
33 16
69 27
8 20
56 32
54 14
27 1
60 17
40 26
38 41
70 15
30 20
16 37
62 41
8 23
32 29
11 29
20 22
16 27
50 25
40 13
66 18
11 21
34 21
26 26
49 21
60 9
37 13
69 8
29 6
67 25
4 33
43 30
26 41
39 5
21 9
68 4
33 15
13 3
14 13
17 37
18 8
69 40
24 16
26 40
65 5
9 28
32 9
21 8
1 26
36 5
22 24
1 29
7 31
59 27
27 28
22 10
38 33
4 27
12 17
9 8
3 8
3 3
61 20
49 19
57 41
61 25
59 26
46 22
31 33
67 32
16 21
21 35
5 9
41 29
54 31
5 33
3 36
56 11
45 23
20 16
34 32
40 41
33 39
59 23
57 5
30 20
56 31
64 19
50 20
53 12
66 36
37 36
5 1
67 23
48 5
46 5
49 11
66 35
29 21
26 23
33 1
18 2
11 15
26 37
37 25
49 41
68 7
4 11
4 20
20 27
25 35
33 22
57 38
53 11
35 31
23 27
11 30
41 18
29 19
39 9
34 33
43 7
9 39
39 21
4 37
26 25
64 17
53 31
52 23
46 39
51 20
33 31
4 29
33 7
65 20
51 25
47 29
68 18
55 20
62 24
61 29
43 1
31 27
49 37
30 21
20 10
60 34
32 5
42 6
28 34
17 8
69 12
21 25
66 26
3 10
67 3
22 9
18 22
30 15
39 27
36 3
56 24
13 34
59 6
5 10
23 21
33 3
37 7
21 6
26 34
62 40
34 27
37 16
31 18
39 4
29 22
51 13
57 9
33 21
22 3
58 8
49 21
37 12
16 21
53 1
52 33
25 26
1 17
46 40
37 24
41 13
24 17
22 31
36 8
11 39
47 37
25 33
24 19
20 35
63 10
23 25
49 9
28 25
13 5
48 29
2 5
34 5
16 23
21 17
27 35
67 8
53 6
25 37
24 20
56 17
41 23
11 19
55 6
68 27
30 32
69 9
17 40
50 7
57 3
50 39
2 9
65 34
27 9
38 17
14 29
2 2
7 38
63 24
44 3
28 37
19 24
63 32
57 20
38 23
30 9
58 15
36 30
55 29
62 2
29 16
31 6
12 16
69 32
35 21
37 21
8 30
26 23
2 3
19 36
58 18
26 38
5 35
44 12
48 26
41 20
16 6
6 11
62 4
13 19
62 37
50 12
64 35
17 28
3 21
43 3
13 40
14 40
35 24
12 9
58 14
16 28
28 23
56 26
30 38
18 23
44 17
17 18
57 41
3 41
67 14
22 6
10 11
56 10
66 9
12 5
9 27
27 20
3 34
69 5
43 23
6 24
51 6
50 41
3 1
51 29
28 11
28 17
36 32
59 8
60 8
67 12
58 41
69 4
25 40
15 17
62 32
60 18
43 28
8 10
64 15
7 33
17 16
42 1
59 21
41 14
48 37
53 36
10 17
5 21
42 24
48 6
60 28
68 15
57 3
56 20
12 17
53 13
24 1
53 31
60 40
47 19
19 15
6 28
36 1
53 16
15 30
60 36
63 7
41 9
17 37
13 29
42 17
35 41
1 31
57 9
64 13
39 30
13 7
36 10
33 10
57 37
56 10
8 25
66 22
69 22
16 26
24 24
48 16
47 31
70 34
66 3
45 16
64 37
14 22
53 26
55 23
37 14
31 17
17 10
43 24
15 16
49 39
46 22
46 21
7 2
46 5
55 11
61 40
17 39
55 28
48 5
2 4
40 41
4 17
29 25
6 26
14 21
59 40
31 40
62 9
57 15
3 23
20 32
25 35
56 34
23 31
67 14
47 32
13 23
6 34
48 31
8 6
9 27
8 6
69 8
22 6
43 13
62 3
32 38
60 15
63 4
7 40
4 32
48 14
58 7
50 17
50 40
55 1
36 31
20 29
66 31
3 18
32 1
4 35
