36 29 311
1 0 0 0 1 0 1 1 0 1 0 1 0 0 1 0 1 0 1 0 0 1 0 0 1 1 0 0 0 
0 0 0 0 0 1 1 0 0 0 1 1 1 1 1 1 1 0 1 0 1 0 1 1 0 1 1 1 1 
0 0 0 1 1 0 1 1 1 0 1 0 0 1 0 1 0 1 1 1 0 0 0 0 0 1 0 1 0 
1 0 1 1 1 0 0 1 1 0 1 0 1 0 1 0 0 0 0 1 1 0 1 0 0 0 1 0 0 
0 0 0 1 1 1 1 0 0 0 0 1 1 1 0 1 1 1 1 0 1 0 1 0 0 0 1 0 1 
0 0 1 0 0 0 1 0 0 0 1 0 0 1 0 1 0 1 1 1 1 1 0 1 0 1 0 0 0 
1 1 1 0 0 0 0 0 1 1 0 1 0 0 1 0 1 1 0 1 1 1 0 1 1 0 0 1 0 
1 0 1 1 1 0 1 1 1 0 0 1 1 1 0 1 1 1 1 0 1 0 1 0 1 0 0 1 0 
0 0 1 1 0 1 0 1 1 0 0 0 1 1 1 1 1 1 1 0 1 1 0 0 0 1 0 0 1 
1 1 0 1 0 0 0 1 0 0 1 0 1 0 0 1 1 1 1 1 1 1 0 1 0 0 1 0 0 
1 1 0 1 1 0 1 0 1 1 1 1 1 1 1 0 1 1 0 0 1 1 1 0 0 0 1 1 0 
0 0 0 1 0 0 1 0 1 1 1 1 0 0 0 0 0 1 1 0 1 0 1 1 1 1 1 1 0 
0 1 0 1 1 0 1 0 1 1 0 1 0 0 1 0 1 0 0 1 0 0 0 1 0 0 0 0 1 
1 0 1 0 0 0 0 0 0 0 1 1 0 1 1 0 0 1 0 1 1 0 1 0 0 1 1 1 1 
0 0 0 1 0 1 0 0 1 1 1 0 1 1 0 0 0 0 1 1 0 0 0 1 1 1 0 0 0 
1 1 0 1 1 1 0 0 0 0 0 1 0 0 1 0 0 1 0 0 0 0 0 1 0 0 1 1 1 
0 1 1 1 0 0 0 1 0 0 0 0 0 0 1 0 1 0 1 0 1 0 1 1 1 0 0 0 1 
0 0 1 1 1 1 1 0 1 0 0 1 0 0 1 1 1 0 1 0 1 1 1 1 1 0 1 0 0 
0 0 0 0 1 0 1 1 0 1 0 0 1 0 0 0 1 1 1 0 1 0 0 0 1 1 0 0 0 
0 0 1 0 1 1 1 1 0 0 0 1 1 0 1 0 1 0 1 0 1 0 0 0 0 0 0 0 0 
1 1 1 1 1 0 0 0 0 0 0 1 1 1 1 0 0 1 1 0 1 1 1 1 0 0 1 1 0 
1 0 1 1 1 0 1 1 0 1 1 0 1 1 1 0 1 0 0 1 1 1 0 1 1 1 0 0 1 
0 1 0 0 1 0 1 0 0 0 1 1 0 1 1 1 1 0 1 0 1 1 0 0 1 1 1 0 1 
1 1 0 1 1 1 0 1 1 0 1 1 1 1 0 1 0 0 1 0 0 1 1 1 1 1 1 1 0 
0 0 1 0 1 0 0 0 1 0 0 0 0 0 1 0 0 0 0 0 1 0 1 1 0 0 1 0 0 
1 0 1 0 0 0 1 0 1 0 0 0 1 0 1 1 0 1 1 0 0 0 1 0 1 0 0 0 0 
1 0 0 1 1 0 1 0 1 0 0 0 0 0 1 0 1 0 0 0 0 0 1 1 0 1 0 1 0 
1 0 1 1 1 1 1 1 1 0 1 0 1 0 1 1 0 0 0 1 1 1 1 1 1 0 0 1 1 
1 1 0 0 1 0 0 1 1 0 0 1 1 1 0 1 1 0 1 0 1 1 0 1 0 0 0 0 1 
0 1 1 0 1 0 1 1 0 1 1 0 1 0 0 0 1 0 0 1 1 0 0 1 0 1 0 0 1 
1 0 0 1 0 0 1 0 1 0 0 0 0 1 1 1 0 1 1 0 0 0 0 0 1 0 1 1 1 
0 1 1 0 1 0 0 0 1 0 1 0 1 1 1 0 0 1 1 1 1 1 1 1 0 0 0 1 0 
1 0 1 1 0 0 0 0 0 1 1 0 0 1 1 0 0 1 0 1 1 0 1 0 1 1 1 0 0 
1 1 0 1 0 1 1 1 0 1 0 0 1 1 1 1 1 1 1 1 1 0 0 0 1 1 1 1 1 
0 0 0 1 0 0 1 0 0 0 0 0 1 1 0 0 0 0 1 0 1 0 0 0 1 1 1 0 0 
1 1 0 0 0 0 0 0 1 1 0 0 0 0 1 1 1 0 1 0 1 1 1 1 0 0 1 0 1 
11 18
34 9
35 8
7 27
36 1
36 25
1 18
17 23
25 22
25 19
30 23
31 15
1 8
36 3
29 3
3 9
26 12
32 4
7 10
5 4
12 10
20 15
8 23
21 9
17 28
28 25
13 22
31 5
18 18
6 5
33 21
15 24
28 7
5 21
31 28
35 11
16 10
32 13
2 25
31 13
9 16
4 24
9 27
30 22
12 26
23 24
9 21
33 2
36 28
16 3
31 20
27 21
6 21
17 3
6 3
22 28
10 26
35 6
30 24
15 14
10 3
14 14
31 12
35 20
26 10
7 24
33 4
21 11
17 11
7 20
36 13
32 18
23 24
19 4
15 19
18 20
20 27
33 12
23 15
5 8
15 25
35 4
7 22
12 28
10 26
23 10
36 16
28 23
15 9
2 24
9 21
10 19
26 24
33 20
21 15
11 25
3 3
2 25
3 21
25 4
17 27
26 11
29 19
8 15
14 23
33 2
36 9
33 24
16 17
4 20
28 9
33 7
7 27
24 22
8 9
27 14
34 10
6 8
34 17
28 23
36 18
20 7
24 28
23 15
14 3
5 18
32 2
35 11
18 29
6 9
33 27
35 26
23 9
15 25
32 18
7 11
7 4
30 11
22 9
36 24
36 7
23 6
8 20
21 23
33 1
22 9
21 3
35 18
36 6
4 7
35 25
21 4
12 7
22 2
1 2
33 23
12 18
10 12
27 5
17 21
9 10
6 8
18 8
4 7
33 15
21 1
4 9
30 9
28 20
31 7
15 1
28 4
32 18
9 8
22 8
26 3
17 11
2 10
16 26
10 10
18 21
28 8
33 18
9 19
31 14
15 23
13 10
20 28
36 26
10 24
11 15
28 29
21 26
33 21
21 25
19 15
14 29
29 25
12 15
15 27
20 27
9 7
34 11
33 11
23 7
12 1
14 10
8 10
33 16
16 2
9 29
3 25
34 2
4 4
17 23
11 2
17 28
2 7
1 20
6 5
27 11
35 21
30 5
33 22
20 25
33 19
17 10
25 1
16 7
35 24
35 22
11 6
36 2
5 10
33 19
32 26
35 12
22 3
7 6
8 13
4 22
3 19
19 24
12 19
15 28
18 15
22 6
32 16
18 25
30 3
34 16
8 4
35 17
1 10
3 27
35 21
5 6
8 19
16 19
23 23
14 5
12 2
23 26
5 22
17 14
25 12
26 23
22 13
25 8
32 4
28 4
6 28
14 13
13 5
12 4
5 22
7 28
9 29
31 24
34 26
14 3
6 6
27 23
10 17
20 23
21 18
27 27
4 9
3 17
7 17
3 24
25 27
4 22
18 6
7 18
7 29
32 19
13 19
34 27
3 10
34 20
23 20
3 25
26 17
2 28
5 28
36 27
16 2
35 9
30 13
32 6
