44 2 390
0 1 
1 1 
1 1 
0 1 
0 1 
0 0 
0 1 
1 1 
0 0 
0 0 
1 0 
1 0 
0 0 
0 0 
1 1 
0 0 
1 1 
1 0 
0 0 
1 0 
0 1 
1 1 
0 0 
1 0 
0 0 
0 0 
1 0 
0 1 
0 0 
0 1 
1 1 
1 1 
0 0 
1 1 
0 1 
0 0 
0 1 
1 1 
0 1 
0 1 
1 0 
1 0 
0 0 
1 0 
29 2
17 1
16 1
28 1
32 1
37 1
22 1
37 2
20 1
43 2
14 2
13 2
32 2
20 2
40 2
29 1
15 2
4 2
32 2
21 2
38 2
26 2
37 2
33 1
31 2
29 2
34 2
33 1
42 1
39 1
25 2
41 2
12 1
35 2
30 1
23 2
35 2
8 2
23 1
3 1
20 1
31 1
40 2
14 1
1 2
11 1
33 1
18 2
25 2
28 1
22 2
43 1
26 2
26 1
26 2
1 2
9 2
38 2
36 2
43 2
34 1
16 1
33 1
19 2
29 1
34 1
43 2
33 2
40 2
21 2
26 2
28 2
27 2
2 2
22 2
29 2
28 1
35 2
9 2
34 1
38 1
25 2
2 1
35 1
38 1
13 1
24 1
20 2
25 1
37 2
22 1
39 1
23 2
38 1
30 1
34 2
16 2
44 1
16 1
11 2
10 2
30 1
1 1
43 2
1 2
14 2
30 2
29 1
3 1
42 1
7 2
18 1
33 1
11 1
44 2
15 1
9 1
7 2
27 1
41 1
26 1
1 2
31 1
25 1
19 1
5 2
24 2
25 2
42 1
19 1
22 1
6 2
24 2
30 2
8 2
19 2
21 1
19 2
30 2
20 1
39 2
17 2
30 1
44 2
10 2
44 1
26 1
43 1
12 1
31 1
35 1
28 2
28 2
27 1
37 2
29 1
28 2
8 2
32 2
6 1
31 2
44 1
14 2
5 1
18 1
29 2
19 2
25 2
5 2
17 2
6 1
42 1
15 1
4 2
36 1
2 1
41 2
38 2
20 1
24 1
20 1
28 1
42 1
31 1
24 1
1 1
33 1
27 1
27 2
6 2
8 1
7 1
12 1
15 2
28 1
15 1
9 2
29 1
38 2
19 1
19 1
24 1
33 1
12 1
29 1
37 2
12 1
13 1
36 2
15 1
31 1
28 1
40 2
27 1
7 1
29 1
1 1
40 2
36 2
21 1
28 1
34 1
34 1
6 2
22 2
31 2
27 1
26 1
22 2
24 1
2 1
30 1
35 1
5 2
14 2
23 2
44 2
41 1
3 2
38 1
13 1
35 1
20 2
38 2
33 1
22 1
5 2
27 2
4 1
16 1
39 1
24 1
32 1
23 2
40 1
15 2
5 1
29 2
41 1
32 1
10 1
31 2
3 1
40 2
36 2
25 2
39 2
14 1
16 2
33 2
3 2
1 2
18 2
37 1
15 1
20 1
26 2
44 1
34 2
43 2
23 1
4 2
1 1
9 2
38 2
44 2
44 1
22 2
40 1
33 1
34 2
25 2
24 1
20 2
4 1
15 1
36 2
44 2
43 1
42 1
36 2
5 1
44 2
11 2
5 2
16 2
3 2
23 2
1 2
8 1
1 1
35 1
20 2
43 2
40 2
41 1
11 2
28 1
42 1
29 2
5 1
3 1
21 1
2 1
22 1
26 2
14 2
40 1
30 2
34 1
18 1
7 1
4 1
4 1
44 1
18 1
32 1
31 2
5 2
21 2
16 1
41 2
14 1
24 2
18 1
23 1
25 2
44 2
10 2
24 2
22 1
25 2
30 2
38 1
24 1
10 2
2 1
20 2
24 2
2 1
22 1
40 1
28 2
24 1
37 1
37 2
9 2
18 1
18 1
19 2
40 2
8 2
31 2
15 2
2 2
31 2
2 1
15 2
1 1
38 2
30 1
24 2
35 2
27 1
38 2
38 2
39 2
13 1
39 1
7 1
