42 3 681
1 1 0 
1 0 1 
0 1 1 
0 1 1 
1 1 1 
1 1 1 
0 0 1 
0 0 0 
1 1 1 
0 1 1 
1 1 0 
1 0 0 
1 1 0 
1 1 1 
0 1 1 
0 0 0 
1 0 0 
1 1 1 
1 0 1 
0 0 0 
0 0 1 
1 1 0 
0 1 1 
1 1 1 
0 0 0 
0 1 0 
0 1 0 
1 1 1 
0 0 1 
0 0 0 
1 1 1 
1 0 0 
1 0 0 
0 0 0 
0 1 1 
1 1 0 
1 1 1 
1 1 1 
1 0 1 
0 0 0 
1 1 0 
1 0 0 
15 3
34 2
31 3
14 1
34 3
40 2
40 3
35 3
19 1
2 3
41 3
31 2
31 3
28 3
37 3
40 2
31 3
35 1
41 1
41 3
12 3
14 3
4 2
29 2
15 1
5 1
42 2
12 1
37 3
23 2
11 1
9 1
27 3
1 1
24 3
11 3
42 1
21 1
4 2
32 2
3 1
9 2
29 3
31 3
39 2
20 2
38 3
20 1
13 3
30 3
18 2
35 2
26 1
1 2
20 1
17 3
33 3
30 1
23 1
38 3
2 3
19 1
37 1
1 2
5 1
20 3
19 2
41 3
2 2
22 2
33 3
3 1
6 1
28 3
41 1
8 3
26 2
18 1
22 2
36 3
18 3
26 1
18 2
18 1
31 1
34 3
39 3
39 2
34 3
36 2
38 1
17 2
9 2
35 1
16 3
41 1
23 3
6 2
23 2
40 1
30 1
37 1
12 1
37 1
9 3
23 2
40 2
5 3
36 1
34 1
37 2
28 1
24 3
11 1
16 2
29 1
9 3
2 1
9 3
32 3
8 3
40 2
13 1
2 2
19 3
34 2
31 3
14 1
2 2
40 2
30 1
5 3
27 3
8 1
36 3
32 1
27 2
5 3
11 3
11 3
31 2
24 3
27 3
29 1
37 1
29 3
7 3
16 2
26 3
13 3
18 1
29 2
32 2
13 2
19 1
10 2
33 3
1 2
13 3
5 1
10 2
2 1
4 2
15 1
24 1
21 1
30 3
15 1
6 3
35 2
31 3
24 3
5 1
7 3
8 3
25 1
36 2
24 1
21 1
22 3
31 1
39 3
4 2
8 2
32 3
14 3
8 2
19 2
5 3
35 1
22 3
37 3
22 1
27 1
36 3
6 1
8 3
23 1
28 3
39 1
40 1
6 2
42 3
23 1
27 1
21 1
42 2
6 1
27 1
29 1
3 3
14 1
36 2
8 2
3 2
3 2
25 1
8 1
40 3
3 3
20 2
31 3
20 2
35 2
37 2
20 2
22 2
11 3
40 1
34 2
36 3
24 2
24 2
28 2
16 3
23 3
42 2
13 2
16 3
28 3
37 1
35 1
18 2
23 3
15 1
6 1
23 3
21 1
28 3
10 2
3 2
13 2
2 3
39 3
25 1
29 3
26 2
9 2
28 2
40 2
17 2
20 2
20 2
20 1
4 2
21 3
13 1
23 1
3 1
6 2
19 1
23 3
42 2
16 2
22 1
12 3
40 2
8 1
5 1
37 2
4 2
23 3
40 3
42 2
11 3
40 3
35 2
24 2
13 1
16 3
39 1
5 1
32 1
21 2
38 3
30 3
25 3
29 3
23 1
12 3
41 2
32 2
15 1
24 3
23 2
30 2
13 3
11 1
32 1
2 2
24 2
11 1
3 1
8 2
29 3
30 2
33 3
33 1
7 1
17 2
3 3
21 3
19 3
15 1
22 2
9 1
29 3
8 3
4 1
38 1
24 2
37 3
10 2
13 1
34 2
37 1
11 1
10 3
9 3
10 3
35 1
30 1
22 3
4 1
27 1
41 2
8 2
12 3
28 1
8 2
4 3
11 2
40 3
7 3
28 2
12 1
39 3
38 3
21 3
29 1
8 2
12 2
6 1
36 1
41 3
39 2
38 1
36 1
18 1
37 3
15 1
40 3
12 1
38 2
16 2
16 1
16 1
28 3
30 1
18 1
26 1
7 1
20 3
31 1
25 2
5 3
15 1
2 1
9 2
26 3
42 2
29 2
19 1
39 2
20 1
40 3
34 2
22 3
31 2
7 2
14 3
15 2
4 3
5 3
4 2
9 2
23 2
2 1
26 2
20 2
4 1
41 1
6 1
30 1
35 2
22 2
16 2
14 3
35 1
3 1
30 3
34 2
15 3
24 1
25 3
22 2
29 3
30 1
11 2
30 1
31 2
31 2
7 2
6 1
25 3
18 1
20 1
41 3
10 1
34 1
16 3
35 3
7 1
3 3
24 2
12 3
9 3
7 1
27 1
27 3
36 3
25 3
35 1
23 3
17 2
25 1
26 3
34 1
13 1
1 2
11 1
16 3
17 1
31 1
4 3
36 1
12 3
19 1
17 3
33 1
33 2
21 1
2 1
22 3
33 2
14 2
42 1
3 3
27 1
40 3
31 1
23 2
30 1
16 2
31 1
17 3
23 3
9 2
1 1
2 1
29 1
17 3
25 3
22 1
28 2
22 1
41 3
7 2
36 1
5 1
28 1
6 3
21 2
34 1
41 2
11 1
26 2
8 1
6 1
4 3
37 3
42 3
42 2
11 3
18 2
41 1
39 3
40 1
31 2
37 3
41 3
33 1
37 3
32 1
12 3
6 1
5 2
22 2
21 3
22 3
40 3
5 3
6 2
29 1
27 3
35 3
16 1
19 2
9 3
17 1
24 2
31 3
26 1
8 3
7 2
29 3
7 3
38 2
16 2
24 3
33 3
20 2
8 1
25 3
34 1
36 2
37 1
38 3
33 1
9 1
7 2
26 3
16 3
41 3
25 2
40 1
9 1
31 1
31 2
28 3
1 1
1 2
2 1
1 3
34 2
4 2
2 3
17 3
39 1
23 1
30 1
5 2
22 2
21 1
38 3
16 2
7 2
18 2
32 1
29 1
5 3
4 3
30 1
22 3
25 3
25 2
31 2
23 3
16 2
7 1
24 3
26 2
25 2
15 3
14 1
25 1
26 2
29 1
29 2
3 2
24 3
42 1
4 1
1 3
30 3
18 1
2 1
32 3
33 3
13 2
22 2
5 3
13 3
34 1
24 1
11 1
3 2
6 3
7 3
36 1
20 1
29 3
34 2
9 3
41 2
21 1
36 1
29 1
13 2
5 1
5 2
27 2
4 3
25 3
31 1
33 2
30 3
12 3
32 3
8 1
8 1
23 2
14 2
42 1
37 2
22 1
18 3
29 1
22 2
20 2
2 2
22 1
30 2
34 3
36 3
8 1
1 2
27 2
15 1
24 2
25 3
9 2
13 2
38 1
39 2
39 3
26 3
37 1
38 2
7 3
28 3
