6 82 635
1 0 0 1 0 0 1 1 1 1 0 0 0 1 1 0 1 0 0 1 1 1 0 1 1 0 1 0 1 1 1 1 1 1 0 1 1 0 0 0 1 1 0 1 1 0 0 1 0 0 1 0 1 0 0 1 1 0 0 1 0 0 0 1 0 0 1 0 0 0 1 0 1 0 0 0 0 0 0 0 0 1 
1 1 0 1 1 0 1 1 0 1 0 0 0 0 0 0 1 0 0 1 0 1 1 1 1 1 1 1 0 0 1 0 0 0 1 1 1 0 0 1 1 0 1 0 1 0 1 0 0 0 1 0 1 1 0 1 0 1 0 1 1 1 1 0 1 1 0 0 1 0 0 1 1 0 1 1 0 0 0 1 0 0 
1 0 0 1 0 1 1 0 0 1 1 1 1 0 1 1 1 0 1 1 1 0 0 0 1 0 0 1 1 1 0 1 1 1 1 1 1 0 1 1 1 1 1 0 1 1 1 0 1 0 0 1 0 1 1 0 1 0 1 1 0 1 0 0 1 1 0 0 0 0 0 0 1 0 0 0 0 0 1 0 0 1 
1 1 1 1 0 1 1 0 0 0 1 0 0 1 1 1 0 0 1 0 1 0 0 1 0 1 0 0 0 1 1 1 0 1 0 1 1 0 0 0 0 1 1 1 1 0 0 1 0 0 1 1 1 1 1 1 0 1 1 1 0 1 1 0 0 1 0 0 1 1 0 1 1 0 1 1 0 1 1 0 1 0 
0 0 0 1 1 1 1 1 0 0 0 0 1 1 0 1 1 0 0 0 0 0 0 0 1 1 1 0 0 1 1 0 0 0 1 1 0 0 1 1 1 0 1 0 1 0 1 1 1 0 1 0 0 0 0 1 1 0 1 0 1 1 0 1 0 0 0 1 0 1 1 1 0 0 1 1 1 0 1 1 1 0 
1 1 0 0 1 0 1 0 0 0 0 1 1 1 0 1 0 0 1 0 1 1 1 1 1 0 1 1 0 0 0 0 0 0 1 1 1 1 0 0 1 0 1 1 1 1 0 1 0 0 0 0 0 1 1 0 1 1 1 1 1 0 0 1 1 1 1 0 1 0 0 1 1 1 0 0 0 1 1 1 1 0 
4 31
3 53
2 9
5 41
6 52
3 62
6 32
3 65
5 38
4 71
3 18
4 48
2 53
1 73
2 12
3 28
3 11
2 58
2 71
5 61
1 61
3 62
4 51
1 19
1 20
6 29
3 39
4 41
5 40
1 53
1 12
2 54
5 9
2 59
1 26
4 66
3 50
6 30
3 54
5 37
1 65
6 37
3 52
6 37
5 63
4 71
6 71
5 49
5 22
3 49
4 48
4 44
3 35
5 7
5 55
4 20
3 44
1 52
2 62
2 41
4 59
4 81
3 77
5 27
4 56
5 42
3 9
2 1
5 38
2 7
1 29
4 11
6 53
3 26
5 81
3 43
1 6
3 54
4 23
3 42
1 6
5 32
5 14
1 45
1 65
5 2
1 33
4 47
4 74
5 16
5 56
1 73
3 38
6 59
6 15
6 32
3 6
3 14
4 54
4 6
6 52
5 18
5 63
2 36
1 16
5 20
1 10
3 26
5 1
1 28
2 33
2 57
6 75
2 27
4 53
3 28
2 42
3 69
5 52
3 20
6 58
4 12
3 60
2 57
3 52
3 73
1 41
3 58
1 17
2 13
4 35
3 20
3 71
1 31
3 19
6 70
1 63
4 1
6 81
1 36
3 72
3 32
1 35
5 47
6 52
4 70
3 26
2 25
4 30
4 14
4 1
1 12
5 65
3 20
5 16
3 56
4 57
3 82
1 13
3 64
6 71
5 66
3 77
2 37
6 10
5 45
1 20
5 22
2 52
4 19
2 26
3 53
4 48
2 56
4 54
5 14
5 10
1 26
2 75
3 64
2 64
2 3
2 57
5 14
4 50
6 9
6 41
3 18
2 24
5 12
3 62
4 61
6 44
1 74
2 64
2 63
6 3
1 72
1 48
1 57
3 35
2 22
3 9
3 71
6 70
6 62
3 51
2 45
4 46
5 70
4 36
4 58
1 22
4 73
3 69
5 23
2 82
2 26
5 80
6 17
3 7
6 24
6 43
4 40
4 10
4 59
4 28
3 39
6 29
6 58
5 82
6 11
5 77
6 22
2 80
4 34
6 69
4 44
3 58
1 52
6 71
5 1
3 69
6 21
4 56
6 63
4 82
5 14
3 5
4 30
1 7
1 80
1 44
3 35
2 22
1 58
4 21
1 21
6 23
3 20
3 66
2 76
1 81
2 53
1 52
3 43
4 18
2 57
4 9
2 16
5 21
6 52
2 68
5 77
4 74
2 62
2 32
1 69
3 58
3 50
1 43
2 82
2 59
1 24
3 80
2 76
3 22
4 20
1 3
4 65
5 15
5 41
3 77
4 38
3 58
4 54
6 54
1 56
1 15
2 78
6 56
2 13
4 56
3 64
1 76
1 30
3 39
2 78
6 12
1 71
1 3
5 66
4 48
2 64
2 37
5 16
3 15
3 52
1 13
1 48
1 75
1 71
6 69
3 46
2 7
2 66
2 63
1 4
1 71
6 28
5 60
5 61
2 39
5 72
3 67
6 36
3 11
5 35
5 40
3 70
2 22
5 39
6 50
3 10
1 44
5 62
3 2
1 42
5 75
4 61
2 65
6 48
4 11
1 61
5 79
6 77
1 73
6 9
2 47
4 49
1 46
5 78
3 56
1 32
6 52
5 13
6 65
4 8
6 75
6 54
4 40
5 19
1 47
5 2
2 30
4 52
6 15
4 30
3 53
4 29
1 50
4 36
3 78
1 49
6 45
6 42
3 77
2 69
4 50
2 25
6 7
2 66
2 70
1 15
3 24
1 63
4 6
1 57
3 9
5 16
6 31
3 2
1 20
1 43
2 47
5 49
2 63
2 30
4 25
5 57
1 78
4 57
2 62
4 6
4 17
2 52
3 33
3 40
3 80
3 6
1 82
1 18
3 11
5 7
4 44
3 23
6 56
1 66
4 22
3 62
1 11
4 68
5 75
1 39
4 77
4 45
2 32
6 75
6 52
1 6
3 51
3 78
5 55
2 5
4 17
3 25
5 17
5 77
4 54
3 11
4 23
6 26
5 18
2 78
4 19
3 46
5 74
6 4
4 69
2 76
4 38
3 82
3 56
2 5
3 11
4 13
1 13
4 78
1 42
6 74
2 70
4 67
6 69
6 56
1 39
2 23
3 77
4 77
1 41
6 79
4 25
4 56
4 59
3 69
6 52
2 52
4 51
2 16
3 4
1 28
2 54
3 1
2 29
6 26
2 6
1 4
1 6
2 19
6 72
3 26
6 2
3 13
1 51
6 63
3 59
6 77
3 45
4 8
3 81
5 44
3 6
6 26
5 1
4 38
5 17
6 41
4 45
1 44
5 10
1 13
3 33
4 22
5 34
3 10
3 61
6 77
2 77
2 77
2 13
5 5
5 41
5 40
3 63
3 51
3 27
2 74
2 2
4 5
3 7
1 53
1 77
2 73
5 8
5 39
3 73
3 16
6 25
5 16
3 25
1 60
2 64
4 14
1 71
4 55
2 6
1 43
3 37
6 76
4 13
1 15
3 7
4 16
1 66
3 73
1 18
5 20
2 51
5 9
2 53
3 12
4 49
3 50
3 7
6 30
2 54
5 33
6 41
2 35
6 14
1 13
4 72
1 15
6 38
4 27
1 59
1 51
6 8
1 75
6 22
3 34
3 72
5 21
1 71
2 41
3 51
1 21
6 31
1 68
4 46
4 44
6 64
1 30
6 66
3 61
4 18
4 21
1 27
1 37
2 57
6 15
3 9
6 30
6 7
4 7
1 60
2 4
2 33
5 60
1 55
1 59
1 22
1 55
3 4
1 59
1 72
1 38
4 23
3 5
2 52
5 11
6 21
3 75
4 17
5 14
4 71
