83 12 484
0 1 1 0 0 0 0 0 0 0 0 1 
1 0 1 1 1 1 1 1 0 0 0 1 
0 0 0 1 1 1 1 1 0 1 1 0 
1 0 0 0 1 1 1 0 0 1 0 1 
1 1 0 1 1 1 0 1 0 0 0 0 
0 1 1 0 1 1 1 1 0 0 1 0 
0 1 0 1 1 1 1 0 1 0 1 1 
0 1 0 1 1 1 1 0 1 1 1 0 
0 0 1 1 1 0 0 0 0 0 1 1 
1 0 0 1 0 1 1 0 0 0 1 0 
0 1 1 0 1 1 1 0 1 0 0 1 
1 1 1 1 1 0 1 0 0 1 0 0 
0 1 1 0 0 0 1 1 0 0 0 1 
1 0 1 0 1 0 0 0 0 0 0 1 
1 1 0 1 1 0 0 0 0 0 0 0 
1 0 0 1 1 1 0 0 1 0 0 1 
0 1 1 1 0 1 0 0 1 0 0 1 
0 0 0 0 1 0 0 0 1 0 1 1 
0 1 0 0 0 0 0 0 1 1 1 1 
1 1 1 1 1 1 0 1 0 1 0 0 
1 1 1 1 0 1 1 1 1 0 0 1 
0 0 1 0 1 0 0 1 0 0 1 1 
1 0 0 0 0 0 0 1 1 1 1 1 
0 0 1 0 1 1 0 0 0 1 1 1 
0 1 1 0 0 0 1 0 1 0 0 1 
0 1 0 1 0 0 0 1 1 1 0 1 
1 0 0 1 1 1 1 1 1 1 1 0 
0 1 1 0 0 1 1 1 1 0 0 1 
0 0 0 0 1 0 1 1 1 1 1 0 
1 0 0 0 0 0 1 0 0 1 1 0 
1 0 1 0 0 0 0 1 0 0 1 0 
0 0 1 1 0 0 0 0 1 1 0 0 
0 1 1 1 0 0 0 0 0 0 0 1 
1 0 0 0 1 0 1 0 0 0 1 0 
1 1 1 0 1 0 1 0 0 0 1 0 
1 1 0 1 0 1 1 0 1 0 0 1 
1 0 0 0 1 0 0 1 0 1 0 0 
0 0 1 0 0 1 0 0 0 0 0 1 
0 0 1 1 1 1 0 1 0 0 1 1 
0 1 0 1 1 0 1 0 1 1 1 1 
1 0 0 0 1 0 0 0 0 1 0 1 
1 1 1 1 1 0 1 1 0 1 1 1 
0 1 1 1 1 0 1 1 0 1 1 1 
1 0 0 0 1 1 0 1 1 0 0 1 
1 0 1 1 0 0 1 1 0 1 0 1 
0 1 1 0 1 0 0 1 1 0 1 1 
1 0 1 1 0 0 1 0 1 0 1 0 
0 0 1 0 1 0 0 1 0 0 0 1 
0 1 1 1 1 0 1 0 1 0 1 1 
1 1 0 0 0 1 1 1 0 1 1 1 
1 0 0 0 1 1 1 1 1 1 1 1 
0 0 1 0 0 1 0 0 1 1 0 0 
0 1 0 1 1 1 1 1 0 1 1 1 
1 0 0 0 1 0 0 0 1 0 1 0 
0 1 0 0 1 0 1 0 1 1 1 0 
0 0 1 1 1 1 1 1 0 0 1 0 
0 1 0 0 0 1 1 0 0 0 1 0 
1 0 1 1 0 0 1 1 0 0 1 1 
0 1 0 1 1 1 1 0 0 1 0 0 
0 0 0 1 1 0 1 1 1 0 1 0 
0 0 0 0 1 0 0 1 1 0 0 0 
1 0 0 0 0 0 0 1 0 1 0 0 
1 0 0 0 0 0 1 1 1 1 0 0 
1 0 1 0 0 0 1 0 1 1 0 1 
1 0 0 1 0 1 1 0 0 0 1 0 
1 1 1 1 0 1 1 1 0 0 1 0 
0 0 1 0 1 1 1 0 1 0 1 1 
0 0 1 0 1 0 1 0 0 0 0 0 
1 0 1 0 1 0 0 0 0 0 0 1 
1 0 0 0 0 1 0 1 1 0 1 0 
1 0 0 1 0 0 0 1 1 1 0 0 
1 0 0 1 1 0 0 0 0 0 0 0 
1 1 0 0 0 1 0 1 1 0 0 0 
0 0 0 0 1 0 0 1 1 0 0 0 
1 0 1 0 1 0 1 1 0 1 1 0 
0 0 0 1 0 0 0 1 0 0 0 0 
1 1 1 0 0 0 0 0 0 0 1 0 
1 0 1 0 1 1 1 0 0 1 1 1 
0 0 0 1 1 1 0 0 0 0 1 1 
0 1 0 0 1 1 1 1 1 1 0 1 
0 1 0 1 0 1 0 1 1 0 0 0 
0 0 1 1 1 1 1 1 0 1 1 0 
1 1 0 0 1 1 1 1 0 1 0 1 
58 7
51 9
52 12
36 10
31 11
20 3
32 3
12 5
46 7
77 3
43 10
17 10
37 4
79 11
73 5
14 2
70 10
18 7
39 2
76 10
54 2
70 10
11 8
70 1
5 1
35 2
13 5
20 6
31 10
76 10
32 5
70 8
82 4
27 2
72 2
44 1
9 6
30 9
68 3
71 1
59 12
30 6
72 6
5 4
65 2
22 5
60 5
3 2
57 6
46 5
46 4
73 2
39 5
3 6
65 6
56 7
83 1
53 3
50 12
24 5
23 3
81 10
32 9
49 10
37 12
55 7
41 3
24 3
62 6
77 10
66 4
14 9
23 1
61 4
33 9
5 1
23 11
39 4
39 8
69 6
73 7
59 6
13 5
20 5
64 3
83 2
64 6
29 12
15 10
1 12
63 9
69 10
30 9
58 10
43 12
47 11
19 7
5 3
82 10
63 2
71 9
72 6
41 5
42 8
54 12
2 5
60 12
19 4
6 1
12 7
30 8
60 6
61 11
36 1
42 11
68 1
74 6
73 10
23 4
58 10
60 1
5 12
44 5
40 9
35 5
5 7
62 2
62 11
21 8
72 9
53 1
51 7
51 11
73 6
27 6
59 8
37 8
25 1
66 7
75 4
34 12
32 3
7 10
51 12
62 1
70 4
35 5
3 1
10 2
71 12
44 11
47 11
54 4
21 6
41 4
39 7
59 10
53 2
5 9
40 3
33 8
76 3
72 6
54 11
11 11
36 10
70 6
15 2
48 5
2 10
49 12
49 7
4 3
29 5
9 1
77 7
12 3
6 10
16 10
79 12
30 7
6 4
68 5
42 1
77 9
54 1
69 11
41 9
19 12
57 3
17 3
13 3
72 12
63 2
59 1
64 7
65 7
5 7
57 10
55 7
2 6
47 2
60 3
80 8
47 3
70 8
13 9
4 1
32 5
6 2
55 11
46 12
30 1
73 1
20 1
71 4
6 12
62 7
76 11
6 2
22 1
37 9
20 7
6 6
7 8
72 9
66 9
42 1
16 6
13 12
19 10
1 9
81 7
54 1
78 6
15 10
55 12
5 8
32 7
29 3
73 7
34 11
65 1
29 3
61 2
51 11
40 5
38 2
63 3
10 2
15 9
13 11
23 10
60 5
50 2
29 12
2 5
20 8
34 10
15 3
6 9
52 10
13 6
78 11
75 3
67 6
18 9
55 9
6 12
34 1
69 8
60 12
29 3
54 3
3 1
55 3
56 10
13 4
59 4
30 4
68 10
72 11
12 3
61 2
52 8
47 12
46 5
30 8
5 11
83 9
4 2
54 3
59 4
49 12
6 3
33 7
80 9
64 2
38 3
7 2
26 6
19 5
77 2
4 3
73 2
75 4
32 12
59 3
82 7
70 12
24 4
23 11
14 4
42 7
19 3
35 9
33 2
7 10
12 4
64 5
28 4
8 5
39 2
28 11
20 12
56 4
77 3
39 6
76 1
31 10
16 7
48 12
81 1
23 6
49 12
14 8
5 7
42 11
23 12
9 5
26 9
61 11
18 3
50 5
71 2
27 5
44 12
36 6
75 2
5 11
71 9
77 7
11 9
63 7
39 3
36 6
13 9
4 9
47 3
2 3
52 1
66 12
13 10
18 5
64 9
14 11
58 8
42 3
73 12
61 1
53 5
47 3
5 5
3 2
82 12
8 5
12 4
82 9
6 9
46 3
50 10
1 11
10 4
19 11
81 6
83 7
77 11
73 6
67 1
66 1
13 4
24 3
24 10
42 1
4 6
26 4
12 5
21 3
68 9
44 4
35 4
74 4
69 8
6 10
10 6
77 1
62 10
82 2
36 10
12 5
25 3
8 8
25 9
66 10
74 8
73 10
21 5
73 12
36 11
51 9
9 6
46 1
54 5
61 3
21 1
44 10
38 6
17 8
23 8
8 8
79 9
16 8
58 8
51 8
56 4
75 9
67 5
39 4
47 10
54 5
48 5
50 6
74 2
16 8
12 4
45 5
17 1
40 2
40 12
67 12
70 2
55 11
46 6
68 6
60 2
48 2
32 11
78 11
25 10
74 12
33 1
23 12
39 2
17 9
53 2
81 6
31 6
6 6
11 5
69 1
57 12
26 9
48 5
21 8
57 12
33 12
64 8
49 12
19 1
49 10
80 4
44 8
6 12
34 10
