76 10 743
0 0 1 0 1 1 0 1 1 0 
0 0 0 0 0 0 1 1 1 0 
0 0 0 1 1 0 1 1 0 0 
1 0 0 1 0 0 1 1 0 1 
1 0 1 1 0 1 0 1 0 1 
1 0 1 1 0 0 1 0 0 1 
1 0 1 1 0 1 0 0 1 1 
1 0 1 0 0 0 0 0 1 0 
1 0 1 1 0 0 0 0 0 0 
0 1 1 0 1 1 0 0 0 0 
0 1 1 1 0 1 1 1 1 0 
0 0 0 1 1 1 1 1 1 0 
0 1 0 1 1 0 1 1 0 0 
0 1 1 1 1 1 0 1 0 0 
1 0 1 1 0 0 0 0 1 0 
1 0 0 1 0 0 1 1 0 1 
0 0 0 0 0 1 0 0 0 0 
1 0 0 0 1 1 1 1 0 1 
0 1 0 0 1 0 0 1 1 1 
1 1 0 0 1 1 1 1 0 1 
1 1 0 0 0 0 0 1 0 0 
1 1 0 0 1 0 1 1 1 0 
1 0 1 1 1 1 1 1 0 1 
1 1 1 0 0 1 1 1 1 0 
1 1 0 0 0 1 1 0 0 1 
0 0 1 1 1 0 1 1 1 1 
1 0 0 0 0 0 1 0 1 1 
0 0 1 1 1 0 0 1 0 0 
1 0 0 0 0 0 1 0 1 0 
0 1 1 1 1 1 1 1 0 1 
1 0 0 0 0 1 1 1 1 1 
0 1 1 0 0 0 1 1 0 1 
0 1 1 1 0 1 1 1 1 1 
0 0 1 1 0 1 0 1 0 0 
1 1 0 0 0 0 0 0 0 1 
1 0 0 0 1 0 1 0 1 0 
0 1 0 0 0 0 0 1 1 1 
1 1 1 1 1 0 1 0 0 1 
0 1 1 0 1 1 0 0 0 0 
0 1 1 1 1 0 1 1 1 1 
1 0 0 0 1 0 1 1 0 0 
0 0 1 1 0 1 0 1 1 1 
0 0 1 0 0 1 0 0 0 1 
1 0 1 0 1 0 1 0 1 0 
1 0 1 0 1 1 0 1 0 0 
0 1 1 0 0 0 1 0 0 1 
1 0 1 0 0 1 0 0 1 1 
1 1 0 1 1 0 0 1 1 1 
1 0 0 1 1 0 0 0 0 0 
1 0 0 1 1 0 0 0 1 0 
1 1 1 1 1 0 0 0 0 1 
1 1 0 0 1 1 1 1 1 0 
1 1 0 1 1 0 0 1 0 1 
1 0 0 1 1 1 0 1 0 0 
0 0 1 1 1 1 0 0 1 0 
0 1 0 0 1 1 1 1 1 1 
0 0 1 1 1 0 1 1 1 0 
0 1 0 1 1 1 0 1 0 1 
0 1 1 1 0 0 1 0 0 1 
1 0 0 0 1 1 0 0 0 0 
1 1 0 0 1 0 0 0 1 0 
0 1 1 1 1 1 1 1 0 1 
0 0 1 1 0 0 0 0 0 1 
0 0 0 0 1 1 0 1 0 1 
0 1 1 0 0 1 1 0 0 1 
0 1 1 0 1 1 0 1 0 0 
1 1 0 0 1 0 1 1 1 1 
1 0 1 0 1 0 0 0 0 1 
0 0 1 0 1 0 0 1 0 0 
1 0 1 1 1 1 1 0 1 1 
0 0 0 1 1 1 1 1 0 0 
1 0 1 0 0 1 0 1 0 1 
1 0 1 1 0 0 1 1 0 0 
0 1 1 0 0 0 0 0 1 1 
1 0 0 1 1 1 1 1 0 0 
0 0 1 0 0 1 0 0 0 1 
28 5
21 7
68 4
2 7
40 4
39 2
39 2
4 2
65 10
20 9
24 9
27 8
53 9
76 8
17 4
52 6
64 5
48 9
64 6
70 5
53 9
45 10
39 6
46 6
31 8
14 10
15 7
61 7
35 9
54 6
57 6
20 1
14 5
29 3
24 10
26 7
53 1
61 1
61 4
13 7
22 5
63 8
71 3
9 1
47 7
12 5
75 3
18 7
10 3
16 4
75 6
34 10
25 8
24 3
29 2
43 9
16 1
52 6
59 6
31 5
59 7
9 3
55 2
7 1
1 6
34 5
47 2
64 2
58 10
18 10
10 6
39 2
17 6
36 8
35 6
42 8
52 4
14 5
55 8
21 6
62 10
38 5
49 9
3 2
43 6
45 1
63 6
28 6
70 6
61 4
52 6
7 10
11 7
66 7
33 10
32 2
15 4
21 3
8 10
60 10
60 1
34 2
46 10
48 3
15 4
35 3
10 6
26 6
15 1
55 9
59 10
15 2
62 7
34 2
42 2
4 10
54 7
71 2
27 4
43 3
30 8
74 7
10 4
32 8
2 10
71 8
63 3
67 9
69 10
24 1
5 2
22 10
12 3
14 5
50 3
56 8
5 1
15 5
36 8
51 3
63 2
20 8
70 7
43 8
40 3
38 10
29 2
2 7
74 10
64 8
8 5
61 2
65 9
6 8
30 6
12 9
53 6
30 10
22 6
51 4
38 6
54 5
48 1
19 5
6 2
37 7
6 4
45 4
38 7
52 7
13 4
57 9
74 3
34 4
37 9
67 2
73 5
64 2
34 10
75 4
36 6
50 5
4 4
1 6
42 2
45 1
59 6
39 2
2 2
52 2
29 6
30 2
23 10
19 6
12 10
29 8
62 7
29 2
6 5
64 9
29 2
31 1
46 9
34 7
4 8
37 8
62 7
30 4
59 2
21 1
53 9
18 3
31 6
31 7
47 8
26 7
22 6
20 5
76 6
21 2
4 8
74 7
3 1
2 3
33 3
47 6
48 8
60 8
30 5
33 8
2 8
30 3
36 8
32 9
53 4
53 8
65 7
52 2
40 10
28 8
66 1
27 4
55 7
9 2
13 8
59 9
25 6
54 9
27 1
32 7
54 2
47 8
22 5
14 9
58 2
19 5
71 2
60 2
43 3
10 5
69 7
5 2
10 4
68 1
63 1
22 3
34 4
62 6
46 9
19 3
73 10
59 5
46 3
26 8
66 9
61 2
13 8
37 3
59 1
35 6
45 10
17 10
42 7
32 1
4 7
3 10
23 5
5 3
66 1
37 7
26 10
10 4
74 3
70 6
36 4
47 6
20 8
9 2
44 10
75 6
46 6
5 5
56 5
55 6
74 9
14 3
54 6
32 2
48 1
45 4
67 7
19 2
12 6
23 2
25 3
15 3
76 6
3 5
30 1
11 10
3 3
51 3
11 6
2 3
23 4
33 1
40 2
48 7
33 3
8 10
3 4
28 8
72 2
31 2
3 4
25 6
3 2
57 7
48 9
55 7
21 8
22 9
22 3
76 4
7 10
45 7
64 7
74 7
32 5
33 5
71 6
7 7
52 4
51 2
62 8
67 3
37 7
56 6
61 6
28 4
43 9
5 10
32 6
3 4
28 6
15 10
14 1
57 5
66 7
6 10
56 4
39 4
25 6
37 4
21 1
11 6
75 9
7 5
55 5
3 1
15 10
36 9
11 3
59 10
3 9
14 8
69 5
17 9
74 6
33 3
22 1
35 5
10 9
25 4
12 7
75 6
27 6
38 3
30 6
72 10
36 1
68 5
15 1
62 6
13 2
65 4
66 9
60 8
14 6
12 7
5 4
36 1
40 4
9 4
74 10
23 2
54 3
47 6
39 8
75 7
52 4
3 1
4 10
18 7
36 9
54 6
19 3
23 10
58 1
20 10
8 5
25 5
73 4
65 10
3 5
12 7
32 5
50 3
37 5
6 10
40 7
32 4
13 1
4 6
7 4
75 2
26 7
47 2
56 6
37 5
7 6
42 5
11 8
24 8
35 2
52 10
1 4
43 3
31 2
70 3
71 7
15 8
74 2
39 4
25 4
23 3
41 10
45 3
32 10
56 1
27 2
7 5
19 4
21 3
55 6
6 10
39 1
28 5
24 5
5 3
23 3
53 8
71 10
48 7
57 8
17 4
69 7
39 5
5 4
33 6
29 10
15 8
23 4
53 1
41 9
18 3
75 8
44 3
23 10
34 3
26 9
11 3
5 10
33 2
21 7
38 7
21 7
23 4
44 8
27 1
13 5
60 5
19 5
15 6
1 9
27 1
27 1
29 7
34 8
4 3
8 8
68 10
29 8
11 7
33 2
41 6
72 6
10 8
33 9
67 9
4 8
64 6
42 8
56 8
17 7
68 2
29 9
37 6
65 9
18 7
11 2
66 1
15 2
25 2
44 9
57 3
72 6
33 9
31 7
54 5
12 3
17 8
20 7
28 6
72 10
69 10
23 3
59 9
34 3
35 5
7 6
25 5
14 5
67 3
42 8
74 3
26 1
12 8
51 2
6 2
25 6
26 6
40 2
32 9
66 6
16 8
57 9
18 10
63 7
72 4
76 4
62 6
72 2
64 2
60 7
5 3
11 3
41 2
26 3
63 4
18 10
15 8
70 4
30 2
38 4
39 7
61 9
26 6
37 10
37 2
52 2
22 8
16 9
46 6
69 1
5 2
8 2
3 4
61 8
32 4
41 2
40 1
41 10
15 10
4 2
51 3
48 3
22 7
51 6
39 8
33 3
65 7
26 3
58 7
45 5
27 9
38 5
39 10
18 3
22 8
59 7
75 5
56 1
24 4
54 2
73 7
23 1
45 8
48 1
49 4
71 3
56 3
42 10
6 5
3 9
51 5
22 3
47 6
61 5
69 8
1 8
29 6
40 2
54 7
9 1
64 3
3 2
57 8
37 6
49 6
22 10
5 7
31 3
60 6
3 8
7 4
6 3
24 2
37 2
73 1
49 6
30 5
25 2
33 8
37 3
61 8
16 4
3 3
29 4
15 4
41 7
10 4
60 10
71 1
52 5
62 3
75 6
35 4
53 6
76 4
2 2
47 6
1 4
22 10
39 2
46 8
66 4
14 9
13 7
26 2
67 3
66 10
7 7
6 1
33 10
54 10
47 6
56 2
55 10
71 9
60 5
68 1
64 5
43 1
63 5
50 1
25 6
29 1
41 8
63 2
23 5
3 9
14 1
58 10
75 2
32 4
62 4
66 5
46 2
22 1
51 6
49 6
63 2
8 1
57 1
32 2
55 7
71 5
12 4
29 2
60 7
71 9
14 7
