69 60 45
0 1 1 1 0 0 1 1 1 0 1 0 0 0 0 0 1 1 0 1 0 1 0 0 0 0 0 0 0 1 1 0 0 1 1 1 1 1 0 0 1 0 0 0 0 0 0 1 0 1 0 1 1 0 0 0 0 0 0 1 
1 1 0 0 1 1 0 0 0 1 0 1 1 0 1 0 1 1 0 1 0 0 0 0 1 1 0 0 1 1 1 0 1 0 1 0 0 1 1 1 0 1 1 0 0 0 1 1 0 1 0 0 1 0 0 1 0 1 1 1 
0 0 1 0 1 0 0 0 0 1 1 0 0 1 0 0 0 0 0 1 0 1 0 0 0 0 0 1 1 0 1 0 1 1 0 1 0 1 1 1 0 0 1 0 0 0 1 0 1 0 0 1 1 1 0 0 0 1 1 1 
1 0 0 0 0 1 1 0 1 1 0 1 0 0 0 1 1 1 0 1 0 0 0 1 0 1 0 1 1 1 0 0 1 1 1 0 1 0 0 0 0 0 1 0 0 0 1 0 0 1 0 0 0 0 0 0 1 1 1 1 
0 1 1 1 1 1 0 0 1 1 1 0 1 0 0 1 0 1 0 0 1 1 0 0 0 1 1 0 1 1 0 0 0 0 0 1 1 0 1 1 0 0 1 1 1 1 1 1 0 0 1 0 1 1 0 0 0 1 1 0 
1 1 1 1 1 1 1 0 0 0 1 0 0 0 0 1 1 1 1 1 0 0 1 1 1 1 0 1 0 1 0 1 1 1 0 0 0 1 1 1 1 1 1 0 0 1 0 1 0 0 1 0 0 1 1 0 1 1 1 0 
0 0 1 0 1 0 0 0 0 0 1 1 0 0 1 0 1 1 0 1 0 1 1 0 0 0 0 0 0 0 1 1 0 1 0 0 0 0 1 0 1 1 1 1 0 1 1 1 1 0 0 0 0 0 1 1 0 1 0 1 
1 0 0 1 0 1 0 0 1 1 1 1 0 0 1 0 0 0 0 0 1 0 1 0 1 1 0 0 1 1 1 0 0 1 0 1 0 0 1 1 1 1 1 0 0 1 1 1 0 1 0 1 0 0 1 0 1 0 0 1 
0 0 1 1 1 1 0 0 0 1 1 1 1 0 1 1 1 0 1 1 1 0 1 1 0 1 0 1 0 1 1 1 0 1 0 0 1 0 1 1 0 1 1 1 1 0 1 1 1 1 0 0 0 1 1 0 1 1 1 1 
1 0 1 1 1 1 0 0 1 0 1 0 1 0 1 0 1 1 0 0 1 0 1 1 1 0 1 0 0 1 0 1 1 1 1 1 1 0 1 0 0 0 0 0 0 1 1 1 0 1 0 1 0 1 0 0 1 0 1 0 
0 1 0 1 0 1 0 1 1 1 0 0 0 0 0 1 0 0 1 1 1 1 0 0 1 0 1 1 1 1 1 1 0 1 1 0 0 0 0 0 0 0 0 0 1 1 0 0 1 1 0 1 0 1 0 0 0 0 1 1 
1 0 1 1 1 1 1 0 1 1 1 0 0 1 1 1 1 0 1 1 1 0 1 0 0 0 0 0 1 1 0 1 0 1 1 0 1 1 1 0 1 0 1 0 0 1 1 1 0 1 0 1 1 1 0 1 0 1 1 1 
0 0 0 1 0 1 0 1 0 1 1 1 1 0 1 1 1 0 1 1 0 0 0 1 0 1 1 0 1 0 1 0 1 0 0 1 0 0 1 0 1 0 1 0 0 0 0 1 1 0 1 0 1 1 0 0 0 0 0 0 
1 1 1 1 0 1 0 0 1 1 1 0 1 0 0 0 0 0 0 0 1 1 1 1 1 0 1 1 0 1 0 1 0 1 1 1 1 1 1 0 1 0 0 0 1 0 0 1 1 1 1 0 0 1 0 1 0 0 0 0 
1 1 0 1 1 1 1 1 0 1 1 0 1 0 0 1 1 1 1 0 1 1 1 1 0 1 0 1 1 0 0 0 0 0 0 1 1 1 0 0 1 0 0 1 1 1 0 0 1 1 0 1 1 0 0 0 0 1 1 0 
1 0 1 1 1 0 0 0 1 0 0 1 1 0 1 0 0 0 0 0 1 0 1 1 1 1 1 0 1 0 0 0 1 1 1 1 0 1 0 0 1 0 1 1 1 0 0 0 1 1 0 0 1 1 1 0 1 0 1 1 
1 0 1 0 1 1 1 1 0 1 1 0 1 1 0 1 0 0 1 0 0 0 1 1 1 1 0 1 0 1 0 0 0 0 1 1 0 0 1 0 0 1 1 0 0 1 1 0 0 0 1 1 0 1 1 1 0 0 0 1 
1 0 0 1 1 0 0 0 0 0 1 1 1 0 0 1 1 0 0 1 1 0 0 0 0 0 1 1 1 1 0 0 0 1 0 0 1 0 0 0 1 1 0 1 1 0 1 1 1 0 0 0 0 0 0 1 0 0 1 1 
1 0 0 1 1 1 0 1 1 1 0 0 1 0 0 0 1 0 0 1 1 0 1 0 0 0 0 1 1 0 1 1 0 1 1 0 1 0 0 1 0 1 0 1 1 1 1 0 0 0 0 0 1 0 0 0 0 1 1 0 
0 0 0 1 0 0 1 0 0 1 1 0 0 1 0 0 1 1 0 1 0 0 1 0 1 1 1 1 0 1 1 0 1 1 0 1 0 1 0 1 0 0 1 1 1 1 1 0 1 1 0 0 1 0 1 1 0 0 0 0 
1 1 0 0 0 1 1 0 1 0 1 0 1 0 1 0 0 0 0 1 0 1 1 1 0 1 1 0 1 1 0 0 0 0 0 1 0 0 0 0 0 1 0 0 0 1 1 0 0 0 1 0 1 1 1 0 0 1 1 1 
0 0 1 0 1 0 1 1 0 0 0 0 0 0 1 0 0 1 1 0 1 1 0 0 0 1 0 1 1 1 0 1 0 1 0 1 1 1 0 1 1 1 1 1 1 0 1 1 1 0 0 1 0 1 1 0 0 1 0 1 
0 1 0 1 0 0 1 1 0 1 0 1 0 1 1 1 1 1 0 1 1 1 0 0 0 0 0 1 0 0 0 0 0 0 1 0 0 0 0 1 0 0 1 1 1 1 0 0 1 1 0 1 0 0 1 0 1 1 0 1 
0 1 1 1 0 0 0 1 0 0 0 1 0 1 1 0 0 1 0 1 0 0 0 1 1 0 0 0 0 0 0 1 0 0 1 0 0 1 1 1 1 0 1 1 0 0 1 1 0 0 0 1 0 0 0 0 0 0 0 0 
1 0 0 1 1 0 0 0 0 1 0 1 1 1 1 0 0 1 1 1 0 1 1 0 0 1 1 0 1 0 0 1 1 1 0 0 0 1 1 0 1 0 0 0 0 1 1 1 0 1 1 1 0 0 1 0 1 1 1 0 
1 0 0 1 1 0 0 0 0 1 0 1 0 1 0 0 0 0 1 0 1 0 0 1 1 1 0 0 1 1 0 1 1 0 0 0 1 1 1 0 0 0 1 0 0 0 0 0 0 0 1 0 0 0 1 1 0 0 0 0 
0 1 1 1 1 0 0 1 0 0 0 1 0 0 1 0 1 0 0 1 0 0 0 1 1 1 1 0 1 1 0 1 1 0 0 1 0 1 0 1 1 1 1 0 0 0 0 0 0 1 0 0 1 0 0 0 1 0 1 0 
1 1 1 0 1 0 0 1 0 0 1 0 0 1 0 0 1 0 1 0 1 0 0 0 0 1 0 1 1 1 0 0 0 0 1 0 1 0 1 0 0 1 1 0 1 0 1 1 0 1 0 1 1 1 1 0 0 1 0 1 
1 0 1 1 1 0 0 0 0 0 1 0 1 1 0 0 0 1 1 0 1 0 1 0 1 1 0 1 1 1 0 1 0 0 1 0 1 0 0 0 0 1 1 0 1 0 0 0 1 1 0 1 1 1 1 0 1 0 1 0 
1 1 1 1 0 1 1 0 0 0 0 1 1 1 1 1 1 0 0 1 1 0 0 1 1 0 0 0 0 1 0 0 0 1 1 0 0 1 1 1 1 0 0 1 0 1 1 0 0 1 0 0 1 0 0 0 1 1 0 1 
0 0 1 1 0 0 0 0 1 0 1 0 1 0 0 0 0 1 0 0 0 1 0 0 0 1 1 0 0 0 0 0 0 0 1 0 1 1 1 0 1 0 1 1 0 1 1 1 1 0 0 1 0 0 1 0 1 1 1 1 
1 0 0 0 1 1 1 0 0 0 1 0 1 0 0 1 0 1 0 0 0 0 1 0 1 1 0 1 0 1 0 0 0 0 0 0 1 0 1 0 0 0 0 1 0 1 0 0 1 0 1 1 0 1 0 1 1 0 1 0 
1 0 1 1 0 0 1 0 1 0 1 1 0 1 0 0 0 1 1 1 0 1 0 0 1 1 1 1 1 0 0 1 0 0 0 0 0 1 1 1 0 0 1 1 0 1 1 0 1 1 0 1 1 0 1 0 0 0 1 0 
1 0 0 1 0 0 1 0 0 1 1 0 0 1 1 1 1 0 1 0 0 1 0 1 0 1 0 1 0 1 0 1 0 0 1 0 0 0 0 1 0 0 1 0 0 1 0 1 1 0 1 1 0 1 1 0 0 0 1 0 
1 1 0 1 1 0 1 0 1 0 0 0 1 0 1 0 1 1 1 0 1 1 0 0 0 1 1 0 0 1 0 1 0 0 0 0 0 1 0 0 1 0 0 0 0 1 0 0 1 1 0 0 0 1 0 1 1 1 1 0 
0 1 1 1 0 1 0 1 0 0 1 1 0 0 1 0 0 0 0 1 1 1 1 0 0 0 1 1 1 1 1 1 0 1 0 1 1 0 1 0 0 1 1 1 1 1 0 1 1 1 0 1 1 1 1 1 0 0 1 1 
0 1 1 0 1 1 1 0 1 1 1 0 0 1 0 0 1 1 0 1 1 1 0 1 0 1 0 0 0 0 1 0 1 0 1 0 0 0 1 1 1 0 0 1 0 0 0 1 0 1 0 1 0 1 0 1 1 1 0 0 
1 0 0 1 1 0 0 0 0 0 1 0 0 1 1 0 1 0 1 0 1 0 1 0 0 1 1 0 0 1 0 1 0 0 0 1 0 1 1 1 0 1 1 0 1 0 0 0 0 1 0 0 1 0 0 1 1 1 1 1 
0 1 0 0 1 0 1 1 1 1 0 0 0 1 1 1 0 0 1 0 0 1 0 0 1 1 1 0 1 1 0 1 1 1 1 0 1 0 1 1 1 0 1 0 0 0 0 0 0 1 1 1 0 0 1 1 1 1 0 1 
0 1 1 1 0 0 1 0 1 0 1 0 0 0 0 1 1 0 0 1 0 0 0 1 0 0 1 0 1 0 0 0 0 0 0 1 0 0 0 1 1 0 0 0 1 1 0 0 0 0 1 1 0 0 0 1 0 0 0 0 
0 1 1 1 0 1 1 0 1 1 1 0 0 1 1 1 1 0 0 0 0 0 0 1 1 1 0 1 1 0 1 0 1 1 1 1 1 0 1 0 0 1 0 0 0 1 1 0 0 1 0 0 1 1 1 1 1 1 0 0 
0 1 0 0 1 0 1 0 0 0 0 1 0 0 1 0 0 0 1 0 1 1 0 1 1 0 0 0 0 1 1 0 1 0 1 1 0 1 0 1 1 1 1 0 1 0 1 1 1 0 0 1 0 0 0 0 0 1 0 0 
1 0 1 0 1 1 1 0 1 0 0 0 1 1 0 0 0 1 1 1 1 1 1 1 0 1 0 0 0 0 1 0 0 0 0 1 1 0 0 0 0 1 0 1 0 0 1 1 0 0 1 1 1 1 1 1 0 0 1 1 
1 1 0 0 1 0 1 1 1 1 1 0 0 0 1 1 0 0 1 1 1 1 1 0 0 0 0 1 0 1 0 0 1 0 1 1 0 0 0 1 0 0 0 1 0 1 0 1 1 0 0 1 0 0 1 1 0 0 0 0 
1 1 1 1 0 0 0 0 0 0 0 1 1 0 1 0 0 1 1 1 0 0 1 0 1 1 1 1 1 0 1 0 1 0 0 0 0 1 0 0 0 0 1 0 0 1 1 0 1 0 1 1 1 1 0 0 1 0 0 1 
1 0 0 1 1 1 0 0 0 1 1 0 1 0 1 0 1 1 0 0 1 1 0 0 0 0 1 0 1 1 1 0 0 1 0 0 0 1 1 0 1 0 1 1 1 0 1 0 1 0 1 0 1 1 0 0 0 1 1 1 
1 0 0 1 0 0 1 0 0 0 1 0 0 0 1 0 0 0 1 1 1 0 0 1 0 0 0 0 0 0 0 0 0 1 1 1 1 1 1 1 0 0 1 0 1 1 0 1 1 0 1 0 0 1 1 0 0 0 0 1 
0 1 0 0 0 1 0 0 1 0 0 1 1 1 1 1 0 1 1 1 1 1 0 0 1 1 1 0 0 1 0 0 1 0 0 1 0 0 0 1 0 0 1 1 1 1 0 1 0 0 1 1 0 1 0 1 0 0 0 0 
1 1 1 0 0 0 0 1 1 1 0 1 0 1 0 1 1 0 0 1 0 0 1 0 1 0 1 0 1 0 0 1 1 0 1 0 1 0 0 1 1 1 0 1 1 0 1 0 0 0 1 1 0 1 0 1 1 0 0 1 
1 0 0 0 1 0 0 1 0 0 1 1 1 0 0 0 1 1 1 1 0 0 0 1 1 0 1 1 0 1 1 1 1 0 1 1 0 0 1 1 0 1 0 0 0 0 0 0 1 1 1 1 0 0 1 1 0 1 1 1 
1 1 1 0 1 1 0 1 0 0 0 1 0 1 1 1 0 0 0 0 0 0 1 1 1 0 0 1 0 0 0 1 1 0 0 1 0 0 0 1 1 0 0 0 1 0 0 1 0 1 1 0 1 0 1 1 1 0 0 0 
1 1 0 0 0 1 0 1 1 0 0 0 0 0 1 1 0 0 1 1 1 1 0 1 0 1 0 0 0 0 1 1 1 0 1 1 1 0 0 0 0 0 1 1 0 0 1 1 1 1 0 0 1 1 1 1 1 1 0 0 
1 0 1 1 1 0 0 1 1 0 0 1 0 0 0 1 0 0 1 1 0 0 1 1 0 1 0 1 1 1 1 0 1 0 1 0 0 0 0 1 0 1 1 0 0 1 0 1 0 0 1 0 0 1 0 0 1 1 0 0 
1 1 1 0 1 0 1 1 1 0 1 0 0 0 1 0 0 1 1 0 0 1 1 1 0 1 0 0 1 1 1 1 1 0 1 1 1 1 0 1 0 1 1 1 0 1 0 1 0 1 1 1 0 1 0 1 0 1 0 0 
1 1 1 1 0 1 0 0 1 1 1 1 0 1 0 1 1 1 1 0 1 1 0 0 1 1 1 0 1 1 1 1 0 1 1 0 1 0 0 0 1 1 1 0 1 0 0 1 0 0 0 0 0 0 1 0 1 0 0 1 
0 1 1 0 0 1 1 1 0 1 1 0 1 0 0 0 0 0 0 1 1 1 1 0 0 0 0 0 0 0 1 1 1 1 0 0 1 0 0 1 0 0 1 0 1 0 1 0 0 1 1 0 0 0 1 1 0 0 1 1 
1 1 0 1 1 1 1 0 0 0 0 1 0 1 1 1 1 1 1 0 1 1 1 1 1 0 0 1 0 0 0 0 0 0 1 0 1 0 1 1 0 0 1 1 0 1 1 0 1 0 0 1 0 1 0 1 0 1 0 1 
0 1 1 0 0 0 1 1 1 1 1 1 1 1 0 1 1 0 1 0 1 1 0 1 1 1 1 1 1 1 0 1 1 1 1 0 0 1 1 1 0 0 1 1 0 0 1 1 0 1 0 0 0 1 0 1 1 0 0 0 
0 0 0 0 0 1 1 0 0 0 1 0 0 0 1 1 0 0 0 1 1 0 1 1 1 0 0 0 1 1 1 1 1 0 1 0 1 1 0 1 1 1 1 1 0 1 1 1 1 1 0 0 0 0 0 0 1 1 0 0 
1 0 1 0 0 0 1 0 1 1 0 0 0 0 1 1 1 1 1 0 0 0 0 0 0 1 1 0 0 0 1 0 0 1 0 0 1 1 0 1 1 1 1 0 0 1 0 1 1 0 0 1 0 0 0 0 0 0 0 0 
0 1 0 0 1 1 1 1 0 1 1 1 1 1 0 0 1 0 1 0 1 1 1 0 1 1 0 0 1 1 1 0 0 0 0 1 0 1 0 1 1 1 0 1 0 0 1 1 1 1 0 1 0 0 1 0 1 0 0 0 
1 1 0 1 1 1 1 1 0 1 1 1 1 1 0 1 1 1 0 0 1 0 1 1 0 0 1 1 1 1 0 0 1 0 1 0 0 1 1 1 0 0 1 0 1 1 1 0 0 0 0 1 0 0 0 0 1 1 1 0 
0 0 1 0 0 1 0 0 1 0 0 0 0 0 0 0 1 1 1 0 1 0 1 1 1 1 0 1 1 0 1 1 1 1 0 1 0 0 1 0 1 1 0 1 0 1 1 1 0 1 1 0 1 1 0 0 0 0 1 0 
0 1 1 1 1 0 1 0 0 1 0 1 1 1 0 1 1 1 0 0 1 1 1 1 1 1 1 1 1 0 1 0 0 0 0 1 0 0 0 0 0 0 1 0 1 0 0 1 0 0 1 1 0 0 1 0 0 0 0 0 
0 1 1 1 1 1 1 0 0 1 1 1 1 1 0 0 0 0 0 0 0 0 1 1 0 0 0 0 1 0 0 0 1 1 0 0 1 0 0 1 0 0 1 0 0 0 0 1 0 0 0 0 0 1 0 1 1 0 0 1 
0 0 1 0 0 1 0 0 0 0 1 0 1 0 1 0 1 1 0 0 1 1 1 0 0 1 0 0 0 1 1 0 1 0 1 0 0 0 1 1 1 1 1 0 1 1 1 0 0 1 1 1 0 1 1 1 0 1 1 1 
0 1 0 1 1 1 1 1 0 0 0 0 1 0 0 1 1 1 1 1 0 0 1 0 1 1 0 0 1 1 0 1 1 0 1 1 1 0 1 1 1 0 1 1 1 1 0 1 0 0 1 1 0 0 0 0 0 1 1 0 
0 0 0 1 0 1 1 0 1 1 1 1 1 0 0 1 1 1 1 1 0 0 1 1 1 1 1 0 1 1 1 0 1 1 1 1 0 1 0 1 0 0 0 1 1 0 1 0 1 0 0 0 0 0 0 1 0 1 0 0 
1 1 0 1 1 0 1 0 1 0 0 1 1 1 1 0 1 0 1 1 0 0 0 0 1 1 1 0 1 0 1 1 1 1 0 1 1 1 0 0 0 1 0 0 0 0 0 1 0 0 0 1 1 0 1 1 1 1 0 0 
46 60
57 31
13 14
6 28
19 55
67 1
55 54
32 24
66 23
5 27
37 48
48 52
11 43
69 56
34 32
63 17
52 43
33 31
22 6
34 59
36 53
33 27
55 59
1 31
54 10
50 6
54 56
1 25
49 46
64 6
13 28
11 56
14 57
19 16
27 49
46 31
39 46
38 58
17 41
1 55
2 6
23 59
58 4
23 48
33 21
