49 40 16270
1 0 0 0 1 0 0 0 1 0 0 0 0 1 0 1 1 0 0 1 1 1 1 1 0 0 1 1 1 1 0 1 0 0 1 0 0 0 0 0 
1 1 0 0 0 0 0 1 1 0 0 0 0 0 1 0 0 0 1 0 0 0 0 1 0 1 0 1 1 1 0 0 1 0 1 0 1 1 1 1 
1 1 0 1 0 1 1 0 0 1 0 0 1 0 1 0 1 1 0 0 0 0 1 0 1 0 0 1 1 1 1 0 0 0 1 0 1 0 0 0 
0 1 0 0 0 1 1 1 0 1 1 1 1 1 0 1 1 1 0 0 1 0 0 0 0 1 1 1 1 0 0 0 0 1 0 0 0 0 0 0 
1 1 0 1 0 0 0 0 1 1 0 0 1 0 1 1 0 0 1 1 0 0 0 1 0 1 1 1 1 0 1 0 0 0 1 1 1 1 0 1 
1 0 1 0 0 1 0 0 0 0 0 1 1 0 0 0 0 1 0 0 0 1 1 0 1 0 1 1 1 0 0 1 0 0 1 0 0 0 0 0 
0 1 1 1 0 0 1 1 0 1 0 1 1 1 0 0 0 1 0 0 0 1 1 0 0 0 1 0 0 1 1 0 0 1 1 0 0 0 0 1 
1 0 0 0 1 0 0 1 1 0 1 0 0 0 1 1 0 1 1 1 0 0 1 1 1 1 0 1 0 0 1 0 1 1 1 0 0 1 0 1 
0 1 1 0 1 0 1 1 1 0 1 0 0 0 1 1 1 1 1 1 0 1 1 1 0 0 0 0 0 0 0 1 1 0 1 1 1 0 1 0 
1 1 0 1 0 0 0 0 1 0 1 0 0 0 0 1 0 1 0 1 1 1 1 0 1 0 0 1 0 1 0 1 0 0 1 1 0 0 0 1 
1 0 1 0 1 1 1 0 1 0 1 1 0 1 1 1 0 1 1 1 0 1 1 1 1 0 0 0 1 0 1 1 0 1 1 0 0 0 0 1 
0 0 0 1 1 1 0 0 0 1 0 1 0 1 0 0 1 1 1 1 1 1 0 0 0 0 1 1 1 0 0 1 0 0 0 0 1 1 0 1 
1 1 0 0 0 1 0 1 0 1 1 1 1 1 1 1 1 1 1 0 1 1 0 0 1 0 0 0 0 1 1 0 1 1 1 1 1 1 1 1 
1 1 1 0 1 0 1 1 1 0 1 1 0 1 1 0 0 0 1 0 1 0 0 1 0 0 1 0 0 0 0 0 0 1 1 1 0 0 1 0 
0 0 0 0 0 1 0 0 1 0 0 0 0 0 0 0 0 0 1 0 1 0 1 0 1 0 0 1 0 0 0 1 1 0 0 0 1 1 0 1 
0 0 0 1 1 1 1 0 0 1 0 0 0 1 1 0 0 0 0 1 1 1 1 1 0 0 0 0 1 1 0 0 1 1 1 0 1 1 0 0 
0 0 0 0 0 1 1 1 1 1 1 1 0 1 1 0 0 0 0 1 0 0 0 0 0 0 0 1 1 1 1 1 1 1 1 1 0 1 0 0 
0 0 1 1 1 0 1 0 1 0 0 0 1 0 1 1 1 1 1 0 1 1 0 1 1 1 0 0 0 0 1 0 1 1 1 0 1 0 1 0 
0 0 1 1 0 0 0 1 1 0 1 0 0 1 1 1 1 0 1 1 1 0 0 1 0 1 1 1 0 0 0 1 1 1 0 0 0 0 0 1 
0 0 0 1 0 1 0 1 1 0 1 1 1 1 0 1 0 0 0 0 1 1 1 0 1 0 1 0 0 0 0 0 1 1 0 1 1 1 0 1 
0 0 1 0 0 1 1 1 1 0 0 0 0 0 1 0 0 1 0 0 0 1 1 0 1 1 1 0 1 0 1 1 0 0 0 1 0 1 1 0 
1 0 0 0 1 0 1 1 1 0 0 0 0 1 0 0 0 1 0 1 0 1 1 0 0 0 1 1 1 0 1 0 0 0 1 0 0 0 0 1 
0 1 1 1 0 1 1 1 0 1 1 1 0 1 0 0 0 1 1 0 1 1 0 0 0 0 0 1 1 1 1 1 0 1 0 0 0 1 1 1 
1 0 0 0 1 0 1 1 1 1 1 1 0 1 1 1 1 1 0 0 1 0 0 0 1 1 0 1 1 1 0 1 1 0 1 0 1 0 1 0 
1 0 0 0 0 1 1 1 1 1 0 1 0 0 0 0 0 1 0 0 0 0 0 0 1 1 1 1 1 0 1 0 0 1 0 0 0 0 0 0 
1 0 1 1 1 1 1 0 0 1 1 0 1 0 0 0 1 0 1 1 1 0 0 1 0 0 0 0 0 1 0 1 1 1 1 0 0 1 0 1 
0 1 1 1 1 1 1 1 0 1 0 1 0 0 0 0 1 0 1 0 0 1 0 0 1 0 1 1 0 0 1 1 1 1 1 1 0 0 1 0 
0 0 1 0 1 1 1 0 0 1 0 1 0 0 0 1 1 0 1 1 1 1 1 1 1 0 1 0 0 1 0 1 0 0 0 1 1 1 0 1 
0 1 0 0 0 0 1 0 1 1 1 0 1 1 1 0 1 1 0 1 1 0 1 0 0 1 1 1 1 1 1 1 1 1 0 1 0 0 0 0 
1 1 0 1 1 0 1 0 1 0 0 0 0 0 0 1 1 1 1 0 1 1 1 1 0 1 1 1 0 0 0 1 1 1 1 0 1 0 0 1 
1 1 0 0 1 1 0 1 1 1 0 0 0 1 1 1 1 0 1 1 1 0 0 0 1 1 0 0 0 1 0 0 1 1 1 0 1 0 1 0 
1 1 1 1 1 0 0 1 0 0 1 1 1 1 0 0 1 1 1 0 0 0 0 0 1 0 0 1 0 1 1 1 1 0 1 0 0 0 1 1 
1 1 0 0 0 1 1 0 0 0 1 1 0 0 0 0 1 0 0 1 1 0 1 1 0 0 1 0 0 1 0 0 0 0 1 1 0 1 1 0 
0 1 0 1 0 1 1 0 1 0 1 0 0 0 0 0 0 1 0 0 1 0 0 0 1 1 1 0 1 1 0 0 1 1 1 0 0 1 0 1 
1 0 0 0 1 1 0 1 1 0 0 0 1 0 1 0 1 0 1 1 1 1 1 0 1 1 1 0 0 0 0 0 1 1 1 1 1 0 1 1 
1 1 0 0 0 1 0 1 0 0 0 1 0 0 1 0 0 0 1 1 0 0 0 1 0 1 0 1 1 1 0 0 0 1 0 1 1 1 1 0 
1 1 1 1 0 0 1 0 0 1 0 1 1 0 0 1 0 0 0 1 1 0 1 1 0 0 1 0 0 0 1 1 1 1 1 1 1 1 0 0 
1 1 1 1 1 1 1 0 1 1 0 0 0 0 1 1 1 0 1 0 0 0 1 0 0 1 0 0 0 0 0 0 0 1 1 0 0 1 0 1 
1 0 0 1 0 1 1 0 0 0 1 1 0 0 1 1 0 1 1 1 1 1 1 0 1 1 0 1 1 0 0 1 0 1 0 0 1 1 0 1 
1 0 0 1 0 1 0 0 0 0 1 1 1 0 0 1 0 1 1 0 0 1 1 0 0 1 1 0 1 0 1 1 0 0 0 0 0 1 0 1 
1 0 1 0 1 0 1 0 1 1 1 1 0 0 1 1 1 1 1 1 0 1 0 0 1 1 1 0 0 0 0 1 1 1 0 0 0 0 1 0 
0 0 1 1 0 1 0 0 0 0 1 0 0 1 0 0 0 0 0 1 0 0 0 1 1 0 1 0 1 0 1 1 1 1 0 1 0 1 0 0 
1 1 1 0 1 0 1 0 1 0 1 1 0 0 1 0 1 1 1 1 0 0 1 1 0 0 1 0 1 0 0 0 0 1 1 1 1 0 0 1 
0 1 1 0 0 1 0 0 1 0 0 0 0 0 1 1 1 1 1 1 1 0 0 0 1 1 0 0 0 0 1 0 1 1 1 0 1 1 0 1 
1 0 1 1 0 0 0 0 0 0 1 0 1 0 1 1 0 0 1 1 1 0 1 1 1 0 0 0 1 0 0 0 1 0 1 1 0 0 0 0 
0 0 1 1 1 1 1 0 1 1 0 1 0 0 1 0 0 0 1 1 0 0 0 0 1 0 1 1 1 0 0 0 1 1 0 1 0 1 0 1 
0 0 1 1 1 1 0 1 1 0 1 0 0 0 1 0 1 0 0 1 1 0 1 1 0 1 0 1 1 0 1 1 1 1 1 1 0 1 1 0 
1 0 1 1 1 0 1 1 1 0 1 1 0 0 1 1 0 1 1 1 1 0 1 1 1 0 0 0 1 0 0 1 1 0 0 0 1 0 1 1 
0 0 1 0 1 0 0 1 0 0 0 0 1 0 0 1 0 0 1 1 1 1 0 0 0 0 0 0 0 1 1 0 0 1 1 1 0 1 0 0 
45 20
4 19
27 16
12 2
15 24
29 5
33 11
22 30
44 29
14 11
27 30
49 25
20 25
31 13
44 16
4 26
39 18
16 31
46 9
20 36
27 24
46 36
30 27
18 17
13 1
44 32
9 33
15 6
19 24
28 13
1 21
6 29
48 10
19 5
37 1
24 39
20 22
48 30
36 14
37 30
10 40
24 39
26 37
30 7
2 36
44 23
32 23
17 19
33 34
48 5
39 1
44 21
49 8
4 20
22 16
49 18
38 26
22 31
35 2
30 33
25 22
45 18
45 32
32 22
3 19
7 15
35 8
2 35
45 6
38 21
47 8
44 38
40 26
3 7
25 36
9 26
13 27
12 26
9 17
22 30
38 22
37 40
28 4
23 12
23 10
33 38
15 13
12 33
26 4
28 5
36 3
47 34
27 8
40 26
3 4
30 20
33 16
18 8
42 5
28 16
2 6
26 32
47 11
10 9
16 29
5 38
16 34
7 11
9 38
27 29
27 10
45 8
31 28
37 2
41 32
41 1
34 3
25 12
19 30
39 16
27 30
37 21
33 39
8 3
9 1
18 30
13 14
42 20
3 16
31 24
41 11
22 17
34 18
28 16
37 32
11 27
49 2
31 32
6 5
33 6
43 21
10 31
30 14
36 29
43 6
31 37
1 38
16 1
41 36
47 40
30 33
34 38
31 31
18 9
38 6
15 13
27 22
12 22
36 1
29 26
34 20
1 13
27 28
48 29
22 20
29 6
48 14
9 6
36 15
38 40
19 4
25 25
29 6
24 14
6 3
17 22
40 14
16 28
7 31
29 36
34 11
11 18
17 40
44 27
47 33
17 38
18 40
22 32
12 3
35 1
26 11
1 1
9 33
4 5
41 16
46 31
29 18
19 8
37 14
35 9
18 12
16 5
44 40
19 27
49 19
5 6
7 26
25 37
20 17
23 5
17 11
19 39
10 14
29 32
20 6
37 37
20 34
2 31
9 2
43 7
7 26
45 22
12 15
12 38
41 29
31 15
32 11
34 28
14 26
7 22
3 13
27 10
42 3
21 5
16 5
27 34
25 35
26 40
40 2
11 38
11 17
19 26
19 33
14 9
24 3
25 33
9 11
29 31
28 33
17 4
12 39
41 36
28 4
19 35
13 35
33 14
31 1
30 36
43 37
8 10
19 7
1 10
8 21
23 28
4 35
41 18
24 19
41 24
23 16
30 8
44 35
18 30
47 40
14 11
21 34
45 14
40 35
35 31
18 31
18 26
6 23
20 3
23 36
25 39
16 23
26 16
45 34
9 35
7 28
24 27
3 2
11 37
17 16
22 32
16 10
35 32
26 21
23 10
34 18
49 21
49 22
29 27
13 32
33 15
44 13
11 23
14 21
33 35
7 3
27 15
25 10
48 33
38 24
17 12
24 36
39 9
42 7
7 13
41 34
11 5
40 28
31 6
3 21
43 2
37 11
8 23
9 22
40 3
15 6
37 39
5 35
5 23
38 16
1 28
19 21
44 30
30 30
2 29
25 28
32 10
41 11
37 18
46 20
46 11
30 38
4 38
12 33
15 34
39 16
31 39
9 36
44 27
24 25
9 33
33 40
31 28
30 28
32 38
26 33
37 10
27 36
2 22
17 5
2 20
8 24
25 3
33 5
5 36
40 31
13 18
13 31
7 9
38 28
30 31
25 19
13 34
16 28
30 40
48 13
31 37
30 25
12 37
18 34
25 22
20 17
6 9
15 35
6 25
22 33
3 16
43 5
22 3
22 11
3 20
15 25
30 36
37 3
46 26
8 8
38 5
48 32
1 14
13 26
37 32
38 18
12 28
32 13
46 21
38 11
15 17
30 9
38 9
35 10
44 5
6 18
48 10
37 24
40 5
32 13
37 19
41 6
25 4
2 31
17 27
7 19
17 15
38 19
45 14
18 24
47 5
17 23
10 17
45 2
23 29
44 23
3 10
25 22
34 40
16 22
22 29
10 21
7 5
29 14
42 24
1 8
1 21
45 37
26 25
31 8
10 7
48 11
49 34
39 13
14 6
38 35
20 5
17 2
25 40
38 15
22 35
49 34
45 25
16 39
42 19
30 32
18 39
1 20
10 13
19 23
35 34
41 25
28 4
25 14
30 35
2 22
31 31
39 15
5 5
12 31
34 31
5 14
13 27
13 21
16 11
46 20
4 7
43 16
45 4
15 21
43 7
43 2
15 20
5 1
3 3
3 10
33 22
34 16
33 7
26 37
21 8
48 24
18 29
19 27
21 22
13 34
49 26
16 5
12 38
37 28
36 5
30 26
26 32
46 36
36 37
9 3
46 11
16 37
19 14
46 7
14 5
24 2
24 23
21 4
28 12
14 15
11 32
5 12
32 9
1 8
8 8
49 37
11 36
37 37
46 20
7 1
23 5
3 34
11 36
22 38
37 4
41 29
8 13
48 29
16 23
39 20
15 21
11 15
1 36
14 4
46 33
20 21
47 3
37 11
38 5
13 24
14 29
4 27
13 37
46 22
17 39
9 40
43 12
23 25
43 22
15 14
27 16
42 8
17 37
49 19
27 21
18 28
11 14
44 19
24 38
34 36
44 5
6 27
39 16
7 7
49 31
45 16
32 27
3 23
7 28
46 3
34 9
19 2
6 18
33 34
21 5
7 37
19 37
41 13
26 31
3 17
2 10
5 19
7 24
43 18
3 35
34 31
3 2
47 22
20 25
36 40
44 27
16 12
20 28
35 9
28 8
40 6
8 11
1 20
24 19
49 8
33 1
47 34
12 13
22 9
34 27
20 20
41 1
31 17
22 9
14 39
20 6
30 4
43 37
8 25
34 27
16 40
23 7
38 39
45 39
15 28
17 17
44 28
24 9
33 38
41 29
18 16
20 11
41 35
36 19
22 19
29 6
46 33
31 9
17 1
3 9
46 24
36 11
4 37
30 2
16 9
1 17
13 18
18 1
41 36
6 33
47 21
36 15
30 36
39 11
5 36
23 5
20 12
14 6
27 22
25 30
36 29
12 36
12 32
23 30
36 39
42 40
30 7
2 28
31 3
22 26
26 32
15 25
45 32
5 24
28 18
31 40
40 9
14 16
26 38
35 30
49 2
25 18
36 27
37 20
16 1
13 33
24 35
12 12
17 39
28 10
24 27
40 39
21 38
14 38
31 38
31 7
30 28
40 13
46 21
33 12
14 19
28 26
16 36
41 34
48 9
6 6
47 5
44 36
49 14
40 21
8 25
44 4
37 12
49 9
3 25
29 19
41 13
13 40
3 9
14 23
23 9
20 1
11 28
6 32
37 33
29 20
20 34
35 37
5 12
19 22
35 39
11 34
47 7
6 31
43 37
21 35
1 14
14 20
46 18
11 4
20 22
4 14
24 4
11 29
12 15
1 20
42 25
8 23
7 35
1 2
3 5
40 39
29 11
18 8
5 10
42 21
39 7
45 25
19 6
40 7
15 26
6 17
37 5
23 17
24 2
19 37
37 27
28 39
22 27
23 2
48 17
1 15
25 2
21 6
40 38
30 38
35 38
14 30
38 22
18 23
27 28
28 29
29 35
20 20
48 29
40 40
9 14
23 12
39 37
16 23
21 36
34 40
21 9
21 6
29 39
27 39
24 3
11 18
25 11
33 39
3 35
22 2
48 22
29 6
10 27
36 24
8 7
38 10
11 10
6 31
32 27
12 9
34 7
47 29
4 16
46 40
7 9
27 38
26 4
42 6
28 40
24 40
3 17
29 32
22 38
5 28
32 13
29 1
9 19
31 20
11 1
37 17
45 12
38 15
16 21
39 37
22 32
27 37
22 31
35 40
4 9
1 10
30 31
41 3
13 24
11 19
31 16
18 28
10 21
15 24
6 21
45 36
19 15
37 15
19 7
39 24
40 4
45 38
49 38
17 14
6 24
40 33
5 17
2 31
46 4
24 36
3 4
15 28
42 33
13 26
34 15
5 16
26 6
19 26
38 29
47 30
46 24
3 3
32 9
32 4
31 9
41 8
27 5
28 18
36 7
3 39
36 37
28 14
43 16
6 36
41 13
2 4
16 28
6 37
47 16
1 17
16 14
5 25
27 32
34 39
47 22
37 29
6 9
9 10
17 23
29 19
15 4
11 6
4 8
6 16
14 26
43 19
46 27
21 24
38 23
22 39
11 18
49 36
5 18
33 23
49 13
45 40
8 6
37 32
49 29
38 34
12 23
14 8
40 2
20 30
36 27
33 30
14 1
1 37
5 10
9 8
32 36
21 33
39 11
44 37
21 33
22 23
17 9
21 6
8 15
5 24
36 13
30 24
44 23
22 8
35 15
18 11
5 7
38 2
2 15
36 39
30 9
39 28
15 13
29 40
36 35
35 19
44 12
46 36
33 1
35 18
47 16
23 11
11 26
19 10
20 12
44 40
27 12
5 25
14 31
14 31
17 1
9 32
25 22
29 13
49 30
6 3
42 17
10 3
19 36
12 9
12 23
20 8
47 11
21 27
42 20
43 32
37 7
29 3
31 34
6 18
1 21
41 22
42 31
7 4
12 27
49 18
23 7
42 23
14 20
17 13
38 14
10 29
19 30
10 27
34 26
20 34
32 1
37 37
3 3
6 18
1 20
35 2
33 29
1 5
28 31
32 34
1 7
33 29
37 20
31 34
10 18
30 26
24 27
4 29
8 17
30 20
33 28
6 2
37 13
18 35
34 22
28 9
35 7
15 39
16 38
27 39
39 2
11 35
31 28
32 17
16 7
9 22
24 7
10 34
41 37
37 35
16 29
3 24
40 22
6 20
5 7
8 24
41 31
46 26
48 26
3 25
7 38
2 15
14 31
29 5
48 22
43 8
10 37
11 28
17 10
12 13
6 24
44 2
12 24
26 12
29 24
2 19
4 21
47 19
17 40
9 14
24 2
26 11
14 2
29 38
12 40
10 28
28 13
15 3
7 39
23 19
17 31
15 14
12 15
25 31
8 24
5 28
13 27
25 32
8 37
35 33
19 12
47 22
28 3
13 29
22 18
31 35
39 24
30 6
28 19
33 30
6 28
41 21
19 14
21 6
11 5
13 29
27 16
42 12
20 33
38 3
38 1
48 22
48 17
4 35
44 22
7 2
23 15
7 34
44 2
12 30
26 34
44 10
32 16
11 35
18 21
12 8
10 36
3 10
22 19
35 27
32 23
34 4
4 4
17 36
13 37
45 15
43 26
42 3
42 38
35 11
45 12
45 26
24 37
42 35
44 9
13 9
45 40
37 32
18 9
36 28
47 7
11 25
12 27
17 18
5 29
47 38
11 18
13 21
19 4
38 2
39 39
16 34
17 12
46 38
15 22
43 10
14 18
39 20
35 17
36 11
19 38
41 34
22 14
30 36
27 4
48 25
19 27
25 34
30 6
30 1
10 18
15 4
11 37
27 15
34 28
28 31
19 13
39 40
2 25
9 1
35 1
2 31
8 5
44 2
33 30
4 30
26 7
42 12
10 20
48 38
26 22
34 9
7 31
3 37
8 38
34 31
12 21
41 9
17 36
15 13
24 33
22 14
1 19
16 27
22 2
7 1
9 15
43 24
34 23
4 13
7 29
21 37
26 21
45 13
43 33
3 25
3 34
1 14
14 33
39 25
41 32
29 28
47 31
20 23
16 31
31 1
33 5
21 16
1 18
10 5
49 17
44 9
1 29
48 21
3 40
45 7
18 36
44 16
20 29
4 21
44 27
31 32
31 3
42 16
16 28
33 39
46 22
20 38
19 36
25 18
42 26
28 19
19 25
11 11
12 39
24 21
22 14
27 10
29 2
39 29
44 23
30 34
12 33
6 32
16 33
14 10
18 8
18 36
5 14
26 20
45 11
9 23
13 5
47 15
42 35
23 12
30 4
36 3
21 24
28 12
44 31
10 28
1 2
38 35
10 19
38 37
42 10
2 8
6 34
44 28
31 29
9 29
18 11
37 14
35 33
17 7
13 19
22 1
35 12
31 17
29 23
4 25
42 21
14 23
25 35
28 29
24 23
6 24
15 10
20 23
21 10
23 30
4 5
4 18
17 21
31 38
19 29
9 20
24 27
18 11
16 15
21 18
32 37
14 32
48 26
30 38
37 21
39 6
7 25
1 14
30 10
26 17
45 3
5 10
17 27
47 15
37 10
8 32
13 7
10 14
19 2
45 18
13 17
28 31
39 25
3 40
35 34
25 19
47 35
20 31
18 24
28 5
30 10
40 40
47 37
28 29
30 10
43 4
39 12
7 11
37 28
24 5
41 1
35 13
7 38
41 17
25 6
22 9
5 26
21 37
15 22
23 38
26 2
15 12
13 31
19 1
48 39
22 31
27 33
31 8
3 39
28 26
23 32
22 33
13 25
49 15
4 35
29 38
32 13
39 19
49 23
7 25
37 33
13 7
9 30
1 11
34 15
34 26
3 32
35 4
11 18
6 35
15 15
44 5
22 12
12 24
16 27
21 26
23 28
2 38
5 9
16 36
6 31
13 26
2 11
4 33
21 26
34 24
20 16
2 33
14 10
49 1
17 31
16 30
34 31
7 17
10 23
8 38
17 15
32 22
14 19
41 9
25 12
21 8
1 11
31 27
7 17
47 33
7 6
10 39
28 28
26 22
20 25
16 6
33 4
2 37
5 9
6 6
40 28
17 20
30 29
40 25
29 4
33 34
29 22
29 6
49 23
25 19
30 24
48 30
22 4
34 24
28 13
45 6
39 11
49 6
25 3
36 37
14 39
18 39
44 17
39 31
37 26
14 13
29 30
12 25
22 19
12 9
31 1
30 39
18 38
35 25
23 38
31 15
11 19
31 32
43 13
15 8
37 6
29 26
23 39
8 23
22 29
5 20
6 19
15 27
21 29
39 10
29 11
18 17
40 38
17 7
1 24
28 38
20 12
6 24
15 27
8 13
48 18
5 37
13 18
5 33
38 4
18 36
45 10
36 25
30 9
13 29
47 11
38 2
9 14
44 34
25 1
12 21
45 32
35 24
27 40
21 36
20 28
37 7
16 38
4 5
32 40
20 9
43 31
1 19
28 40
7 34
23 39
30 4
12 23
20 21
4 7
38 6
12 26
30 34
42 34
12 4
4 20
34 31
18 14
19 1
37 16
1 18
43 14
19 32
6 9
8 20
31 34
3 27
32 8
25 28
28 11
31 33
38 1
48 33
29 5
1 6
3 31
13 32
44 9
26 27
27 37
28 37
28 13
38 35
38 1
38 27
42 21
49 30
43 27
30 3
19 15
47 24
12 27
1 3
14 20
45 27
3 23
7 18
23 7
1 22
12 24
40 24
21 35
13 28
2 14
38 19
7 15
5 6
9 36
24 10
23 29
15 39
23 1
14 34
15 5
41 34
40 11
31 19
10 21
33 35
27 34
14 1
16 13
21 24
15 40
41 32
1 27
21 37
48 9
2 13
33 39
33 3
27 14
9 40
17 11
2 26
18 29
2 25
2 39
26 24
9 33
21 19
46 15
39 35
42 26
27 17
15 18
5 7
6 37
24 27
28 10
27 22
28 24
37 16
16 34
44 12
15 30
12 39
17 21
42 23
32 25
5 33
41 28
45 1
34 6
22 34
33 39
31 23
47 32
5 20
44 11
15 15
41 22
38 18
42 13
22 29
32 5
4 5
19 34
30 22
21 33
30 5
2 34
23 32
43 39
34 17
47 11
4 27
39 31
38 6
13 17
16 11
36 12
13 4
1 30
33 10
15 26
41 4
15 40
26 14
25 7
14 10
48 6
1 38
31 14
43 6
37 12
42 15
47 17
1 29
38 11
35 33
22 15
35 8
3 27
44 15
16 39
7 28
2 14
41 21
44 22
38 9
36 23
43 11
9 26
13 10
20 33
6 1
48 26
39 40
38 29
1 2
30 38
19 37
19 7
12 6
6 31
26 14
26 15
2 27
26 36
47 19
25 35
10 21
6 36
16 17
48 12
47 5
41 11
45 14
34 38
10 6
14 29
23 26
38 37
18 13
43 29
33 9
32 39
11 37
19 30
49 27
45 25
4 21
47 25
3 17
21 35
6 19
7 12
25 29
14 3
16 22
40 31
42 3
16 39
22 33
46 28
45 16
37 31
33 17
23 32
17 25
10 40
8 20
17 36
48 17
19 39
13 23
40 30
48 39
17 23
10 31
25 25
23 21
13 5
9 37
28 31
17 38
10 13
19 35
14 28
16 3
15 19
45 12
7 27
5 14
39 10
13 19
31 40
15 38
25 25
28 19
48 11
14 2
18 2
32 3
30 39
34 9
32 21
11 8
8 39
25 32
40 7
48 11
25 28
9 3
48 17
39 10
48 7
40 15
27 29
38 8
3 25
33 22
48 6
44 35
21 24
49 21
15 38
27 25
33 31
25 18
11 11
25 26
11 39
27 25
21 34
38 14
9 36
47 14
21 23
17 3
44 8
33 9
12 27
12 37
10 14
30 9
32 39
7 5
17 18
18 27
16 33
42 37
33 32
16 13
25 35
35 40
37 22
47 37
48 9
25 11
1 15
35 38
40 5
27 18
19 15
20 3
45 20
13 17
35 39
40 28
12 26
39 5
43 37
41 11
24 8
11 3
35 36
44 13
48 19
36 16
6 18
21 7
3 29
49 4
15 40
6 40
20 13
7 5
47 40
32 34
38 3
11 26
33 28
38 26
13 39
19 2
44 2
1 32
22 27
9 19
30 27
40 28
45 27
14 3
2 28
45 21
30 30
29 7
6 16
27 19
27 40
1 28
37 19
36 11
13 24
18 33
30 33
14 1
5 26
1 2
45 2
34 4
4 19
38 37
39 15
37 4
39 36
47 5
29 10
18 18
40 34
17 10
9 39
26 34
14 9
19 35
12 24
17 28
3 3
21 23
11 12
47 21
40 12
30 23
29 38
33 20
29 34
23 12
11 25
45 24
6 2
48 24
46 14
45 39
27 5
4 22
22 3
11 23
42 33
39 15
45 13
11 3
45 3
28 4
36 29
37 31
14 26
33 25
23 8
32 28
22 21
46 27
16 20
20 26
42 35
40 39
23 33
20 18
13 40
37 9
48 37
7 4
11 14
4 34
32 24
10 22
34 5
38 13
15 13
22 17
17 16
11 4
9 35
14 16
40 20
11 3
20 8
28 10
18 27
22 26
12 10
26 24
17 5
33 32
32 34
22 22
10 30
30 6
48 10
8 26
20 17
14 4
33 15
25 4
17 12
48 1
36 29
18 34
17 26
1 5
36 21
30 31
20 32
36 11
25 2
45 17
11 18
25 36
23 40
18 2
41 11
30 35
29 4
42 24
10 16
48 6
47 6
24 18
28 7
48 3
13 21
8 31
6 33
24 34
4 3
48 1
4 34
47 34
31 29
25 11
34 24
49 4
11 24
17 39
48 1
17 9
36 29
5 27
11 38
3 35
21 14
27 38
46 17
40 24
40 24
38 27
47 1
10 33
27 13
27 38
46 18
45 34
16 7
13 2
27 17
48 3
30 9
38 1
33 19
37 4
6 32
37 36
8 39
49 24
39 13
28 34
41 27
18 2
2 1
19 5
33 20
29 5
22 5
2 18
19 40
9 16
37 6
6 5
6 27
35 3
2 6
16 31
32 28
12 28
30 36
4 16
27 23
16 1
47 38
20 15
36 8
15 16
49 22
17 19
39 39
31 27
18 5
5 36
36 39
12 16
15 22
10 34
3 26
24 37
1 14
45 8
38 27
31 27
1 37
27 4
40 37
19 1
1 8
17 35
47 18
7 20
45 25
49 16
16 36
14 7
12 37
46 10
41 18
6 24
43 12
40 29
10 36
38 4
10 2
41 12
10 16
7 40
34 11
40 12
36 17
30 7
49 12
1 39
8 7
33 3
37 37
33 27
25 20
16 22
10 25
15 24
29 36
26 24
43 23
21 28
24 36
12 8
25 40
40 29
20 38
29 4
43 3
24 4
3 25
31 29
9 3
46 30
39 29
32 35
27 23
18 21
37 12
11 29
28 27
49 20
46 4
46 22
43 24
11 30
4 27
14 32
48 38
46 37
17 39
10 4
16 4
9 33
27 3
41 40
46 13
11 23
4 36
40 22
37 5
1 19
22 32
3 3
26 33
21 10
10 25
23 17
47 31
37 6
49 9
40 27
20 32
45 6
41 26
25 28
20 34
42 33
27 21
20 6
34 38
10 4
43 9
23 36
25 5
38 23
26 32
44 14
43 33
19 36
9 7
11 5
6 8
27 27
46 17
36 2
37 4
49 12
35 35
12 29
34 33
4 14
22 21
47 31
1 7
38 18
11 8
9 20
28 26
36 10
21 23
26 13
8 17
12 26
22 20
5 33
39 19
2 6
11 29
25 30
36 2
11 34
24 7
18 13
2 36
5 3
22 35
49 25
14 38
5 3
15 26
38 3
25 19
8 8
47 30
34 28
26 11
11 28
2 28
27 1
13 35
1 7
17 2
32 16
7 6
26 35
32 13
39 40
27 4
32 18
44 3
27 22
19 33
21 8
14 24
5 38
32 34
42 24
10 6
31 1
19 23
6 18
2 19
44 19
23 21
21 5
21 30
46 13
1 11
6 22
26 13
34 15
14 16
34 3
24 28
12 31
24 34
27 5
37 20
24 35
36 15
24 4
3 11
17 2
4 38
20 1
1 11
17 25
45 11
32 6
45 37
15 12
16 27
12 14
32 23
22 38
2 1
26 37
29 36
42 31
2 17
38 18
28 3
24 22
36 23
43 23
38 17
22 28
10 18
35 20
37 3
40 29
37 31
5 5
49 15
38 4
45 25
7 23
10 7
19 8
14 20
23 16
18 18
32 13
29 17
49 28
39 36
28 14
7 12
35 17
40 39
42 10
7 7
43 23
15 21
27 10
39 21
28 4
5 34
15 17
23 33
42 3
1 27
16 15
19 30
34 13
41 35
2 23
11 2
29 23
18 9
30 34
19 7
23 19
21 16
40 33
15 11
14 6
32 38
38 17
44 40
16 35
41 6
49 23
26 1
33 18
14 7
25 2
14 38
44 4
17 6
42 26
24 16
16 19
1 1
10 3
19 15
2 38
18 33
22 7
24 27
49 15
20 5
27 7
46 2
17 37
28 28
31 12
17 5
12 36
10 24
16 7
18 1
23 4
16 11
13 24
15 13
5 16
46 34
27 23
24 8
6 34
49 7
24 24
30 20
7 5
20 38
28 12
11 6
11 34
24 25
47 37
30 27
14 40
1 13
21 16
28 33
24 34
35 18
17 2
49 10
46 40
38 3
37 6
26 36
4 25
28 37
30 1
17 29
30 35
22 38
12 11
4 27
28 25
29 16
32 38
44 14
25 27
14 12
36 19
46 19
25 24
49 39
14 35
24 9
30 19
39 23
44 30
27 15
45 11
48 38
20 8
19 2
22 7
6 18
16 26
6 36
28 26
8 13
30 32
1 3
9 22
19 38
38 37
28 13
19 30
48 12
39 6
47 31
41 28
6 1
33 20
33 19
11 33
8 20
24 40
6 13
45 1
23 11
29 25
36 16
16 16
32 6
13 14
38 18
29 15
42 35
32 6
42 29
30 20
45 28
26 1
18 3
20 14
28 1
7 5
5 40
38 33
7 10
11 17
8 20
1 9
29 2
42 21
26 12
47 21
9 9
32 1
43 13
30 21
11 32
25 21
46 12
37 5
38 40
37 30
4 12
2 7
11 16
25 4
48 25
32 11
23 29
40 39
31 31
17 38
9 28
48 7
43 34
6 31
9 24
16 11
4 5
7 25
11 34
15 17
12 20
39 24
48 24
24 38
36 32
5 37
21 18
25 30
41 25
22 36
31 4
42 30
2 29
42 22
26 40
31 12
8 37
3 39
41 8
6 33
40 26
7 13
3 34
7 25
27 13
36 37
33 24
20 37
33 8
29 28
2 26
30 2
40 23
8 12
15 1
6 14
44 17
9 6
22 17
6 36
9 26
2 9
7 38
27 37
40 15
34 6
20 24
1 10
35 8
44 22
42 6
27 27
2 19
11 23
17 22
4 33
14 20
5 7
37 32
38 10
39 16
8 38
12 22
37 21
3 39
15 32
21 36
41 29
13 14
5 29
45 19
34 8
16 32
31 13
45 26
29 1
36 25
16 33
15 14
26 14
46 31
17 13
6 36
14 34
46 33
16 18
34 30
30 34
46 32
39 3
8 36
34 23
16 31
5 40
29 13
6 3
33 2
32 17
44 17
15 33
17 4
29 40
15 11
18 22
5 38
42 18
26 39
35 3
9 35
43 6
26 15
4 38
33 39
1 19
49 2
46 3
4 24
13 5
24 30
27 25
5 12
38 19
9 27
14 38
3 7
21 36
2 29
34 21
7 6
48 31
43 29
7 34
40 17
32 37
32 39
34 25
21 28
45 21
43 5
10 19
25 23
15 20
17 23
25 28
18 19
18 33
13 8
9 8
9 8
39 20
43 39
32 36
44 15
49 19
20 31
36 40
21 9
1 20
22 17
34 10
2 37
44 6
18 28
18 27
30 39
46 12
45 21
36 32
25 23
43 32
9 2
36 17
15 39
48 40
8 17
24 11
18 24
9 40
38 27
1 6
8 1
6 37
5 16
22 34
9 15
42 2
2 31
16 31
1 14
49 24
26 26
39 20
44 33
44 37
23 20
27 18
10 7
17 40
31 17
21 5
4 18
34 39
28 12
22 13
5 27
1 3
48 14
12 13
33 36
46 7
1 2
22 34
39 30
37 2
12 29
8 20
17 19
30 15
19 7
30 20
49 2
29 8
31 31
32 13
28 6
34 6
42 17
44 39
35 29
5 12
43 38
27 22
8 31
18 27
5 11
11 16
19 38
8 30
2 37
34 19
30 14
14 26
17 40
43 19
10 23
18 27
24 14
34 20
25 4
13 29
23 16
47 32
1 14
48 6
7 17
40 37
15 4
10 7
42 29
26 13
47 4
24 23
21 27
33 1
25 21
38 9
49 12
2 32
9 24
9 33
24 24
24 6
10 16
8 1
17 12
28 25
8 13
40 27
2 8
42 19
1 6
6 24
21 19
43 9
40 17
37 18
25 24
38 15
39 39
31 32
8 8
23 37
4 39
30 9
48 9
46 2
45 25
24 13
33 18
32 8
38 26
25 5
17 4
7 38
25 23
35 34
27 24
38 13
12 34
7 27
49 39
31 17
24 12
23 21
47 8
35 38
6 27
31 7
45 3
46 18
28 24
35 13
18 28
28 15
24 14
30 13
12 9
41 36
23 32
19 20
43 8
38 22
45 28
31 13
1 16
28 17
1 11
19 12
38 13
11 24
14 11
38 2
11 15
3 12
11 9
23 6
20 6
45 32
39 18
6 37
31 9
43 32
24 10
46 11
15 20
48 7
37 17
40 32
26 27
36 33
18 28
5 27
33 36
11 27
48 40
29 16
17 37
30 1
14 2
20 23
43 9
10 5
3 36
34 26
3 23
15 23
9 11
12 9
36 11
38 12
45 28
6 31
34 26
1 12
7 16
11 7
45 6
4 4
11 32
2 3
19 30
40 27
2 13
15 22
30 40
39 21
28 15
10 27
23 25
29 3
13 20
22 35
20 29
16 6
30 29
16 11
30 37
2 24
23 9
41 40
12 24
14 13
44 11
17 26
24 12
23 3
34 36
11 34
27 17
38 21
3 38
31 15
12 2
38 1
44 12
11 14
40 5
2 28
40 23
43 6
17 24
8 14
27 13
35 37
5 6
4 9
29 18
48 19
18 33
6 13
29 39
41 26
40 25
17 21
46 12
1 12
46 22
38 28
43 17
12 9
35 2
32 31
31 35
7 8
1 2
39 25
20 33
47 6
11 40
47 10
23 36
18 21
32 13
19 26
42 40
26 18
6 8
24 25
28 26
16 18
14 37
48 33
6 22
49 21
25 29
37 36
10 2
22 37
24 39
7 2
17 35
43 25
33 36
2 11
27 36
41 19
47 6
29 8
36 31
45 11
23 30
20 2
48 10
33 35
3 24
25 1
8 22
30 33
12 2
37 19
45 35
28 10
28 16
33 14
33 26
44 11
8 39
4 11
21 20
29 14
21 18
31 36
47 16
6 29
15 3
6 19
25 35
45 13
22 20
23 1
12 27
42 35
6 21
9 25
37 25
21 33
31 32
44 22
11 30
18 36
1 28
23 1
5 9
14 23
21 26
11 33
10 12
1 2
16 20
33 40
12 7
23 2
7 12
29 5
1 15
28 34
27 23
22 20
17 29
33 20
3 18
23 2
12 10
25 8
38 5
23 29
21 20
5 1
15 8
41 25
2 31
40 40
36 37
11 28
12 11
40 34
28 26
38 25
40 24
3 30
33 4
45 27
26 36
13 17
13 14
2 34
8 17
12 5
12 18
33 26
10 4
11 19
28 38
16 2
43 31
3 29
14 2
42 35
46 34
11 38
4 19
33 29
40 5
6 38
13 32
34 40
30 28
12 4
34 18
34 26
38 10
24 29
45 6
39 12
34 12
2 26
27 6
4 6
17 30
2 18
24 8
6 33
3 12
42 18
17 12
2 39
24 12
2 12
49 5
43 38
34 34
24 36
25 3
27 26
26 37
42 11
32 32
31 7
23 10
49 18
25 28
13 20
47 27
25 37
43 37
5 24
14 32
3 36
35 40
41 4
40 10
6 30
1 33
15 26
32 31
31 23
14 12
33 32
24 4
31 21
27 8
14 14
47 22
28 40
40 11
18 16
21 25
29 1
25 16
14 2
11 18
39 38
29 28
26 24
35 21
44 30
47 20
48 26
5 18
39 14
27 20
39 15
49 29
45 25
17 36
1 30
7 36
18 3
41 9
14 2
19 17
39 16
6 14
32 5
36 8
17 1
15 23
23 22
24 40
12 22
36 8
19 16
17 22
18 6
32 1
24 31
40 37
39 3
48 22
3 29
8 33
33 24
10 33
12 36
21 40
9 36
33 40
30 37
43 33
20 38
45 2
36 13
22 36
18 20
48 25
32 9
21 19
49 13
32 6
10 21
26 13
43 35
10 28
49 29
17 29
31 25
25 30
30 7
25 1
1 40
2 28
31 31
12 34
24 40
30 24
38 13
13 10
30 33
42 4
5 38
26 5
5 8
11 5
17 4
40 9
27 27
39 40
48 8
47 14
14 26
15 18
25 14
20 18
29 37
20 5
49 27
11 39
10 34
47 31
6 11
3 29
45 27
10 1
39 24
37 36
13 10
6 24
19 37
46 9
18 20
2 14
17 31
20 6
29 26
7 12
21 33
30 38
1 28
10 32
38 24
40 12
48 21
30 19
41 7
5 25
10 30
2 7
36 37
40 29
30 2
7 31
16 40
42 6
30 5
45 10
35 13
12 25
26 17
26 34
26 29
44 36
30 20
22 8
21 26
35 32
32 33
20 25
35 20
2 16
27 34
34 5
16 20
23 19
5 18
32 18
9 13
33 13
36 18
40 5
7 39
42 29
11 38
45 27
11 10
6 28
1 5
15 5
17 32
43 29
33 8
12 38
8 27
10 40
30 5
9 32
49 38
28 17
47 33
35 14
24 39
48 11
13 7
15 12
25 28
23 21
10 21
43 5
27 38
28 27
39 2
27 18
29 2
16 26
21 17
20 17
7 21
35 35
47 30
20 20
34 30
31 26
39 39
29 28
43 23
39 16
22 4
11 7
40 9
12 36
28 2
21 13
12 30
22 1
7 34
30 7
26 3
42 22
48 38
5 9
1 12
36 40
4 23
2 30
41 4
17 10
15 39
38 13
34 26
15 7
32 34
10 21
18 39
20 34
3 5
34 21
14 5
37 19
16 23
43 38
34 4
48 1
9 20
6 21
2 13
22 28
27 22
13 2
6 5
6 40
41 23
49 9
13 22
8 15
38 11
26 6
26 18
25 21
11 6
43 37
9 21
34 18
19 27
34 39
5 40
40 27
42 5
10 6
5 40
31 24
30 3
17 33
8 23
33 28
7 18
4 31
20 23
34 27
41 31
10 22
29 27
23 7
22 31
15 25
32 27
38 3
27 10
30 15
43 4
25 3
36 11
2 29
19 7
34 39
47 11
48 21
14 28
47 26
30 20
44 35
37 33
18 24
27 9
13 14
26 34
35 28
46 10
5 2
31 39
26 17
25 27
45 24
21 28
42 30
47 13
24 31
14 12
41 4
43 13
36 30
16 19
27 7
49 40
8 23
42 40
29 4
7 29
13 8
41 4
29 33
27 38
31 17
36 27
47 38
19 13
22 35
48 37
37 18
44 13
30 2
4 40
20 35
47 2
41 23
45 31
30 9
21 13
2 33
12 26
29 2
13 21
42 26
10 29
44 36
9 20
1 9
11 35
38 26
37 25
21 3
1 2
40 5
21 1
32 24
42 4
7 33
29 22
11 8
35 27
35 20
37 1
33 27
32 20
49 23
3 36
36 18
26 32
22 12
12 27
2 39
45 39
13 29
37 8
19 17
24 32
5 34
8 32
12 2
39 34
44 10
40 35
16 13
23 12
22 10
5 39
16 8
16 14
8 32
9 4
7 38
38 1
43 10
8 12
30 4
9 19
40 17
33 4
5 28
13 15
33 9
5 30
30 5
21 9
33 22
38 32
45 12
35 22
21 36
26 22
31 8
13 40
43 20
2 4
28 14
39 22
40 26
7 40
33 21
5 29
17 23
23 28
39 36
32 1
46 6
49 13
17 6
44 40
47 1
6 14
9 22
47 32
5 27
21 30
47 16
44 36
32 29
9 9
2 15
44 21
25 18
43 11
15 39
22 21
35 12
27 9
40 5
25 40
46 22
32 40
34 19
4 20
17 22
25 3
4 11
10 33
17 29
20 3
34 24
2 23
8 11
11 38
39 16
22 12
13 30
29 10
45 2
7 19
26 22
33 33
39 2
37 22
20 37
20 40
45 24
29 9
35 25
43 21
21 30
29 24
37 9
45 22
17 27
11 37
30 14
35 4
7 40
37 24
43 36
16 26
10 40
23 4
5 23
27 9
15 10
34 24
32 7
19 30
26 13
1 5
48 12
17 17
22 11
47 25
18 25
3 26
19 29
17 28
14 2
34 14
41 3
1 22
16 10
37 19
23 2
28 15
36 18
37 15
44 32
44 37
25 29
44 25
38 1
7 37
13 10
32 26
5 35
40 27
10 36
13 24
3 21
14 29
17 40
19 40
11 19
12 19
2 32
6 37
15 29
39 11
16 28
7 19
38 26
41 7
27 11
26 36
31 24
12 20
4 21
30 12
45 26
13 13
37 15
5 12
10 40
20 12
25 1
9 30
37 30
47 38
28 39
32 18
31 26
42 6
28 35
3 33
31 15
25 15
33 4
38 36
44 9
28 39
48 14
8 9
32 20
28 11
27 6
3 7
35 28
46 7
31 8
48 22
11 4
44 1
24 12
14 1
33 31
31 21
44 38
22 24
30 22
30 29
5 26
14 11
45 3
27 25
38 26
10 26
6 16
11 14
47 37
17 26
39 12
38 13
23 2
42 2
4 26
3 3
6 27
28 34
7 28
1 22
13 13
21 30
11 13
43 27
29 11
18 27
47 12
6 22
10 13
46 8
13 16
11 27
35 36
16 8
8 7
36 1
41 6
5 34
49 4
31 8
7 2
16 19
13 23
42 13
25 1
38 7
40 3
2 34
40 37
23 26
5 31
5 19
19 7
39 21
47 37
3 23
36 37
17 39
13 14
40 16
10 20
49 30
5 19
6 27
7 39
43 2
40 29
43 8
24 10
18 11
27 17
2 17
33 1
38 14
45 34
40 30
49 40
32 8
24 35
38 3
21 6
28 35
7 4
15 25
19 21
38 10
30 39
36 40
38 15
34 16
22 40
9 18
25 10
48 16
22 24
22 36
14 13
25 8
4 10
34 15
24 7
1 1
48 18
24 34
8 24
37 15
10 13
22 33
33 15
33 5
17 6
34 5
30 19
22 26
21 6
3 32
27 39
23 16
1 21
3 20
31 29
30 33
1 40
18 29
46 1
10 1
28 27
30 34
26 27
12 35
33 38
30 28
19 31
45 26
44 3
10 19
38 35
14 8
1 1
33 22
33 2
26 17
45 19
39 24
3 19
23 7
23 36
5 16
16 32
31 22
32 26
11 23
21 35
33 8
29 8
45 36
32 23
35 21
47 23
19 23
17 13
45 2
12 21
8 11
9 10
29 25
2 27
10 24
10 38
48 39
3 23
45 34
11 2
43 39
25 23
23 27
22 12
49 32
46 15
23 33
34 29
23 37
15 1
23 25
4 36
20 2
35 5
27 30
21 17
9 36
6 15
45 34
49 8
11 22
40 34
8 39
37 25
29 16
24 32
32 3
30 10
47 14
13 18
29 29
36 14
4 16
26 40
20 6
33 26
28 16
29 4
48 16
48 31
22 2
48 30
8 36
39 26
49 12
9 37
12 39
20 6
4 2
45 12
49 2
46 6
32 13
30 26
47 30
6 40
39 28
34 40
37 19
3 5
24 31
5 38
32 23
43 11
37 1
7 26
42 11
48 31
12 34
22 20
8 38
19 20
29 24
32 35
15 10
1 30
43 9
38 32
28 5
20 13
7 21
44 36
45 28
8 4
43 26
31 15
26 35
33 26
47 36
35 19
28 20
20 15
24 24
1 12
33 2
32 33
27 15
37 27
14 33
20 23
2 34
29 10
1 40
5 13
15 29
4 9
32 8
35 22
13 16
5 6
40 11
17 10
48 19
39 18
19 3
44 10
30 20
5 27
5 9
15 3
48 16
31 4
10 6
17 2
49 30
40 9
46 26
9 16
48 29
26 35
5 30
46 27
24 15
7 10
40 24
47 20
30 17
23 27
29 29
4 24
49 27
18 28
2 35
23 33
20 18
33 30
34 37
33 22
21 11
37 16
21 39
6 7
35 6
19 28
41 13
33 10
35 14
30 4
2 19
24 29
34 35
23 32
2 11
15 14
45 16
21 16
17 12
43 3
23 2
13 2
37 2
17 35
8 17
27 10
42 36
18 4
49 7
9 40
35 33
30 20
8 18
14 28
48 8
18 12
40 30
40 12
1 4
13 39
47 12
49 38
2 9
3 19
26 31
27 32
6 6
12 37
4 22
43 4
18 3
45 21
15 27
31 25
15 9
38 13
38 27
45 24
22 17
3 11
21 25
43 12
25 23
31 36
29 5
45 33
49 32
14 10
6 18
42 11
9 9
21 23
5 40
42 28
30 1
41 10
28 26
36 36
16 5
7 12
14 38
35 37
37 31
12 22
9 28
4 8
26 22
3 20
20 20
23 40
35 15
48 26
18 2
38 35
16 38
36 12
16 8
39 26
35 13
15 5
23 40
14 17
28 32
48 16
28 39
26 6
39 25
16 29
44 30
40 13
22 20
42 37
36 6
10 8
35 26
14 9
32 3
6 29
29 20
1 14
48 9
6 28
36 24
48 2
27 24
12 21
40 13
9 27
47 14
33 28
27 35
1 3
39 33
47 26
37 19
10 29
41 10
13 29
44 24
8 32
35 8
40 15
24 21
47 13
2 7
38 12
43 16
14 25
5 3
4 33
5 33
27 1
30 7
31 2
30 15
40 6
34 23
11 35
35 24
12 8
6 38
23 2
23 34
12 13
3 17
21 4
11 29
1 5
2 7
18 10
40 19
22 11
46 12
42 34
41 35
19 12
20 23
32 14
6 29
39 14
6 31
31 29
44 24
37 33
18 24
11 8
20 37
31 15
32 38
16 8
37 15
26 38
47 10
3 36
5 21
38 9
32 38
14 5
27 6
40 9
8 7
5 22
34 35
39 6
16 23
13 15
25 4
39 14
39 3
29 37
21 34
18 31
24 29
25 35
23 26
14 36
41 2
14 4
23 25
27 35
40 34
12 37
18 19
10 19
23 2
3 23
23 30
23 37
45 6
38 2
3 38
40 18
48 36
14 25
49 13
33 20
37 21
7 27
26 13
1 17
3 34
12 1
35 8
26 12
43 35
10 24
18 28
4 6
46 11
14 1
37 29
30 9
2 28
22 20
32 14
40 21
13 33
8 26
30 14
26 40
34 35
15 30
15 17
10 23
18 33
17 40
39 25
34 17
37 19
49 4
14 26
43 5
17 5
38 9
28 30
45 31
2 13
14 39
47 10
32 5
7 34
17 23
41 3
20 15
25 22
11 17
32 4
33 21
3 5
18 34
12 33
49 18
41 22
33 7
47 15
42 36
3 24
46 9
20 21
45 17
22 11
40 25
6 9
39 20
44 16
38 5
29 23
12 1
20 7
34 39
21 12
15 23
19 11
39 37
45 3
16 7
38 20
44 5
13 36
18 28
23 35
20 23
5 10
48 29
26 33
39 17
42 29
13 14
45 34
26 4
37 29
28 40
22 17
22 14
45 29
16 1
42 11
19 13
44 3
20 23
45 36
26 36
5 20
38 31
27 16
16 17
42 24
10 3
6 39
33 22
43 26
45 4
19 27
3 14
34 33
7 23
37 22
23 9
1 21
45 16
49 9
18 37
34 40
37 13
18 23
27 40
35 4
17 12
44 29
49 40
12 27
31 2
10 6
15 9
14 1
37 21
41 22
49 35
39 15
37 7
21 36
14 6
12 5
9 2
34 5
44 39
45 6
19 1
18 35
28 4
30 2
40 34
40 32
33 32
18 1
32 20
44 2
34 23
6 18
1 15
44 34
29 13
30 11
43 14
6 36
22 2
36 32
25 7
42 24
5 17
45 35
37 32
38 34
6 3
27 28
34 24
7 10
4 17
22 1
45 29
15 40
2 34
8 15
34 39
26 18
25 33
14 11
28 26
31 40
37 3
3 14
10 15
25 18
27 25
24 26
31 5
39 39
6 16
28 35
48 25
21 39
19 32
26 8
13 1
28 34
7 14
1 29
42 24
6 36
37 27
15 6
17 30
24 5
2 34
13 26
27 40
27 14
2 29
14 12
14 21
12 30
15 2
25 5
18 32
26 21
34 1
35 37
10 6
25 34
25 29
20 24
6 28
47 31
37 16
4 35
46 22
3 20
25 4
28 39
2 29
35 26
47 3
24 5
24 16
49 29
45 29
8 23
10 7
9 36
9 16
8 35
14 29
21 24
6 3
4 23
22 13
32 33
30 29
20 17
21 7
30 35
21 17
37 13
14 34
2 40
20 29
13 36
24 5
13 39
49 36
22 6
33 14
3 21
32 16
15 3
26 34
6 37
10 18
30 10
19 11
38 8
29 27
37 1
1 24
47 10
11 6
47 13
21 2
22 6
9 12
31 18
22 36
47 25
45 22
39 8
12 17
10 31
39 29
18 9
38 7
45 24
3 36
11 34
41 22
48 27
48 11
3 5
23 22
18 23
1 27
7 17
40 22
44 6
7 32
8 24
40 27
45 9
33 24
24 11
47 21
39 10
45 29
30 17
19 39
8 28
30 34
27 7
49 40
24 2
3 6
34 10
1 13
30 27
14 4
47 19
32 34
41 29
23 10
46 21
35 15
6 27
28 17
48 5
11 3
38 34
6 6
6 10
28 22
9 29
18 14
49 29
35 14
37 32
10 13
10 36
38 35
8 27
23 22
3 14
43 7
34 21
48 5
43 39
31 32
32 18
3 29
40 27
8 35
9 5
5 27
34 38
33 17
7 6
12 1
44 5
37 32
42 14
48 24
9 13
20 21
22 4
13 21
48 25
37 21
16 32
44 13
12 11
25 29
43 30
17 20
1 30
21 37
1 36
5 36
41 16
43 39
18 1
45 21
18 11
22 25
44 21
25 9
34 9
34 19
21 28
48 9
15 2
25 31
47 31
28 14
35 3
25 38
8 2
21 22
22 3
48 27
12 34
24 35
49 15
36 26
4 40
32 8
1 9
11 40
6 24
14 30
39 17
45 27
48 30
29 37
41 4
7 16
10 6
45 32
40 23
37 26
40 31
17 16
45 2
11 17
38 38
48 15
25 22
27 1
34 26
45 1
32 35
37 16
33 25
5 17
38 8
27 25
13 21
15 3
10 20
15 19
25 2
37 7
21 8
11 26
43 22
15 2
22 17
15 18
17 21
36 15
25 33
38 40
12 30
7 9
48 37
36 13
28 12
8 15
17 15
3 19
15 10
37 39
47 20
44 23
23 6
48 25
48 32
19 10
28 26
8 35
3 40
19 1
7 12
3 40
46 3
23 2
46 13
35 5
3 27
8 6
3 31
37 5
28 11
33 2
30 1
20 8
27 39
11 11
26 1
40 19
48 37
30 19
25 37
20 22
40 10
32 17
33 23
16 7
32 22
39 34
47 38
22 7
9 6
38 32
19 19
23 25
25 12
22 19
26 14
12 39
17 11
43 2
23 4
2 33
25 10
38 1
37 35
12 5
1 30
48 17
14 40
26 33
25 28
14 8
5 17
3 29
25 33
40 30
20 30
28 11
23 14
36 26
4 9
27 8
40 18
43 17
1 18
15 11
44 22
29 10
39 9
32 9
36 13
3 14
47 12
17 2
41 16
2 20
1 17
27 37
7 5
1 30
41 1
45 2
4 7
41 7
33 13
4 29
22 25
24 15
34 17
14 12
43 11
32 39
28 4
20 7
48 36
3 14
47 36
21 25
3 6
14 19
36 3
13 27
3 18
6 12
15 20
24 4
48 4
12 22
36 4
44 9
1 25
13 12
19 18
37 26
3 13
32 31
3 3
14 14
20 15
1 6
36 10
12 18
3 8
39 19
21 32
6 22
8 7
44 21
12 33
17 4
4 10
22 28
40 32
35 20
20 37
44 9
13 33
10 7
43 34
21 13
15 39
26 33
21 18
42 29
18 24
30 34
41 39
9 35
9 12
38 40
46 25
30 34
32 16
16 6
38 16
11 30
4 35
32 19
31 35
27 17
32 16
49 2
43 16
29 1
26 33
8 12
7 21
19 39
28 31
37 25
22 12
25 16
20 14
28 15
21 34
6 22
27 16
40 28
24 29
28 27
29 16
31 32
24 39
22 34
20 8
30 17
26 19
21 6
9 11
19 6
24 23
22 39
2 7
12 34
39 21
30 36
41 25
46 10
19 16
31 6
43 9
39 6
9 8
44 1
48 26
33 17
24 10
5 24
27 14
31 5
35 24
28 33
27 6
30 37
5 25
6 23
28 29
5 31
31 23
23 3
22 26
21 4
10 20
15 14
7 32
8 5
21 11
25 25
45 19
39 40
19 4
4 20
6 13
27 15
48 25
5 35
4 40
2 17
35 18
29 13
42 8
12 20
15 27
28 9
7 30
31 19
7 31
17 25
22 7
44 13
33 40
24 18
8 40
37 11
3 2
23 29
29 40
1 14
30 37
8 31
3 16
28 9
1 22
30 28
36 15
37 37
47 2
1 31
28 32
37 36
5 1
23 6
3 40
37 34
42 29
2 38
23 19
25 32
9 16
18 25
42 30
23 25
19 32
29 11
49 39
34 19
30 9
35 30
36 38
7 18
10 19
19 17
33 40
46 28
11 11
1 35
37 3
9 3
39 28
12 34
49 29
25 33
4 24
44 23
46 23
35 8
33 30
23 9
39 34
29 18
38 31
44 21
21 7
24 15
19 12
16 23
26 12
30 31
21 22
32 38
6 33
40 13
12 31
37 16
47 19
42 37
14 3
27 30
38 15
16 38
40 4
11 26
7 33
30 25
4 18
31 21
22 9
4 32
9 37
13 20
49 20
14 36
23 10
8 31
42 28
9 22
8 39
6 15
34 26
4 11
10 36
47 27
44 31
36 23
25 18
14 37
45 16
40 31
12 1
34 11
30 26
21 16
17 23
34 10
24 13
40 8
33 9
25 22
21 24
13 30
21 21
23 22
24 3
48 24
31 28
37 33
20 13
45 27
19 12
16 23
49 31
27 17
44 9
38 22
38 28
24 28
46 38
39 14
32 22
5 39
25 31
43 23
37 13
33 24
22 26
22 32
20 16
13 12
14 6
28 28
42 3
43 9
18 24
24 11
8 18
19 10
20 8
2 29
29 15
37 25
29 13
42 37
44 23
32 38
6 23
32 39
40 15
19 35
9 10
44 28
20 20
33 16
18 34
8 34
5 34
14 17
9 24
10 4
39 19
29 5
20 2
18 27
11 8
39 14
17 11
37 11
23 8
49 30
47 34
39 4
19 32
32 14
47 35
20 15
46 14
47 18
14 5
8 32
15 36
49 2
22 30
44 34
46 29
5 8
11 3
29 16
26 20
43 3
39 26
41 29
15 23
14 26
26 23
4 31
24 38
30 1
25 4
32 13
21 5
22 40
25 36
29 26
36 4
2 19
35 29
8 40
38 1
48 12
18 7
19 9
38 28
23 18
25 12
45 20
22 26
23 26
47 17
12 19
41 21
6 13
49 15
18 39
25 18
14 31
15 14
18 5
12 19
38 27
32 35
26 1
22 12
24 37
15 22
40 16
42 16
21 31
5 16
41 11
25 3
35 29
6 23
20 18
39 35
16 5
2 2
21 4
12 16
4 2
17 2
32 16
5 39
7 26
16 40
25 23
41 34
44 9
33 32
46 8
42 8
36 31
48 31
30 31
6 24
2 39
30 9
37 11
2 17
6 3
26 11
47 16
9 6
37 31
20 37
38 38
24 31
13 28
24 34
30 19
10 34
1 12
19 39
24 6
12 5
3 21
15 34
46 30
20 31
25 8
12 25
8 34
12 3
20 26
22 4
2 17
43 38
38 32
29 5
25 2
48 25
7 26
23 23
11 19
46 34
2 9
34 14
49 31
13 24
3 13
22 14
16 10
9 28
19 22
36 26
18 2
1 32
16 12
41 7
16 34
11 38
29 27
7 21
18 3
41 26
28 27
33 2
9 24
27 40
43 10
10 20
3 3
6 12
45 4
33 34
14 16
4 27
14 31
42 31
39 12
40 18
7 18
5 2
46 29
26 18
16 2
11 6
22 12
29 36
45 17
28 22
30 35
20 24
36 1
2 38
35 31
13 7
15 25
45 22
30 18
3 5
7 34
46 10
2 7
46 18
35 29
3 3
32 24
19 30
24 6
13 30
49 32
9 16
2 19
3 13
18 9
17 16
46 16
47 27
19 32
40 5
8 37
30 9
18 4
12 15
44 19
7 24
12 30
5 16
25 16
16 15
8 39
9 12
31 37
39 21
28 37
10 39
39 39
23 30
43 19
40 5
34 38
11 37
23 13
25 28
32 8
16 16
1 10
2 33
40 34
15 31
34 22
39 33
12 35
1 25
33 34
8 38
33 25
19 26
9 11
14 36
28 15
27 26
9 12
25 27
17 22
36 40
28 13
41 1
24 11
26 26
34 8
7 14
11 29
41 16
21 23
44 11
32 11
38 28
18 33
30 12
16 29
2 25
47 15
1 14
19 39
21 35
17 10
42 31
20 38
29 13
13 7
10 39
48 24
25 23
29 17
24 16
41 38
35 26
23 2
1 30
49 36
36 29
6 35
7 8
36 24
29 24
5 12
8 34
13 32
35 36
8 16
16 38
46 40
6 11
44 33
25 2
26 8
31 26
43 6
39 5
39 23
32 25
13 24
25 8
36 27
19 38
32 12
40 22
2 32
6 37
11 29
3 39
16 16
40 33
36 17
40 8
48 20
48 35
3 9
41 11
2 6
25 21
4 20
1 23
12 32
14 17
36 28
42 13
28 17
23 21
40 18
44 38
21 6
15 22
44 7
3 29
25 19
16 7
35 3
42 15
24 37
48 3
46 18
20 10
35 24
3 27
8 8
44 25
45 17
29 12
15 31
25 31
1 13
35 3
44 37
44 32
27 4
40 28
21 22
32 23
37 24
9 5
25 21
25 5
32 40
27 25
3 14
39 21
49 40
49 3
21 18
28 11
44 7
46 38
38 36
1 19
39 38
3 24
24 7
38 23
21 9
40 35
42 36
18 5
32 11
10 8
49 18
40 11
39 26
23 5
36 11
9 7
31 22
2 31
30 1
1 12
37 8
10 17
35 20
17 14
41 4
3 38
38 36
35 15
14 15
25 7
44 9
48 19
18 18
25 21
24 26
18 18
41 20
36 36
21 39
30 10
15 31
14 10
45 30
12 23
11 22
1 17
21 19
17 38
29 14
2 34
41 33
7 29
4 6
25 3
19 35
43 39
48 40
22 21
25 28
46 3
29 12
28 36
9 34
11 19
18 24
47 29
42 14
31 38
10 27
44 34
12 1
20 29
47 34
24 8
12 33
27 2
24 40
2 32
36 30
10 20
23 16
24 33
29 35
11 30
17 5
5 24
48 27
43 21
36 15
14 39
7 9
42 11
27 37
13 9
19 19
44 19
8 15
25 38
30 31
20 14
40 25
18 3
36 9
49 36
4 22
26 14
17 27
15 16
14 10
35 35
11 7
34 26
12 13
15 31
11 24
37 9
40 18
49 23
1 7
20 4
36 12
21 33
17 37
11 3
32 22
31 19
21 10
5 13
15 19
32 13
25 21
20 18
44 10
41 17
18 7
1 6
33 18
6 18
23 27
47 10
22 1
22 39
41 4
8 40
7 11
20 32
9 38
9 37
41 2
16 29
44 25
22 33
25 8
34 39
33 21
32 27
40 25
1 9
25 35
29 20
22 7
31 19
49 13
12 33
24 21
9 13
35 25
34 7
44 12
44 8
7 8
39 32
22 19
38 34
14 3
47 18
47 16
3 30
28 17
46 28
6 10
17 1
37 35
23 22
20 9
34 21
1 27
23 23
11 22
38 21
49 28
47 32
25 22
12 17
33 10
2 11
5 37
15 9
8 25
37 13
43 4
25 40
4 26
19 3
48 40
16 4
28 28
40 31
17 31
5 2
22 35
7 11
9 11
46 23
21 6
29 7
26 34
27 10
5 34
32 33
19 10
49 40
16 39
39 15
19 1
9 5
48 12
38 21
14 28
35 35
10 29
39 1
46 29
1 14
41 20
14 32
31 30
30 19
27 40
13 9
42 29
17 10
40 27
26 25
12 17
40 12
36 17
42 14
45 17
15 28
11 39
28 15
27 34
32 24
24 7
23 5
22 12
47 22
4 37
35 5
4 12
30 15
42 6
20 5
29 11
6 7
12 27
34 18
31 23
32 11
21 11
23 11
21 10
37 6
27 12
44 33
39 36
9 22
40 35
26 27
37 25
49 40
30 20
24 36
13 13
35 20
19 34
2 25
20 19
1 20
45 29
22 4
15 33
26 24
33 10
36 21
39 25
8 23
48 40
15 18
37 23
40 2
25 17
2 3
3 36
26 21
31 19
9 9
23 18
47 9
40 4
31 14
31 8
12 40
23 7
46 35
46 22
9 37
22 31
44 31
43 6
14 35
30 18
13 23
46 31
13 5
39 40
27 22
2 20
3 33
27 7
38 20
21 15
14 3
35 23
23 20
43 5
4 1
40 14
40 32
13 40
47 32
22 21
17 39
24 3
32 10
46 6
16 21
20 25
12 10
42 25
38 12
40 21
27 7
41 24
44 1
25 31
13 39
43 27
45 10
5 2
17 2
30 17
28 1
25 21
25 29
34 14
39 36
49 18
47 28
24 12
3 7
35 30
45 14
27 18
1 30
15 13
4 30
18 10
24 25
23 25
47 39
2 17
14 1
19 21
12 20
22 23
6 10
14 27
3 15
16 34
33 10
27 25
44 20
24 3
22 36
21 37
40 20
17 25
38 16
23 36
24 33
1 30
46 21
47 28
4 34
9 2
26 23
37 14
41 27
12 8
5 35
25 13
5 3
25 11
41 29
1 18
2 19
2 40
36 40
42 31
14 37
16 20
23 13
22 36
3 2
47 27
33 7
11 23
13 15
27 24
19 23
44 13
35 28
18 3
2 10
14 17
18 16
20 34
48 40
24 10
18 25
8 20
32 35
21 7
21 32
23 38
3 28
13 16
48 40
44 22
9 26
2 17
16 29
17 33
18 11
17 19
31 35
11 24
47 24
43 7
35 4
48 24
44 20
47 25
5 11
3 39
47 18
7 18
26 8
10 36
11 4
10 9
47 11
49 25
8 8
40 14
10 32
48 6
30 31
9 5
4 30
25 15
22 24
21 3
5 27
19 1
44 7
17 34
31 28
35 32
5 31
44 40
46 6
34 30
37 6
30 36
7 3
37 24
41 27
47 33
33 17
3 26
12 27
46 38
21 22
27 36
25 14
36 36
37 30
4 20
15 19
23 6
20 31
22 20
4 38
24 3
27 31
10 1
23 13
37 5
33 13
6 20
10 21
7 34
2 28
23 13
9 29
12 22
30 37
14 34
11 3
48 29
9 39
18 19
9 26
6 27
7 8
9 22
49 6
13 6
8 4
11 8
15 13
47 34
12 39
2 19
49 4
15 20
27 9
47 8
30 32
2 35
36 1
20 28
19 39
28 40
44 8
40 32
26 4
18 23
39 23
22 20
46 10
15 7
36 16
7 20
21 2
23 33
35 34
33 35
28 2
26 26
1 29
12 33
7 28
5 9
13 13
21 26
34 17
22 34
8 31
6 33
31 34
12 2
39 35
29 14
25 2
34 22
8 5
33 37
49 36
22 16
44 27
45 24
11 15
40 32
31 39
12 3
49 10
32 28
42 21
45 31
33 33
10 38
1 35
43 2
14 25
47 18
44 31
2 8
6 26
30 8
34 21
7 4
18 17
22 24
32 40
14 37
19 3
7 35
5 27
33 25
23 10
26 4
22 8
1 2
13 33
35 19
17 18
27 18
9 38
24 29
33 32
8 24
6 5
37 15
38 12
16 21
38 7
44 31
38 36
8 10
36 13
39 38
11 5
32 32
41 18
1 38
23 10
34 12
21 40
30 27
38 6
9 22
12 27
46 37
15 22
36 10
30 20
41 32
38 8
45 11
18 38
7 7
20 30
41 35
43 35
45 7
35 25
4 9
32 22
10 15
35 13
21 20
7 40
42 28
20 15
27 3
41 9
30 7
7 6
25 37
40 24
38 30
42 17
44 6
21 7
44 34
24 30
38 12
21 38
3 11
40 25
4 5
20 13
2 17
25 39
30 6
14 20
8 40
1 9
48 12
23 7
27 2
39 8
21 40
23 18
15 33
23 1
2 7
34 38
14 24
49 25
38 31
36 20
14 34
24 25
44 27
25 19
38 40
39 25
47 36
33 30
29 18
28 17
1 6
29 13
23 12
24 17
20 40
32 26
22 21
34 14
42 6
10 4
26 28
7 16
49 21
30 39
29 3
5 7
9 34
34 11
3 7
19 26
41 1
10 30
35 8
29 34
43 30
38 39
36 17
29 39
44 30
42 2
3 7
44 7
5 35
29 40
25 12
13 28
45 36
2 19
46 8
6 4
46 12
7 23
8 9
11 32
8 10
21 12
23 10
28 19
38 8
38 21
41 30
28 20
33 18
21 6
30 10
25 14
26 38
9 10
1 26
23 38
45 31
43 4
1 31
34 17
17 27
33 33
20 20
23 22
42 22
8 39
49 33
36 7
46 20
37 4
10 6
1 2
39 14
2 35
10 35
6 7
21 2
39 3
30 15
39 5
22 31
24 36
28 17
2 5
22 30
29 38
22 2
31 32
15 28
9 22
42 35
24 7
22 38
19 23
7 2
13 11
36 18
40 33
25 9
15 8
34 14
46 40
16 25
28 9
23 24
34 9
42 18
4 6
13 1
46 8
18 32
19 28
5 14
47 24
24 40
15 25
19 8
37 4
31 14
21 24
3 1
6 25
2 25
2 12
34 36
14 40
2 9
48 22
23 15
21 7
38 37
5 38
32 31
12 9
13 17
22 23
38 19
2 16
46 24
24 14
48 7
1 39
23 28
10 34
13 31
19 26
29 25
43 1
38 23
19 29
25 33
18 11
21 37
46 39
44 8
16 15
30 14
41 19
32 21
33 9
33 15
1 22
40 38
30 10
24 3
37 38
33 16
33 40
5 17
44 23
4 8
4 22
10 33
44 1
39 3
15 20
17 26
3 33
1 5
1 9
30 4
38 28
8 1
5 34
38 22
33 2
39 13
43 28
9 16
15 31
19 31
21 37
12 8
4 2
31 23
13 31
26 18
41 33
36 40
2 39
31 20
2 1
43 25
3 31
29 28
11 14
2 24
37 21
5 40
39 2
36 24
31 38
40 3
16 21
5 21
12 10
14 8
42 34
30 9
17 9
14 23
26 22
32 15
36 9
31 5
22 34
26 39
45 11
19 23
36 20
12 2
11 36
49 14
5 23
16 15
10 19
18 29
37 16
11 33
24 35
11 32
8 21
17 29
43 26
38 38
38 27
20 21
43 28
17 9
28 38
13 21
2 27
48 28
36 12
43 22
29 21
16 17
30 32
13 34
46 3
10 11
47 15
37 13
45 6
31 28
28 28
32 40
46 36
40 31
6 4
27 37
27 32
12 24
2 34
16 24
40 25
11 12
33 38
44 19
9 3
26 38
34 37
26 35
19 12
39 40
9 16
5 38
39 3
5 38
13 37
34 31
12 37
15 25
43 35
21 5
10 7
18 23
27 14
11 19
43 29
39 37
23 16
39 17
10 30
34 9
42 12
21 8
48 32
23 1
12 27
15 5
21 18
34 14
27 20
48 25
15 33
23 37
9 37
27 11
22 14
47 21
24 19
30 13
37 3
49 29
33 8
12 12
15 35
8 11
11 28
4 3
27 30
8 14
41 9
11 21
33 29
25 17
11 23
9 26
27 39
8 1
27 10
4 29
26 15
13 26
48 21
44 35
10 37
13 14
13 38
13 38
8 40
45 25
34 18
46 29
6 11
26 6
30 22
24 28
31 36
40 38
28 18
1 31
46 38
22 30
47 16
37 38
5 23
35 28
27 40
40 29
18 15
2 38
37 6
37 10
2 23
11 4
14 9
10 24
24 23
4 30
15 16
36 8
40 4
48 36
4 9
36 30
11 22
13 38
10 1
17 24
2 31
1 24
31 33
6 10
11 24
44 17
47 38
41 35
47 7
5 7
47 22
7 6
18 37
39 34
31 16
22 3
1 7
1 14
8 4
4 21
35 31
29 37
46 32
41 33
29 24
12 39
43 5
34 16
25 13
39 35
40 17
10 30
7 23
36 26
35 20
47 12
40 16
6 13
2 37
39 24
14 20
20 28
47 30
24 3
20 21
26 31
22 25
38 11
23 13
10 26
16 2
21 12
27 19
27 22
6 35
17 17
3 11
7 17
38 15
46 40
36 34
9 20
35 3
31 3
24 3
6 3
1 3
6 16
1 22
24 36
13 16
3 40
9 6
45 34
27 24
41 31
33 11
25 31
33 6
26 30
12 19
49 16
29 4
26 32
30 9
7 25
32 30
25 35
44 11
45 4
40 17
8 39
41 26
36 35
24 11
1 1
8 38
38 29
27 26
20 7
38 8
17 38
48 29
25 3
21 2
27 4
35 5
5 35
16 23
47 7
15 36
48 19
14 35
1 32
29 37
25 1
45 20
46 11
28 40
14 23
2 14
35 13
13 14
8 14
1 7
44 19
35 16
7 35
42 14
8 17
43 14
35 27
32 11
20 6
4 8
20 34
45 32
34 16
37 24
12 9
8 20
32 18
49 30
4 19
22 25
28 17
25 3
5 10
5 16
48 2
27 5
39 2
23 3
25 6
38 14
23 29
29 3
44 38
33 20
45 6
43 17
20 33
32 28
15 32
28 10
11 19
23 22
38 32
12 6
35 30
30 35
3 10
29 23
32 30
32 26
34 22
19 31
28 40
31 8
44 28
17 31
43 25
31 8
42 22
47 23
41 24
12 10
17 1
1 28
13 32
6 28
37 37
11 28
44 30
46 7
42 28
48 34
12 19
39 1
23 4
23 36
47 26
25 20
41 9
41 19
14 5
10 34
42 34
15 36
48 21
20 39
37 13
44 37
8 11
19 20
29 5
12 34
9 21
40 2
9 34
32 24
46 39
15 34
15 16
18 39
1 8
42 13
14 2
26 11
14 30
48 32
14 24
28 20
35 6
14 33
13 32
29 11
11 17
48 35
27 24
23 1
15 15
7 34
1 37
18 31
29 20
12 15
26 35
13 38
18 14
2 15
16 37
29 36
27 21
39 22
15 5
34 18
5 1
48 3
12 33
16 4
44 34
21 9
33 33
41 3
34 28
29 34
48 5
28 26
27 10
1 34
5 15
11 34
3 24
46 19
11 11
4 5
48 20
37 38
28 4
21 26
17 26
4 19
26 34
30 16
42 10
6 6
11 34
47 22
46 25
4 35
11 16
45 30
19 36
45 21
13 6
44 4
27 17
22 7
33 32
37 34
41 35
3 24
40 8
5 25
34 35
15 13
13 34
2 19
5 20
4 32
13 8
38 10
49 16
8 36
35 37
44 15
38 32
49 20
6 20
12 3
7 16
40 14
8 6
45 9
5 15
26 39
24 15
21 36
2 29
32 25
38 4
27 39
20 37
31 37
20 38
34 36
1 36
45 4
2 13
32 3
39 5
17 2
32 19
30 26
13 11
16 1
39 12
5 35
1 28
16 14
20 1
45 4
36 15
38 36
29 39
27 31
16 30
1 24
9 25
46 3
36 10
3 26
19 2
6 7
7 12
20 26
15 28
37 13
29 2
6 13
16 40
14 14
22 19
38 20
21 12
13 8
25 14
9 17
28 38
3 23
6 23
27 28
8 30
8 21
39 29
35 20
38 22
33 26
41 29
5 40
32 22
43 8
29 5
29 3
23 6
45 27
46 28
20 37
46 27
35 40
44 40
34 17
30 6
29 28
12 2
9 24
12 35
27 29
42 3
25 33
25 35
27 9
13 31
10 40
49 33
18 27
48 22
2 27
27 16
4 32
49 26
10 37
46 40
40 29
15 9
41 18
30 5
5 17
5 13
20 17
44 13
33 8
14 33
19 7
25 29
23 34
3 24
14 38
3 21
46 11
19 6
37 17
11 7
4 38
13 21
6 20
28 38
22 23
48 36
19 1
10 29
26 5
42 1
12 3
37 27
6 27
16 34
24 14
39 6
29 25
32 34
35 6
34 18
31 14
3 40
15 29
1 40
36 28
48 8
41 7
15 11
17 36
33 22
33 31
4 37
15 40
8 24
27 31
18 22
49 36
33 18
27 25
44 18
19 5
48 27
15 26
32 19
1 39
5 36
42 28
10 26
25 10
45 20
17 26
12 34
32 14
6 2
9 16
1 22
35 7
21 10
31 4
25 18
3 6
24 24
32 31
37 5
9 6
40 19
43 12
36 27
6 19
14 33
37 29
41 27
39 8
23 18
39 34
38 26
26 14
25 8
4 40
13 30
42 30
14 10
24 24
22 8
19 37
42 12
21 16
24 6
43 13
30 32
29 18
44 3
18 31
7 29
36 5
36 27
44 21
11 22
37 8
2 3
20 34
23 27
37 27
1 3
32 7
16 36
10 32
27 2
9 30
31 20
48 28
15 36
6 4
40 36
29 22
38 39
22 10
24 8
31 14
38 6
25 29
21 14
14 25
35 32
1 26
34 20
15 14
34 29
34 10
43 27
2 21
11 8
19 21
49 30
6 24
48 34
19 37
20 8
13 39
49 28
16 13
44 31
8 27
37 11
37 32
34 14
49 13
47 1
31 24
49 27
39 21
5 18
41 15
34 38
4 9
2 28
5 39
20 37
40 26
49 39
47 35
24 21
18 30
10 26
31 1
8 36
11 23
20 2
18 22
42 13
25 4
38 29
10 4
5 28
23 22
15 5
37 28
12 2
29 32
39 26
31 20
15 5
6 39
39 11
19 21
9 10
31 39
23 29
37 29
8 18
11 25
18 30
37 26
4 37
40 28
8 13
4 14
11 7
22 35
44 23
44 23
42 27
6 29
46 13
43 13
3 28
9 15
10 37
39 20
36 16
7 31
36 33
9 16
44 40
15 40
1 25
47 7
47 6
27 31
40 21
36 7
37 38
2 20
9 21
30 14
49 7
4 12
44 17
46 32
14 12
7 39
34 11
32 19
45 25
40 36
43 36
35 13
39 15
43 31
35 26
1 12
1 37
38 3
27 9
25 32
14 8
38 40
37 8
9 4
45 24
34 20
22 18
5 5
10 10
25 17
15 25
33 6
27 39
43 15
38 19
48 5
47 19
4 5
19 15
43 34
16 39
27 8
43 6
47 16
7 35
13 11
6 20
38 16
43 20
1 27
23 10
8 38
5 32
27 33
19 36
42 39
32 9
34 15
45 13
42 24
3 21
40 1
11 20
7 3
26 11
8 29
11 17
36 33
28 16
22 27
13 34
34 3
21 4
32 6
39 37
41 37
6 23
36 4
12 7
9 8
38 11
42 34
43 25
42 36
31 34
9 34
27 33
13 22
18 19
10 23
12 21
42 10
17 22
2 39
5 11
22 12
43 20
36 26
47 1
41 24
6 9
1 36
45 33
40 11
25 33
15 2
5 11
3 36
24 32
34 32
48 1
7 5
30 31
17 26
48 15
21 36
10 1
49 12
3 29
25 27
41 34
22 38
4 25
42 31
18 36
2 18
16 24
39 39
2 18
42 10
11 25
14 13
11 10
1 21
12 3
11 30
15 40
33 5
49 24
36 28
4 39
8 27
9 23
45 10
5 39
23 28
1 18
4 18
16 7
34 2
37 33
32 14
36 31
18 38
19 20
24 34
27 7
34 13
9 17
17 7
46 40
49 23
13 36
2 18
32 37
47 23
22 28
8 25
29 22
33 23
6 5
47 31
24 20
33 29
30 21
19 4
49 40
31 17
28 28
16 12
34 5
23 14
2 10
48 32
40 1
6 17
41 6
1 31
21 17
31 35
41 30
49 40
42 10
15 35
47 3
21 2
18 27
3 5
16 13
29 20
22 5
47 20
39 35
29 31
39 27
37 2
27 38
20 7
36 27
37 38
31 22
17 25
17 32
44 21
1 31
18 15
9 9
41 10
20 12
31 32
17 36
40 8
14 32
40 1
5 11
33 22
2 20
15 5
26 20
45 13
14 25
23 11
2 10
47 12
24 25
11 29
45 15
38 21
24 30
43 28
38 40
49 15
25 22
11 36
3 24
40 25
45 25
35 4
8 11
3 10
6 36
38 40
16 17
34 33
48 19
1 7
17 27
47 14
5 40
22 37
13 34
1 8
2 39
39 25
37 35
14 37
17 29
25 29
32 36
28 2
26 20
22 3
19 22
35 40
20 18
9 31
27 3
36 36
6 37
44 28
25 11
10 37
16 4
29 15
14 29
42 32
21 25
41 4
32 22
38 18
44 17
38 6
28 5
26 4
41 32
4 30
22 35
21 20
34 31
23 35
31 34
6 7
28 11
19 1
26 15
15 35
34 21
48 33
11 14
15 13
15 9
22 24
22 35
43 7
20 33
11 32
42 35
47 33
46 2
9 8
4 33
12 30
40 6
1 34
37 2
9 24
44 12
5 24
46 19
8 25
24 35
10 36
12 31
44 24
5 9
49 22
42 15
3 18
48 16
2 29
35 24
17 23
44 17
10 16
14 39
39 6
29 36
22 35
8 6
34 22
8 17
2 13
15 3
39 11
37 20
34 40
14 3
9 14
20 29
11 37
20 3
36 13
40 19
27 1
44 31
8 11
16 33
49 33
14 25
45 30
6 12
6 11
39 13
24 28
34 22
5 38
12 13
10 35
27 12
13 6
19 24
49 25
3 2
21 14
13 17
39 18
6 36
6 16
42 33
39 40
14 7
11 27
31 10
37 19
12 6
23 11
39 23
39 1
30 2
34 26
49 38
40 23
21 23
31 15
36 4
42 32
2 37
33 11
38 29
31 33
18 6
44 26
29 23
35 5
26 34
34 38
6 25
2 1
21 9
20 18
25 34
49 19
7 6
24 18
11 12
44 28
29 28
22 11
5 29
38 6
28 9
31 12
41 11
40 25
41 29
40 21
22 21
46 36
40 34
49 36
10 31
48 8
13 4
16 23
14 1
28 13
23 12
31 6
46 19
29 18
5 14
46 25
1 8
15 36
14 40
14 9
14 2
9 3
20 36
45 36
11 26
1 35
44 36
14 35
25 23
30 14
10 40
5 6
34 28
12 21
45 9
28 9
24 3
25 9
1 19
30 18
25 11
47 36
28 3
40 23
30 2
32 12
6 9
16 23
32 17
16 16
35 9
46 10
23 19
10 35
2 30
49 26
27 21
11 25
3 27
25 29
13 37
30 6
29 9
44 19
11 24
1 4
8 9
11 12
27 29
6 26
19 33
23 24
10 35
4 38
2 14
20 11
24 16
33 37
25 8
19 25
23 19
7 33
5 20
43 7
39 11
46 23
48 8
8 35
24 25
36 9
42 12
2 21
11 27
5 9
39 13
31 31
35 6
34 22
26 9
10 15
19 23
9 31
24 27
20 34
39 38
47 14
16 37
23 40
1 37
45 18
47 14
3 6
35 23
41 20
18 29
16 17
11 31
29 11
15 18
7 27
26 21
9 30
19 21
2 6
40 5
12 24
28 20
17 9
1 11
43 30
24 16
42 36
34 6
3 14
20 7
44 4
18 33
36 35
9 29
48 29
46 31
33 20
18 17
17 16
8 17
9 6
12 5
25 14
45 7
13 23
4 39
2 24
37 28
38 15
21 2
6 3
30 29
13 33
44 26
35 5
24 14
46 38
48 12
19 2
47 39
27 15
48 3
7 34
21 30
40 31
12 21
13 6
49 32
38 4
41 10
43 38
23 16
2 4
46 5
34 3
38 23
9 20
13 30
10 16
18 39
26 37
17 13
48 35
31 4
13 21
36 2
25 6
8 38
22 36
2 8
28 15
29 8
1 9
6 11
22 3
8 32
3 10
19 40
48 9
10 40
27 29
16 30
10 7
33 5
3 9
9 18
23 4
4 5
26 21
40 13
33 40
31 20
47 4
46 24
16 40
35 32
4 9
26 6
31 37
4 15
18 37
36 19
34 6
20 29
29 40
7 25
31 11
49 5
39 27
35 32
35 37
2 27
20 33
28 13
15 36
49 14
14 32
28 13
29 1
19 3
10 14
24 19
30 13
6 4
1 21
21 38
19 13
30 19
30 20
42 11
12 16
12 22
43 23
7 10
40 12
18 6
17 13
37 9
22 7
17 9
14 14
31 7
15 5
4 38
17 24
43 36
36 29
8 5
25 10
37 30
15 12
47 25
20 7
32 40
34 17
48 33
19 17
39 23
17 5
39 14
18 26
2 22
8 23
37 34
33 16
38 1
35 30
38 20
19 36
30 7
3 8
4 25
20 32
24 7
34 31
41 35
16 20
3 27
18 18
27 4
11 29
2 2
45 30
3 22
25 23
47 17
11 28
7 37
7 9
47 30
18 2
24 16
10 19
12 17
7 26
12 37
27 31
14 17
32 11
8 36
10 39
35 8
34 14
15 27
10 33
15 37
36 25
27 6
12 14
3 14
39 27
17 26
25 14
31 8
44 24
49 31
43 10
48 22
18 37
49 7
28 9
43 30
33 15
12 20
3 23
46 1
17 40
45 27
1 3
23 10
22 7
34 30
25 33
13 13
1 26
21 30
4 22
21 12
40 12
25 6
42 9
45 3
31 17
20 8
41 33
13 19
2 22
1 14
1 2
17 6
43 12
32 2
11 37
48 35
47 18
39 34
38 32
10 35
25 1
7 24
26 15
20 11
28 4
37 10
22 3
33 24
13 6
37 29
21 22
3 40
30 5
13 23
35 28
21 26
23 40
24 16
29 35
41 17
31 2
34 7
30 40
14 6
44 23
18 22
20 15
40 3
12 29
8 39
37 30
42 8
48 25
49 17
17 24
28 5
23 14
38 28
28 37
22 22
43 38
45 1
4 27
19 13
26 15
24 17
45 36
24 15
48 39
39 7
31 10
42 5
34 8
13 1
49 18
17 25
38 33
2 20
20 23
32 10
11 21
3 12
41 13
13 19
14 8
2 21
14 20
10 14
27 36
24 4
26 38
4 33
6 29
28 29
6 5
16 1
45 7
27 6
14 23
42 1
23 31
18 29
46 34
32 38
14 24
10 10
33 33
31 18
17 21
18 6
40 7
36 20
34 34
30 34
31 28
36 37
22 23
30 22
34 23
20 8
31 21
5 16
20 19
43 29
25 39
32 40
25 40
25 33
24 12
34 20
15 22
17 12
23 16
27 39
16 40
19 5
36 25
18 13
11 24
6 17
21 23
21 34
29 39
30 39
18 27
4 33
23 28
27 4
1 5
8 33
37 18
38 31
31 22
7 14
48 17
20 16
38 18
45 12
42 18
12 1
25 16
49 5
15 38
29 33
30 38
42 12
36 9
42 32
17 14
5 34
47 33
20 25
2 1
41 17
42 2
4 39
1 13
29 23
4 37
46 4
28 18
47 32
24 27
34 26
1 20
13 4
31 3
4 11
31 4
42 23
24 8
13 20
29 34
34 32
41 27
19 20
8 16
39 11
16 17
18 5
41 33
17 27
11 13
40 8
3 7
19 7
17 8
44 20
15 7
36 20
22 37
30 30
12 19
23 23
35 39
29 34
3 34
19 4
11 24
25 26
24 24
30 34
11 40
18 16
46 25
22 32
24 8
25 8
36 22
18 8
9 24
24 32
45 9
4 11
45 5
7 22
38 17
16 10
12 34
47 26
43 28
8 35
28 35
9 29
41 4
13 3
42 27
46 31
12 32
42 17
18 6
27 26
10 38
7 36
39 40
33 3
11 28
49 7
24 25
41 40
11 13
12 27
19 25
32 6
21 2
21 18
4 21
29 32
23 27
21 27
19 36
18 36
33 17
9 33
4 9
17 13
36 25
42 36
18 3
21 22
41 36
20 28
40 12
45 5
24 24
47 16
29 11
26 24
24 25
44 14
12 39
48 13
28 36
29 6
27 39
13 36
5 40
40 20
32 9
32 20
27 6
9 12
17 40
43 9
35 28
21 25
16 2
16 40
30 12
10 21
40 32
49 40
31 9
11 10
38 21
39 24
28 38
35 6
36 20
43 24
37 40
12 32
31 15
23 32
30 12
48 26
1 30
5 23
10 12
21 2
42 8
30 13
25 12
8 37
46 39
10 23
39 40
39 39
24 19
40 37
18 3
18 23
36 35
39 3
8 18
31 6
33 7
2 35
32 3
39 1
13 12
40 14
37 11
23 15
27 15
23 9
25 20
36 34
45 27
23 36
33 3
2 36
13 26
38 18
10 7
8 37
18 15
4 9
25 20
30 30
22 20
19 34
49 37
4 16
18 23
40 32
5 13
43 8
14 24
35 18
28 23
41 2
37 36
2 19
33 22
18 21
15 19
17 1
31 9
19 40
47 1
12 27
48 30
23 26
3 3
17 17
35 30
47 31
25 37
27 8
41 36
1 35
7 35
23 24
2 38
8 4
11 6
30 11
45 1
37 22
30 5
13 24
36 35
35 9
19 21
42 28
19 29
6 32
27 26
12 4
11 4
13 37
47 7
20 40
27 4
2 30
45 33
31 15
20 35
18 3
46 30
32 39
30 39
47 1
25 4
23 28
19 14
18 9
25 7
47 25
27 10
24 11
21 8
1 10
13 31
21 8
5 11
5 31
47 13
39 18
36 3
29 37
18 2
45 19
29 4
31 23
2 17
23 4
23 1
22 23
31 28
47 30
11 24
36 1
4 21
21 31
23 20
5 11
16 1
44 8
45 12
13 18
13 34
2 35
29 39
33 27
40 18
36 9
44 14
11 5
23 32
16 6
45 32
18 4
32 19
38 32
33 2
35 31
41 25
41 3
22 2
9 16
12 5
9 28
10 5
43 21
26 13
15 6
30 39
34 27
6 20
29 1
8 23
20 5
24 25
9 9
43 19
3 9
37 14
49 12
45 8
27 34
31 37
34 15
46 27
46 25
33 35
37 31
18 22
29 37
1 19
35 19
31 30
18 3
47 25
8 10
32 35
35 17
23 22
17 23
45 2
45 8
19 31
14 20
27 12
24 40
40 11
9 23
15 11
8 8
46 9
19 33
3 30
16 21
35 36
6 11
6 12
42 27
22 13
9 10
7 7
38 35
3 10
7 16
33 31
48 39
44 21
24 19
16 19
43 14
48 22
25 32
6 25
45 28
11 31
43 36
14 22
19 24
37 36
32 33
34 6
38 28
1 36
7 15
11 27
24 13
1 14
46 5
36 25
1 15
26 32
41 18
48 33
38 33
23 16
14 18
9 23
10 36
19 19
43 6
22 8
10 30
43 8
39 33
11 17
11 27
11 36
41 32
23 10
2 22
37 28
38 40
48 13
33 16
4 8
12 27
49 7
3 18
7 1
45 40
26 6
30 19
2 5
43 27
20 3
32 11
19 14
29 1
29 3
36 6
46 34
18 1
24 19
21 31
1 25
8 4
6 39
9 7
38 16
34 23
44 40
21 31
14 11
48 38
48 15
42 26
46 39
14 8
28 33
19 22
48 33
42 23
46 10
49 22
47 23
32 18
10 19
40 9
45 11
11 10
6 36
2 37
15 22
26 22
5 27
22 32
29 16
16 28
27 27
13 3
39 21
7 32
22 3
7 19
4 40
37 37
37 31
15 8
28 19
22 34
26 11
7 10
7 15
8 6
10 11
29 11
2 22
14 24
35 20
32 39
21 3
19 6
13 9
31 37
37 31
34 6
44 34
17 13
10 9
19 30
35 25
18 29
34 38
49 10
39 18
47 37
31 5
36 35
19 38
22 18
7 39
23 8
32 34
7 36
34 6
13 2
35 3
35 22
21 10
2 30
4 18
2 13
3 33
35 23
2 4
23 25
13 23
16 34
25 3
14 24
20 18
40 5
41 32
4 9
12 15
2 25
15 32
27 13
15 35
33 24
24 24
48 34
25 20
11 28
33 34
2 36
5 6
17 10
6 19
19 35
15 8
17 34
29 34
43 1
26 21
36 40
3 16
2 35
25 24
24 8
31 1
29 38
36 15
13 23
44 35
1 40
49 2
39 39
16 10
1 24
34 26
29 12
3 27
1 13
47 12
29 17
45 21
40 12
6 27
20 17
45 4
1 39
36 20
46 1
23 30
16 28
34 40
26 22
27 9
7 27
28 24
30 12
41 12
18 3
49 25
42 13
16 19
27 36
37 4
42 3
9 34
36 26
22 5
34 5
3 15
38 14
7 14
3 12
32 25
44 3
13 17
24 28
24 33
44 3
21 23
27 18
16 18
44 9
3 35
3 6
38 10
26 35
42 38
47 2
30 35
5 25
20 1
47 16
36 2
13 30
38 11
30 3
49 20
30 35
22 32
10 28
10 13
18 2
13 5
18 7
37 16
33 14
31 32
5 38
19 3
42 14
22 30
5 32
22 36
45 10
44 14
40 12
37 14
33 21
37 10
6 25
26 17
36 39
3 33
13 21
27 13
44 23
9 8
14 40
6 5
15 24
43 35
25 30
40 4
47 32
13 39
33 14
29 10
17 16
40 38
6 9
34 38
48 14
13 34
36 5
43 27
47 9
39 22
34 30
41 22
37 19
21 32
12 33
24 21
39 20
2 14
43 29
28 28
30 26
36 6
7 13
33 2
34 20
43 3
14 11
26 4
14 22
41 27
37 1
32 40
1 7
25 11
29 5
7 17
13 34
49 7
40 39
14 8
44 37
17 24
9 32
29 7
28 25
29 14
40 25
40 32
20 37
2 34
16 11
32 24
23 34
34 11
6 27
9 28
11 35
27 22
27 7
49 31
1 40
21 9
25 6
46 38
34 13
5 24
9 33
38 27
27 26
30 13
1 21
26 20
5 13
16 7
17 39
20 37
10 19
48 14
4 14
19 21
19 17
21 17
2 13
41 25
37 37
20 13
49 35
7 1
12 40
3 26
13 6
25 15
5 32
2 29
18 8
7 11
22 17
3 5
47 31
45 6
40 36
15 23
22 34
49 34
41 3
29 19
47 19
4 3
4 38
17 28
9 24
14 4
14 15
30 18
41 7
12 25
35 33
46 27
30 7
42 3
13 20
16 31
20 37
35 36
43 17
44 39
48 20
17 1
8 17
24 4
42 34
45 31
14 1
24 30
22 11
6 38
19 28
10 11
5 26
7 5
20 31
25 18
18 25
19 32
3 14
46 12
27 8
25 39
48 30
6 1
14 11
49 27
41 29
8 27
45 28
45 10
18 21
32 17
8 23
32 21
20 31
36 23
21 18
28 38
29 26
47 12
10 32
3 16
48 6
29 9
8 8
3 39
15 15
36 5
44 26
21 23
7 3
31 22
26 34
18 16
48 23
4 4
16 28
13 6
10 16
13 33
4 29
27 39
38 16
12 28
39 11
24 36
44 19
35 23
38 13
19 33
26 26
30 31
43 4
47 19
27 31
47 21
5 39
30 22
35 30
1 40
9 5
31 15
14 15
10 26
20 20
26 14
43 20
38 39
22 12
30 26
28 15
19 20
40 11
38 8
9 28
25 31
43 6
17 24
19 27
3 1
30 32
23 6
2 4
43 18
27 34
44 22
43 19
25 21
1 11
30 12
27 36
36 3
22 12
6 34
34 22
33 33
27 23
16 25
39 37
6 31
35 26
47 31
49 23
3 26
39 15
29 24
40 2
47 15
9 31
9 12
44 32
45 27
3 9
22 23
47 30
47 28
37 3
41 5
44 2
45 14
41 30
42 26
37 13
12 25
28 18
31 25
5 21
28 34
36 27
30 1
13 35
34 32
40 26
19 30
40 7
30 36
17 30
42 40
11 33
26 2
23 13
40 32
46 1
37 26
29 3
29 33
6 37
47 10
48 6
15 31
15 8
15 33
15 22
43 35
11 28
26 7
23 20
34 21
28 34
3 6
5 34
14 28
16 36
6 6
8 10
11 15
42 24
25 18
25 24
8 22
26 14
17 4
44 29
9 33
15 25
18 2
36 34
18 40
6 29
3 31
38 8
30 38
23 1
14 1
18 16
38 31
35 36
19 5
49 38
28 7
10 19
21 25
14 36
27 2
48 25
33 30
28 14
45 12
18 37
21 15
3 13
38 12
1 18
6 40
49 40
48 6
32 27
44 35
16 17
26 30
39 34
11 14
15 17
27 29
22 39
46 11
35 35
24 9
11 20
2 19
29 28
8 22
12 33
17 21
2 35
14 33
42 1
21 8
40 38
27 36
12 14
41 35
37 28
34 14
31 20
7 6
3 7
16 31
42 1
4 14
42 1
25 27
8 22
48 1
37 2
26 37
18 15
13 34
25 27
45 14
33 19
14 16
11 21
5 13
36 10
25 12
9 38
44 40
43 12
18 10
39 17
2 12
39 8
47 12
23 30
24 2
22 24
4 4
9 6
38 28
19 15
8 36
38 7
3 17
39 11
35 34
47 34
13 34
46 19
5 10
9 14
12 33
47 1
29 26
27 5
33 18
49 37
41 3
21 36
19 15
44 14
19 36
35 27
13 37
20 25
42 37
49 36
14 32
23 8
10 3
15 14
17 24
24 15
12 27
12 15
1 8
28 39
32 12
47 2
22 4
27 22
45 35
20 17
32 8
22 17
32 15
16 30
22 40
34 1
15 17
3 24
44 20
3 5
24 29
26 38
48 37
45 12
22 4
13 8
21 24
49 34
32 38
32 37
44 3
22 19
42 7
20 14
15 39
33 12
6 35
49 17
44 19
20 16
21 11
41 23
41 31
6 16
4 23
32 29
15 8
22 38
12 33
1 37
21 11
20 15
5 9
41 39
15 16
22 25
38 30
29 6
2 2
28 37
27 33
41 28
47 35
2 30
8 32
10 29
38 32
33 33
43 2
39 17
23 36
13 35
28 34
1 21
10 1
30 25
48 29
21 18
24 3
20 37
16 33
32 16
5 6
33 6
27 34
7 14
35 38
3 14
4 23
5 31
16 36
46 19
34 40
35 11
9 18
7 12
12 34
22 10
38 22
48 38
14 25
41 35
21 29
21 33
48 1
37 40
14 10
49 29
36 3
23 31
21 18
18 5
10 39
22 29
21 31
38 34
43 20
13 6
43 4
11 12
14 17
18 12
43 7
11 32
26 16
26 30
38 34
35 4
27 21
24 18
25 37
4 34
24 33
33 14
40 29
47 6
9 11
40 37
8 38
46 4
35 35
34 30
35 10
14 3
44 4
9 28
18 9
48 33
26 27
7 28
34 36
45 8
18 39
2 11
40 40
48 30
36 33
41 38
18 25
21 10
30 1
46 19
39 31
31 23
38 17
32 26
38 34
46 32
23 18
37 38
24 19
26 35
16 30
36 26
21 31
10 22
28 24
17 39
12 38
49 27
45 35
10 9
12 4
40 2
32 6
19 23
29 8
44 15
8 3
15 9
48 34
47 2
8 6
29 19
15 40
12 38
16 20
44 29
21 15
47 16
47 38
14 32
16 32
3 15
38 7
25 3
12 15
37 15
16 8
24 32
3 4
37 31
11 25
34 10
25 3
33 39
18 29
10 7
10 6
10 10
27 29
6 13
5 39
25 31
36 31
30 8
15 3
45 32
38 23
43 32
12 22
8 6
49 33
39 36
25 5
41 19
30 10
4 38
22 24
19 18
13 20
29 17
43 3
33 18
6 1
6 34
29 10
7 28
41 7
18 2
41 24
21 17
24 9
23 8
13 11
40 6
3 21
24 9
17 18
31 29
47 34
10 38
10 38
37 30
22 26
32 4
32 33
49 30
39 24
40 2
16 38
27 36
31 27
26 14
15 4
8 24
40 29
43 2
30 21
36 8
30 18
7 16
46 22
17 10
5 7
45 31
24 3
1 20
21 32
26 16
23 23
18 35
35 24
2 10
49 20
38 12
30 9
3 12
38 40
14 28
45 16
14 37
12 11
38 14
26 11
34 11
39 1
43 14
12 5
17 32
1 25
9 4
15 39
7 36
24 31
1 19
24 24
10 27
42 8
40 39
33 15
14 20
21 22
6 29
22 12
12 21
21 19
25 20
19 14
24 14
19 12
1 34
17 11
16 4
20 21
43 12
35 25
35 4
25 1
18 8
32 16
20 13
14 26
13 3
48 22
10 23
28 8
31 6
46 5
12 30
41 7
4 29
45 12
38 40
3 5
2 23
3 34
48 14
30 24
17 28
46 18
36 37
14 31
32 39
45 11
34 28
40 20
35 18
4 29
12 25
32 11
39 2
4 20
30 33
44 26
40 17
21 28
48 28
35 15
36 21
22 24
46 8
19 7
31 29
34 25
6 39
27 8
25 36
24 1
6 27
49 25
34 6
36 15
43 32
17 30
12 24
44 10
22 14
36 26
28 30
30 3
28 35
2 26
9 29
41 34
47 9
12 29
18 3
47 25
32 12
7 36
45 3
42 18
14 1
11 27
7 29
20 14
13 13
10 12
21 26
17 1
47 40
40 40
36 19
10 3
40 31
19 16
44 23
14 22
19 26
16 13
45 23
32 39
25 36
18 12
47 9
18 13
47 31
31 19
8 39
16 23
49 7
4 16
39 5
42 26
40 33
1 25
28 3
15 5
3 33
10 33
23 5
32 4
17 17
38 7
47 28
20 31
37 2
24 33
38 16
48 1
27 8
10 40
19 36
24 30
13 33
5 28
2 39
26 16
11 11
7 18
45 20
12 34
11 10
33 36
35 8
34 31
1 30
4 35
47 23
8 12
7 29
29 5
32 26
32 1
4 26
37 32
32 39
3 15
15 22
20 38
33 13
28 40
19 34
35 18
40 28
40 37
11 30
3 31
5 16
26 31
35 27
19 2
21 11
41 26
25 16
24 30
20 20
46 1
14 32
20 34
32 21
30 29
14 37
24 29
1 11
36 24
41 36
5 34
6 28
27 3
2 38
47 5
37 32
41 32
33 33
7 11
1 8
9 28
13 39
44 37
45 10
6 25
23 29
30 38
4 32
7 16
31 16
49 8
30 12
1 21
35 19
18 38
37 25
24 28
42 15
6 13
1 22
36 36
20 11
8 36
32 30
41 23
11 28
12 39
42 7
9 38
20 4
6 32
6 2
11 6
11 4
10 37
47 6
6 33
8 19
3 24
25 13
2 39
8 16
8 6
9 4
17 29
20 25
18 17
17 22
16 9
17 1
25 22
31 40
13 1
21 25
29 31
25 7
4 6
13 35
24 23
10 34
11 26
3 40
35 4
36 37
33 22
10 6
33 25
45 24
28 33
33 37
14 26
7 35
13 19
17 32
25 35
7 13
2 32
11 28
35 17
22 11
27 37
47 21
38 3
1 21
29 12
24 8
7 38
39 6
9 8
6 38
8 34
39 19
24 17
37 12
19 10
12 14
11 37
20 20
30 23
36 32
46 20
32 15
43 17
18 2
34 32
22 17
19 33
25 10
49 16
3 12
35 33
2 21
5 2
24 24
22 19
35 35
47 19
23 8
32 30
22 31
24 12
2 21
15 35
41 16
6 13
7 34
49 38
6 22
20 9
35 36
38 8
32 5
21 18
48 35
6 9
31 35
41 25
47 17
23 4
8 22
36 14
2 1
8 37
41 38
18 16
26 8
4 4
10 4
17 36
47 17
19 34
14 5
23 25
20 10
4 18
13 28
44 29
33 12
11 19
35 26
23 23
6 6
19 5
46 21
12 6
21 20
29 24
18 33
26 1
25 14
41 27
21 25
39 20
5 18
43 8
22 13
42 12
47 11
46 9
25 17
14 21
28 27
46 1
46 37
39 16
4 24
4 32
25 28
25 37
33 17
39 10
9 14
25 31
8 32
30 37
44 9
11 11
5 20
48 36
4 13
7 9
32 25
25 21
34 37
7 16
15 3
29 13
32 14
17 11
3 24
11 36
19 9
42 30
17 23
39 34
11 11
30 3
9 25
16 37
10 13
28 12
6 15
29 32
30 13
24 23
11 2
10 24
21 37
39 25
24 24
34 35
33 22
16 34
16 12
10 23
45 8
25 9
25 29
21 32
19 3
9 10
9 26
11 11
40 24
49 34
44 4
7 21
13 33
48 30
9 18
12 22
39 32
42 39
48 13
17 1
7 34
41 29
24 9
40 9
5 17
34 37
7 32
25 7
24 14
26 16
32 13
27 40
12 33
24 29
48 9
29 22
15 10
1 4
38 12
9 18
13 40
4 20
48 38
37 40
39 29
36 7
5 30
43 1
16 19
19 11
4 20
46 1
9 23
22 37
1 6
14 34
22 20
19 8
17 6
31 7
2 20
44 4
28 35
18 5
9 13
32 39
16 27
45 6
36 17
19 34
15 5
8 35
17 7
16 21
11 36
44 34
18 12
24 20
2 17
6 25
46 2
15 3
44 23
37 23
23 22
1 29
45 7
4 37
28 31
25 12
43 34
47 30
8 5
9 29
45 3
23 31
2 35
13 35
14 33
21 20
5 13
47 7
15 9
3 40
31 1
46 36
46 23
43 9
23 1
33 2
37 11
20 28
17 34
45 8
40 3
24 28
22 11
16 39
37 36
1 40
13 13
27 40
23 3
31 23
43 6
15 15
23 34
31 23
48 17
21 12
38 34
47 19
28 33
35 26
24 16
32 39
43 34
15 3
30 37
9 40
49 23
42 1
42 34
41 16
16 19
30 34
49 24
22 21
17 17
32 29
34 8
45 34
27 29
29 13
19 13
28 39
15 36
49 26
35 21
14 35
9 14
8 16
32 4
38 28
17 24
9 2
2 31
16 10
33 12
43 34
10 17
14 17
6 37
36 35
37 22
48 36
6 25
24 24
9 4
1 32
7 19
30 39
6 12
14 5
44 17
9 38
29 31
14 6
15 18
27 16
27 28
45 28
28 34
43 9
12 25
29 6
9 22
37 33
17 3
15 9
22 23
13 26
23 11
45 23
23 20
32 23
16 29
20 7
22 27
33 1
12 14
18 7
43 38
47 12
11 3
23 21
11 29
10 36
39 27
15 30
1 40
13 22
9 37
37 37
38 37
33 33
30 3
10 17
19 38
48 11
33 29
44 9
2 2
10 16
30 5
41 1
7 1
46 27
46 37
12 5
10 15
30 36
44 19
10 38
21 20
39 29
27 21
10 10
14 15
23 34
6 23
48 26
31 20
20 23
38 25
2 6
27 8
35 7
45 24
14 8
39 14
7 11
48 33
22 19
1 12
9 9
11 5
27 32
6 19
48 14
30 2
41 14
48 33
18 15
12 33
45 29
6 22
47 3
37 13
42 16
4 36
22 4
28 33
32 20
26 22
33 2
40 21
10 19
43 22
36 31
44 17
42 38
39 1
49 23
27 20
24 25
11 31
6 26
43 13
37 9
2 25
6 29
44 12
29 23
44 32
32 37
23 39
40 14
17 15
23 12
14 6
48 5
29 32
48 20
29 12
39 5
38 23
24 31
39 15
16 25
11 8
48 17
11 4
6 27
10 27
36 33
19 31
21 29
32 14
33 17
24 19
23 26
6 3
48 3
17 9
17 33
18 28
31 32
7 15
45 31
46 20
39 38
45 33
32 22
2 33
9 17
46 14
17 8
45 17
6 19
18 6
29 12
24 16
35 21
29 39
26 24
47 32
22 21
22 28
40 14
30 19
3 35
45 29
16 8
28 25
45 12
19 4
6 2
16 25
21 11
14 14
41 31
39 28
39 9
10 38
13 5
45 32
10 37
40 1
40 2
6 11
14 2
27 1
43 32
9 12
33 4
1 18
40 20
33 39
36 10
16 8
33 28
43 11
13 13
15 6
28 40
9 23
17 34
29 15
15 3
7 28
41 20
44 17
22 33
29 40
46 28
14 22
8 21
16 11
34 10
33 30
42 33
38 2
35 17
14 18
24 12
30 39
22 10
19 35
28 11
27 11
5 12
40 15
20 30
20 38
19 2
38 33
46 40
9 36
41 31
20 28
32 30
38 40
37 23
19 27
21 13
17 24
32 35
14 18
27 24
13 9
20 33
18 20
24 36
19 26
49 4
35 39
22 4
29 14
9 36
6 31
32 33
46 29
38 3
5 11
15 7
3 38
48 11
25 6
49 2
34 15
6 9
37 31
1 24
32 20
31 5
40 10
34 39
47 9
5 11
10 6
17 29
27 40
24 7
46 3
14 10
10 9
6 2
4 35
34 34
33 28
18 5
47 8
34 37
46 21
41 10
13 8
11 19
39 3
38 7
41 33
23 18
23 26
44 20
33 22
25 40
10 7
40 39
26 14
7 3
2 28
19 11
1 13
10 6
42 37
17 3
14 40
17 32
14 27
39 36
2 40
45 5
30 30
28 21
34 15
9 31
30 31
34 22
24 18
15 30
5 37
18 7
42 7
8 6
49 40
7 40
2 36
23 12
6 15
36 23
2 10
42 37
23 29
14 26
28 9
39 1
35 8
18 26
49 10
29 14
10 15
16 18
39 16
19 3
37 4
42 33
42 19
26 10
19 39
9 6
37 24
34 23
4 31
7 39
5 31
34 15
23 32
19 8
32 3
46 28
30 1
6 37
26 40
14 18
35 19
43 11
19 17
42 40
47 3
11 16
30 10
6 6
16 10
15 20
4 34
26 32
17 5
26 8
22 14
32 26
46 11
47 10
30 9
21 29
19 25
12 1
12 5
22 6
32 20
28 8
43 5
42 4
38 13
44 4
15 3
2 6
49 10
46 3
19 6
44 3
26 28
38 37
36 11
44 22
6 31
16 15
2 30
27 9
25 17
3 36
47 20
29 13
25 31
24 20
14 14
20 25
4 31
15 27
34 9
45 27
37 31
17 19
46 31
17 29
28 5
48 26
31 1
2 4
45 13
43 13
8 12
35 39
43 33
44 7
28 10
4 12
40 26
43 25
23 30
15 11
34 1
45 28
33 23
19 37
8 31
13 17
16 30
27 28
17 28
20 3
28 9
30 23
11 39
38 17
35 10
14 14
12 30
45 13
24 30
13 24
6 3
48 11
2 39
13 4
15 11
35 9
7 4
16 31
42 24
44 28
23 22
14 18
1 24
19 37
1 11
36 36
34 25
43 2
18 20
35 17
2 2
43 36
9 15
38 5
31 24
7 12
23 28
33 21
6 1
45 24
9 19
2 5
17 21
24 31
33 28
4 25
1 36
22 40
7 18
39 7
32 32
13 33
5 5
35 31
34 2
17 35
10 35
49 36
45 1
13 36
27 5
34 23
8 20
10 6
21 32
32 28
1 4
42 23
33 35
9 28
29 14
3 24
17 8
27 14
16 13
5 31
1 31
14 10
37 1
4 36
6 11
5 26
27 26
29 17
1 12
22 3
26 17
36 36
32 16
10 15
36 21
47 31
45 28
13 22
16 11
19 32
42 30
16 3
2 33
26 39
24 16
37 15
11 1
40 7
47 16
29 29
17 23
36 31
15 12
34 2
33 31
15 29
34 18
9 30
20 5
20 6
33 29
5 19
9 24
19 6
4 35
20 31
44 34
20 13
35 18
35 10
49 13
6 12
2 18
24 38
16 29
8 40
48 13
17 29
32 22
5 21
20 11
28 5
35 33
25 18
28 38
3 16
34 20
41 11
28 23
30 8
48 29
27 22
36 14
47 4
8 21
18 26
27 29
32 26
19 13
48 25
46 19
37 21
8 28
29 16
46 24
9 8
35 11
8 7
29 8
17 31
19 27
28 12
29 36
10 19
47 1
7 22
47 34
23 18
4 30
45 9
24 37
16 22
28 28
48 18
34 26
42 35
43 19
7 28
43 11
2 9
37 4
40 21
24 21
46 19
26 19
20 6
42 4
40 40
3 21
38 26
1 10
26 37
2 31
37 11
33 30
9 32
35 10
3 32
4 35
28 21
21 35
33 23
6 24
10 16
3 6
36 19
20 16
15 18
10 31
15 3
31 20
7 23
15 1
7 28
15 1
29 25
40 9
5 7
13 35
24 10
19 36
33 6
25 17
21 13
49 4
15 9
38 10
14 30
30 27
26 37
12 7
26 19
21 36
14 13
26 30
47 31
30 34
20 4
44 23
2 20
26 13
47 14
15 30
40 5
26 3
12 4
21 22
2 17
27 17
18 13
28 36
20 29
22 3
20 3
16 30
32 30
41 23
9 13
10 11
14 26
35 31
19 12
24 3
40 11
28 12
30 13
26 8
3 34
20 36
1 30
1 6
48 24
18 30
36 23
32 16
21 35
11 11
37 14
40 25
36 1
12 5
32 16
23 25
3 7
49 14
47 1
21 16
11 5
7 23
13 6
43 7
44 36
29 38
8 27
37 36
10 37
13 10
34 28
12 8
43 37
34 6
7 6
42 16
46 37
46 28
28 7
49 21
10 31
25 29
21 20
11 34
23 10
8 31
41 14
23 30
32 20
4 33
45 39
30 4
17 8
36 12
14 25
29 13
41 7
9 10
31 2
43 24
10 29
10 15
46 20
30 5
7 8
24 38
30 38
6 31
7 3
36 14
14 9
16 6
35 21
12 5
18 33
30 11
13 17
47 32
45 37
5 24
12 11
42 1
27 11
2 2
16 22
23 11
23 13
32 16
31 9
18 24
34 3
24 7
24 30
33 39
3 7
13 27
24 7
45 36
49 19
8 27
16 36
3 24
45 26
30 6
5 23
48 24
21 28
33 32
34 28
5 8
20 39
15 34
19 17
32 38
17 17
9 27
14 27
10 34
43 13
26 19
2 19
45 25
23 32
49 8
1 4
12 31
49 3
4 34
23 22
32 7
49 8
14 27
25 10
30 25
16 14
24 39
7 28
42 24
37 21
46 30
19 20
16 11
36 27
4 3
13 5
36 26
1 25
37 29
10 34
23 24
49 32
1 18
17 12
45 26
2 26
41 19
3 10
38 29
16 22
11 26
3 30
23 31
12 24
21 34
36 8
26 11
41 2
26 3
29 23
32 29
49 11
48 35
20 5
14 29
26 17
22 10
18 39
16 20
43 33
40 14
30 12
19 25
46 34
7 35
2 34
33 20
9 17
6 17
32 15
17 34
37 1
6 21
11 12
16 25
9 35
15 39
14 11
20 32
44 24
4 19
32 34
21 36
25 32
35 4
29 30
27 19
7 23
16 34
34 27
20 13
40 36
39 21
11 24
49 3
42 7
25 38
16 30
7 14
38 36
49 13
15 32
28 8
34 11
42 3
33 1
14 8
29 7
27 9
33 2
42 12
10 3
24 27
5 8
37 4
8 5
19 35
46 14
48 30
5 20
4 1
49 36
3 4
30 6
21 39
30 23
20 36
17 26
36 35
25 4
22 1
40 12
33 10
28 26
13 15
24 27
23 27
14 40
37 13
16 33
20 24
25 36
34 14
43 33
24 27
29 39
17 4
31 9
32 20
30 33
6 4
25 26
34 11
45 6
33 19
36 34
19 10
9 25
29 14
35 27
10 8
33 1
43 19
15 20
40 35
22 12
44 39
49 38
36 18
18 13
46 25
24 1
35 25
11 32
28 34
1 1
21 19
40 28
23 37
41 21
39 21
37 7
1 8
49 9
6 18
43 18
20 38
6 4
3 12
3 16
34 11
41 28
8 7
2 10
5 5
12 3
1 14
29 38
32 34
6 12
46 6
17 32
41 17
45 15
40 4
44 20
15 29
12 6
5 17
44 9
6 15
39 6
48 38
32 23
8 10
10 14
27 28
17 25
49 40
48 38
32 9
27 38
41 1
21 40
15 21
4 7
46 24
22 13
38 40
35 1
38 6
42 14
29 9
42 4
20 33
29 14
6 26
26 26
15 3
34 24
6 4
33 39
40 26
47 22
11 37
5 3
31 12
6 20
2 9
30 35
12 14
16 9
2 11
35 11
31 9
31 13
27 16
43 13
28 7
32 35
37 4
48 24
5 4
6 10
24 33
44 24
39 37
10 6
48 5
23 31
33 2
40 14
2 3
22 7
39 13
29 32
18 10
47 26
10 19
31 13
24 29
19 20
22 36
46 17
30 16
19 2
34 2
7 32
23 3
19 23
16 3
11 36
7 38
30 9
47 35
44 35
20 29
34 32
26 3
5 20
49 18
43 37
24 40
45 10
11 4
6 9
10 12
42 24
31 8
17 38
49 24
47 28
15 26
15 1
23 34
9 32
41 15
9 16
19 28
17 1
17 14
8 16
30 29
1 9
36 18
18 37
29 1
42 22
43 3
17 31
34 26
31 37
49 14
41 1
48 24
12 26
2 22
10 27
8 7
1 30
14 16
12 16
28 10
33 30
6 38
7 7
15 1
11 18
31 12
46 18
35 36
28 24
39 26
13 30
39 32
30 38
25 11
27 18
30 11
1 21
11 22
9 7
34 5
28 40
1 11
11 11
7 27
8 19
2 38
36 37
13 4
31 11
1 10
30 8
35 22
44 7
26 22
8 26
10 5
30 28
45 37
23 33
11 10
32 38
27 29
2 25
1 35
29 39
7 39
24 36
5 26
15 31
30 15
3 5
11 36
28 9
24 11
10 26
10 2
44 25
29 16
34 32
9 14
23 36
34 35
33 8
28 14
13 13
29 29
26 22
43 36
7 8
6 3
5 24
32 21
3 16
48 27
44 8
38 26
7 28
42 34
44 33
9 19
36 5
8 13
5 35
31 2
12 24
48 27
47 32
25 12
38 31
22 3
38 8
39 5
24 37
37 28
24 10
20 18
6 16
48 1
20 29
43 3
13 27
14 12
46 2
17 11
29 9
14 12
9 37
46 6
11 6
34 6
13 18
38 20
45 21
8 24
41 35
25 11
41 17
32 7
11 16
22 38
5 30
3 27
7 23
8 1
12 13
7 15
37 27
1 13
9 3
8 12
31 38
1 35
40 29
48 4
48 1
16 29
2 2
16 35
47 12
2 22
28 17
49 36
5 23
44 35
39 4
32 20
8 32
5 27
25 35
43 23
46 21
6 38
31 32
3 28
21 26
7 29
22 6
21 4
22 38
35 31
30 35
34 21
35 25
49 16
4 17
27 6
12 25
36 14
2 20
18 36
21 28
16 8
27 38
17 11
14 33
38 31
40 8
28 35
49 30
7 18
24 24
1 25
19 6
12 5
46 32
42 20
26 10
25 12
11 26
39 15
1 1
11 33
14 24
40 3
8 38
41 18
46 16
35 29
38 37
8 15
40 15
2 18
26 16
22 22
15 10
17 17
45 16
47 31
29 1
10 34
25 12
26 18
48 37
17 35
36 1
27 35
33 4
24 16
41 20
36 11
26 19
21 7
4 2
49 16
35 2
3 36
11 30
37 4
7 18
48 13
47 19
38 35
17 40
44 34
33 10
15 38
23 4
31 39
3 30
34 15
15 2
16 2
30 14
24 34
47 30
27 33
35 34
2 1
32 32
17 11
32 24
6 38
24 32
20 5
38 31
4 19
30 10
43 27
45 22
15 20
29 29
22 38
45 33
12 33
11 18
42 29
13 36
27 30
42 17
46 9
34 12
34 40
39 10
8 28
46 9
45 31
42 38
32 12
37 23
15 22
18 1
20 28
43 39
33 28
45 14
40 19
23 28
34 14
19 25
20 39
22 7
41 11
46 37
43 39
15 11
48 38
17 13
7 23
48 28
14 19
19 3
29 24
22 27
30 16
1 13
43 15
44 22
18 10
6 35
8 15
47 25
34 12
35 29
30 30
8 21
19 38
34 30
35 36
20 36
10 33
8 18
25 36
39 14
38 28
6 21
21 2
1 35
7 38
30 13
28 29
30 15
30 37
19 11
6 5
11 24
47 7
31 27
11 8
5 11
32 23
23 36
43 36
44 12
47 24
13 12
19 24
20 19
12 33
33 18
45 12
6 30
43 38
32 22
22 33
42 40
43 38
21 6
28 11
16 36
33 34
19 8
5 18
2 28
46 3
9 34
12 28
13 31
37 11
4 1
5 15
47 4
8 35
10 40
39 34
21 32
3 5
25 32
3 17
17 8
45 25
5 10
26 21
17 35
13 8
37 36
25 12
20 15
2 13
9 31
42 5
37 18
15 23
14 29
13 11
26 13
26 3
47 29
35 2
34 40
5 6
26 3
12 21
34 8
37 13
34 3
38 30
5 1
18 40
4 32
3 24
18 33
33 40
19 34
46 8
27 16
26 9
16 2
42 38
48 37
42 13
34 25
42 21
19 6
12 30
22 1
8 40
6 19
29 28
3 14
45 13
12 25
18 5
11 5
7 13
47 2
18 38
32 3
17 33
35 15
29 2
22 16
38 35
39 39
26 3
12 16
2 35
25 40
18 16
46 12
31 24
46 8
43 39
15 6
26 5
15 14
33 23
33 5
10 13
12 7
45 36
37 18
9 8
12 2
19 10
32 4
4 32
42 34
1 3
43 16
49 18
21 18
35 24
2 25
21 7
22 27
48 29
47 35
22 38
35 37
35 15
28 18
26 27
31 34
27 11
33 6
2 12
5 19
29 32
1 22
1 3
31 28
6 4
45 23
33 29
42 29
47 12
15 25
11 24
32 9
10 20
16 3
30 6
35 39
47 33
7 22
42 34
32 8
5 7
6 14
28 2
16 26
19 23
28 6
7 24
38 25
3 37
18 11
1 5
2 29
22 15
33 19
49 36
3 33
13 8
49 12
48 4
22 34
18 12
29 4
10 13
48 27
38 2
12 14
42 18
36 27
16 26
36 15
25 7
14 6
16 36
16 22
31 30
42 21
39 31
3 40
21 24
4 10
16 7
40 6
25 9
37 20
38 12
37 7
18 21
12 39
4 14
36 9
22 2
6 22
20 25
4 7
7 36
40 22
12 4
17 28
15 3
45 24
27 38
5 32
35 12
4 5
47 13
45 18
24 2
30 6
36 5
3 11
36 10
14 35
46 36
36 26
19 18
47 15
31 9
48 24
23 10
22 39
23 31
14 35
20 40
14 39
22 7
27 23
8 34
24 9
27 31
46 12
17 28
24 16
24 30
21 36
43 8
21 27
9 29
1 32
34 21
14 26
5 37
45 33
33 8
45 21
26 3
12 30
32 11
36 29
40 19
42 25
25 1
38 7
35 33
39 3
47 28
31 35
20 16
48 35
43 34
1 31
1 23
35 1
41 38
31 29
23 39
35 15
2 24
40 31
10 39
35 28
15 32
19 5
4 21
28 26
19 26
38 31
13 11
23 40
33 16
26 11
23 11
28 23
8 18
44 22
31 9
46 32
22 13
41 24
8 22
30 6
26 5
14 30
19 30
2 17
4 30
43 1
39 39
29 11
30 33
22 6
8 14
38 7
15 21
44 9
30 5
21 4
20 28
24 24
38 16
44 9
47 22
20 15
35 31
24 5
19 9
11 15
28 13
6 4
43 35
48 18
14 8
9 33
17 39
1 7
49 28
38 38
8 9
13 37
28 7
35 36
42 37
9 37
18 36
34 27
49 35
21 28
32 26
3 20
19 12
31 16
16 9
18 5
3 1
22 21
6 1
21 29
30 26
23 4
37 35
44 21
41 21
25 7
12 20
21 21
10 34
46 23
48 33
7 19
7 31
38 33
11 11
32 18
47 29
35 28
34 25
29 12
22 19
46 19
43 34
37 39
23 13
1 38
13 7
36 4
24 38
1 5
26 28
4 14
30 12
42 36
48 37
26 4
24 6
42 33
47 14
14 19
39 28
21 13
44 37
47 4
10 32
10 28
32 6
13 40
3 12
10 29
31 12
39 37
46 7
34 18
24 18
19 33
49 22
47 22
16 19
15 18
23 35
19 16
49 11
19 12
42 22
15 37
9 20
3 13
47 23
29 3
7 38
22 18
18 7
17 2
4 6
34 12
10 1
34 8
27 28
20 13
4 14
11 29
36 37
25 36
28 2
1 32
16 39
44 31
39 17
33 16
41 6
21 34
45 37
29 17
48 38
16 28
34 36
33 1
13 17
45 9
21 32
41 29
42 36
14 19
18 35
41 39
49 27
7 13
23 25
29 35
32 30
5 34
47 32
8 28
47 1
2 7
43 8
6 8
16 2
37 39
37 31
46 21
31 39
49 25
20 6
15 29
2 20
24 6
35 14
18 16
37 13
39 29
7 38
12 21
20 23
33 5
25 25
41 22
24 3
18 12
17 32
34 2
14 27
2 10
24 33
42 26
48 6
12 22
25 7
7 23
29 21
31 33
17 12
11 17
37 34
40 1
14 28
32 18
43 35
28 7
26 13
46 1
25 1
38 12
48 10
44 21
49 3
6 24
39 6
2 7
37 29
13 28
29 31
39 4
3 17
34 18
3 35
12 13
7 4
13 1
44 11
20 3
12 39
27 5
44 4
5 35
13 19
16 29
30 24
11 32
26 29
6 16
23 25
30 12
9 40
44 6
47 14
31 29
20 36
12 5
25 30
8 19
11 28
19 35
11 26
38 23
21 18
20 8
5 36
12 7
44 17
49 33
24 5
30 30
45 15
14 39
13 21
27 14
29 36
6 33
27 16
9 39
35 15
11 40
49 34
24 19
1 31
49 23
30 2
33 13
24 38
32 15
46 14
10 36
11 6
20 20
17 19
23 7
24 6
2 4
29 6
29 25
24 13
20 12
3 18
12 34
19 16
13 15
4 31
14 26
14 38
37 34
14 31
42 12
23 12
30 35
18 2
7 15
35 34
7 39
5 13
15 19
25 32
2 14
7 3
4 27
13 39
37 36
44 40
48 17
3 22
7 30
23 19
49 26
31 28
3 27
20 27
24 25
18 10
14 19
27 11
49 17
33 36
6 37
1 34
28 33
16 31
26 35
37 29
46 12
26 6
27 37
48 10
36 6
39 39
32 1
28 29
46 25
44 29
32 26
8 26
14 23
36 13
34 21
40 13
41 9
15 21
44 7
18 36
19 38
38 29
40 2
36 24
41 6
31 30
4 7
12 4
22 1
48 3
46 24
38 27
48 12
6 16
41 37
20 31
49 5
5 16
37 8
6 35
47 1
15 37
14 4
27 39
2 14
21 22
34 31
5 31
38 38
14 30
8 24
19 18
23 38
9 22
7 17
34 12
34 6
6 12
35 15
4 2
36 38
44 20
4 11
25 25
14 24
38 4
21 22
30 17
12 9
24 38
16 4
41 30
48 28
3 11
45 15
5 16
9 28
27 26
12 12
38 10
2 22
45 21
8 15
30 16
25 18
43 6
8 2
37 24
29 15
3 13
19 14
35 34
49 22
13 8
29 1
5 9
36 4
3 19
21 38
23 12
34 32
39 37
45 29
11 7
16 17
33 6
4 26
37 16
21 15
10 22
23 30
43 28
1 14
38 16
42 30
6 34
25 30
18 32
45 1
25 12
16 19
7 29
1 38
49 26
33 5
5 19
22 34
29 29
24 24
43 20
1 2
43 37
4 35
34 6
3 1
38 40
26 22
17 14
46 35
33 36
39 21
8 13
4 34
30 19
35 34
2 15
46 21
2 33
15 29
21 14
4 36
11 27
33 25
6 7
49 1
37 12
39 26
41 20
16 24
40 23
26 35
5 1
47 11
27 5
39 33
13 34
5 40
24 6
30 22
49 1
3 34
16 20
3 5
43 21
37 40
3 1
43 24
32 7
15 4
44 14
28 22
1 22
2 35
26 7
2 29
40 23
3 1
15 36
12 10
45 26
6 40
34 16
26 5
32 20
35 16
46 30
44 21
4 13
45 37
9 20
15 2
46 23
2 30
9 37
41 39
48 8
13 39
3 24
48 23
6 2
41 10
37 6
47 1
18 10
40 31
42 15
40 32
25 37
38 6
45 15
48 10
47 4
43 39
26 24
6 21
28 33
49 12
23 25
14 8
33 37
16 7
15 22
22 33
49 11
22 35
1 10
30 32
42 36
17 29
31 23
7 14
49 12
1 25
6 30
2 35
14 5
38 39
13 17
13 3
22 23
46 3
37 24
34 8
33 31
8 16
18 31
15 39
35 15
33 28
20 34
24 12
28 37
19 4
16 20
4 11
36 24
30 1
29 6
40 39
10 23
22 28
16 38
18 5
21 1
49 3
24 4
24 17
17 2
21 27
21 1
15 22
6 24
36 12
42 33
11 5
28 12
28 20
29 1
46 12
5 5
7 10
20 31
5 40
31 38
21 34
44 4
28 10
25 14
9 39
47 9
5 22
1 21
46 14
4 6
11 27
19 35
7 12
37 27
21 20
31 19
45 37
48 29
46 21
35 11
14 36
12 26
29 6
36 18
17 20
22 28
43 40
9 28
14 10
43 40
26 12
22 36
39 39
24 16
36 23
41 32
25 22
27 32
27 35
6 38
6 4
22 14
45 27
35 5
5 15
23 11
43 36
40 13
49 1
16 28
6 40
28 39
8 35
11 11
7 6
29 17
17 26
2 28
23 34
32 12
15 29
10 24
48 12
6 23
21 10
22 13
15 40
10 40
26 17
19 5
30 26
42 31
21 33
46 24
8 37
49 21
23 19
47 38
30 3
14 21
13 16
40 39
36 26
46 24
23 36
41 22
36 30
23 26
16 26
28 31
2 30
45 25
22 37
29 36
4 21
44 39
38 17
37 20
7 9
9 5
32 32
19 11
39 3
39 23
31 32
48 33
42 14
35 23
32 20
22 12
25 29
7 23
8 3
46 8
42 28
5 29
14 20
20 3
21 18
30 9
3 39
6 33
3 22
46 30
18 22
45 9
35 16
37 24
47 9
3 15
22 3
41 10
7 30
22 14
26 17
38 15
21 15
37 7
46 2
19 34
19 10
5 11
44 19
27 14
21 32
46 4
35 8
33 31
35 10
17 37
29 31
38 19
15 7
40 17
27 8
9 13
48 38
45 31
27 35
6 29
36 13
9 35
15 33
49 31
16 25
23 30
37 21
29 31
37 34
7 29
37 36
27 9
8 2
1 15
37 35
9 17
41 16
1 33
15 21
24 9
37 11
38 1
45 8
13 30
48 38
2 22
2 14
1 22
46 30
18 2
11 25
48 22
12 19
37 23
40 22
15 36
5 38
17 5
46 16
15 27
15 14
7 34
14 2
30 35
30 17
31 4
36 30
24 39
35 29
18 16
38 39
8 7
3 19
19 19
3 8
19 23
13 20
31 8
40 30
48 39
23 21
17 25
2 31
8 32
43 29
7 18
26 33
20 3
30 11
15 36
23 11
14 11
17 38
26 27
26 4
41 12
44 6
1 1
13 4
44 30
10 27
10 39
9 33
28 35
1 16
19 23
19 3
36 27
21 35
21 39
6 12
19 5
21 40
13 38
44 10
37 13
31 17
26 21
43 37
26 2
16 9
39 7
7 11
40 34
37 38
2 20
36 15
23 6
20 30
17 30
43 25
7 17
1 6
19 17
45 30
35 37
27 10
33 23
15 40
36 11
27 3
33 11
27 40
31 16
42 15
25 36
28 26
3 24
35 25
28 18
25 8
26 30
23 7
46 40
14 34
48 21
12 27
36 39
8 1
6 34
7 32
6 27
35 24
49 10
34 29
7 36
14 11
14 12
18 16
42 32
10 33
7 18
40 38
45 23
45 5
48 36
8 6
49 17
14 21
41 27
35 6
12 33
4 39
1 6
5 37
24 34
26 27
19 20
27 26
25 28
25 31
27 5
13 9
23 1
4 6
22 2
31 9
4 38
32 13
48 20
12 23
39 23
12 21
49 1
36 25
36 28
9 29
32 4
34 35
39 10
19 19
19 20
43 9
4 19
9 29
20 27
26 20
43 13
49 35
33 14
6 24
18 39
36 38
20 32
13 40
35 3
38 20
46 28
31 31
24 3
11 5
1 38
21 17
44 1
49 15
6 16
41 25
34 30
5 29
43 14
28 17
42 2
47 26
34 20
4 11
18 29
31 37
18 3
6 33
17 16
28 3
36 13
3 21
21 4
38 28
17 4
26 38
36 14
28 11
6 14
4 6
10 30
49 38
44 36
19 20
44 31
15 37
1 3
37 5
2 24
32 16
25 8
21 7
46 12
41 21
41 11
34 22
36 23
29 16
10 8
10 1
18 24
45 19
5 4
42 36
8 2
23 17
42 20
37 36
44 31
21 11
41 15
1 7
4 2
14 13
33 7
25 39
25 11
7 3
12 29
33 6
34 7
42 38
25 39
15 23
42 1
44 20
46 25
7 37
37 18
15 24
5 19
20 40
30 28
30 14
20 39
34 32
19 20
2 7
38 4
7 36
47 20
25 19
12 18
24 7
45 17
47 35
37 19
23 30
2 10
32 12
20 30
2 21
9 35
21 5
2 25
11 19
9 31
2 28
47 33
10 7
26 18
10 27
11 11
39 18
39 35
29 3
10 1
10 25
48 6
12 6
12 7
26 15
32 1
10 17
2 10
23 22
46 34
21 14
10 37
17 30
35 7
41 9
22 5
21 20
8 29
27 5
45 35
49 29
11 15
27 31
43 31
42 39
1 40
19 2
18 9
8 19
27 17
35 26
46 16
42 12
2 8
9 30
6 18
43 31
32 36
42 7
10 2
21 19
41 16
49 29
12 38
6 33
38 24
49 8
26 31
13 4
14 38
46 2
10 27
27 12
2 38
29 4
18 8
40 7
17 23
12 5
22 27
20 35
10 3
8 34
44 24
22 36
26 28
9 34
33 8
5 6
17 34
26 29
44 8
11 26
16 19
41 28
25 10
12 30
4 28
17 36
38 39
49 33
36 1
30 33
31 21
18 14
43 11
20 9
16 2
28 20
34 36
15 40
29 20
31 36
4 7
47 22
4 23
23 23
33 38
40 25
42 24
20 10
20 17
9 11
19 40
20 37
5 18
7 36
18 14
35 39
41 12
5 40
4 35
10 29
13 13
7 40
3 11
46 12
7 34
11 14
32 40
4 31
22 11
15 15
19 32
36 37
3 38
28 27
44 3
28 18
40 15
24 30
20 34
40 23
48 1
23 12
2 9
21 4
3 26
13 39
5 2
47 25
30 14
41 9
7 18
32 1
10 25
1 12
8 4
5 1
49 7
29 17
44 22
10 7
45 4
14 22
6 4
20 22
21 12
30 24
37 31
34 20
37 3
43 12
37 4
30 19
23 34
45 12
13 28
47 31
13 24
23 8
25 17
2 34
10 34
15 40
4 12
4 37
10 20
48 4
1 26
32 32
16 40
1 7
14 3
30 6
24 18
29 24
35 34
26 16
10 29
44 13
15 24
22 9
20 21
32 28
49 30
4 30
41 33
34 12
41 8
32 30
16 5
44 28
46 8
10 30
28 13
15 26
5 1
36 1
38 34
14 15
35 4
42 12
39 14
17 8
17 4
11 15
19 33
37 22
47 17
3 25
14 4
28 23
45 35
12 14
17 38
23 5
12 17
20 2
18 25
37 30
40 34
47 36
23 39
8 1
28 28
37 17
31 27
20 8
6 9
49 11
44 7
10 38
34 38
45 2
37 29
23 11
17 27
3 1
49 1
8 30
23 17
12 3
31 34
4 40
48 7
43 32
26 35
27 40
2 38
2 21
31 38
48 13
32 37
49 33
9 15
1 1
22 16
5 15
19 21
3 26
44 19
44 6
38 21
12 11
23 17
43 23
10 37
16 14
14 8
26 2
24 15
40 6
37 32
1 36
28 27
12 1
31 6
27 1
24 40
18 19
44 35
32 25
29 28
12 25
25 39
36 36
11 17
39 16
25 16
22 36
23 16
23 16
46 14
8 12
22 21
19 34
20 6
9 9
12 24
46 3
9 27
29 19
17 9
40 21
34 24
14 5
34 6
30 1
41 2
24 6
42 6
31 31
11 30
27 18
22 28
46 34
11 33
28 12
19 19
35 19
31 35
26 35
20 11
48 29
38 5
21 14
43 21
33 4
2 9
25 6
47 29
5 27
9 2
19 25
32 11
5 2
18 6
11 5
11 32
11 40
31 11
41 29
9 18
11 23
3 15
19 31
35 39
17 28
45 13
26 38
41 21
29 8
19 40
18 14
7 21
34 19
30 18
37 13
21 31
13 20
12 18
34 4
1 23
3 28
28 9
47 22
27 22
26 36
27 15
30 6
22 15
11 30
7 20
3 35
34 18
13 40
31 28
3 33
26 3
7 39
42 37
16 15
25 1
35 3
2 14
12 7
33 19
11 36
17 29
29 9
23 29
41 12
42 24
47 21
33 26
7 27
29 19
16 25
41 9
14 27
25 6
31 21
48 28
23 14
17 11
18 18
38 26
29 1
24 31
15 32
1 1
8 36
18 6
4 34
13 32
1 18
11 16
47 16
9 33
42 40
27 10
28 13
22 18
9 29
36 36
22 11
31 1
37 2
45 21
8 25
12 1
15 9
41 19
34 11
5 20
38 39
17 13
32 7
36 35
11 38
43 25
29 6
32 1
47 9
45 27
9 16
46 2
41 23
8 24
17 4
18 30
47 1
26 17
14 15
48 27
16 29
30 40
41 22
36 16
36 2
35 21
8 1
9 7
3 37
40 27
12 6
26 5
45 28
7 7
40 39
36 12
47 14
27 5
21 31
26 5
40 38
39 23
11 37
32 9
39 15
40 37
25 6
16 21
23 36
8 6
39 11
49 38
20 31
22 32
31 21
47 40
49 4
18 20
42 4
16 13
29 23
35 15
45 23
43 8
44 17
18 10
44 37
2 26
20 26
8 20
36 37
18 21
26 4
38 3
42 17
15 1
24 33
44 8
28 34
35 6
18 12
34 24
26 11
18 8
45 11
13 11
30 28
38 18
10 15
34 2
41 33
11 16
2 14
43 4
15 4
42 30
20 34
44 31
6 26
36 38
9 37
38 14
36 8
22 6
6 35
25 30
15 40
10 20
29 39
2 14
46 29
4 40
7 14
16 29
46 5
49 28
22 26
21 19
38 5
35 39
28 30
44 40
13 18
39 1
47 16
36 15
47 13
22 36
10 29
34 10
20 21
6 30
27 1
33 21
36 37
34 33
39 37
22 26
17 39
6 40
16 18
1 12
18 37
28 5
29 12
18 11
45 29
15 1
30 36
11 15
41 1
34 19
26 5
2 37
43 25
9 31
9 5
29 5
48 23
27 12
17 11
15 5
17 23
19 14
28 28
24 31
24 23
19 36
27 35
20 18
34 7
33 31
27 19
38 8
8 38
40 9
31 12
13 26
33 5
33 40
15 17
47 13
3 26
31 9
20 13
38 13
25 38
23 23
2 20
8 19
47 37
14 37
6 26
16 38
8 20
15 38
13 37
7 26
46 22
10 39
28 6
45 26
42 17
36 3
25 8
7 10
13 23
19 34
21 40
43 19
20 8
27 33
44 22
17 7
26 38
43 27
22 6
2 25
40 18
17 8
28 38
38 28
16 15
21 20
17 40
19 6
11 20
6 9
44 28
24 11
18 23
4 36
46 25
7 24
5 5
1 32
39 31
28 4
17 37
20 26
40 1
37 27
15 4
41 14
40 39
19 7
5 7
18 37
23 19
19 37
11 1
49 35
27 2
31 40
17 28
34 19
3 16
3 9
6 20
28 4
35 11
3 19
40 39
24 40
8 6
15 33
43 5
24 38
6 7
16 12
19 36
27 1
38 13
17 35
32 27
40 28
17 36
31 35
33 35
22 23
20 4
47 22
17 29
42 21
43 36
49 34
12 11
4 26
6 26
5 34
19 26
7 10
11 2
5 27
45 40
44 39
44 27
3 39
31 1
49 17
42 19
33 28
19 39
28 13
28 17
3 30
25 33
19 17
10 17
38 29
6 29
1 5
42 1
27 14
28 11
32 20
13 21
47 16
41 19
28 18
22 21
34 7
43 18
44 9
8 14
14 22
2 10
38 21
13 20
49 10
25 5
20 26
17 27
5 28
24 15
17 20
46 25
40 17
22 14
17 4
20 1
49 40
12 7
14 32
4 18
20 10
31 14
9 27
27 10
35 21
23 9
26 2
5 13
11 30
5 2
12 8
30 11
30 10
30 7
2 31
31 30
25 14
13 25
45 37
1 23
24 21
26 35
35 31
41 1
8 15
33 13
14 20
39 27
5 16
16 30
14 23
31 28
44 26
48 11
46 26
19 4
22 5
1 27
12 39
30 36
22 3
20 32
25 23
32 13
10 5
46 8
40 25
9 18
45 16
31 27
43 14
9 12
44 22
34 28
18 33
15 23
26 31
26 37
18 28
40 37
34 23
34 17
16 11
47 26
37 19
41 24
46 1
28 5
27 37
47 35
14 32
34 20
36 31
47 20
46 33
27 31
47 20
10 14
38 38
2 24
11 22
35 5
24 18
23 4
21 19
28 20
37 4
19 5
45 19
40 28
37 35
19 18
36 7
23 18
40 6
2 1
38 34
13 17
13 22
38 29
3 12
5 12
22 16
35 14
11 23
45 14
2 31
30 12
40 32
16 7
44 18
12 15
16 27
21 24
1 38
9 14
22 8
30 21
36 13
9 35
19 34
12 30
28 8
23 25
12 29
29 31
3 26
17 29
14 36
43 12
13 16
1 34
13 30
33 17
28 7
46 15
32 11
6 16
6 35
10 4
33 13
37 19
36 32
5 8
10 34
48 25
14 31
1 28
36 4
7 9
12 35
8 24
24 21
45 14
41 34
43 7
22 5
23 26
29 21
34 29
26 21
25 16
12 18
38 2
34 17
6 35
1 31
42 5
27 31
35 35
21 4
18 29
8 3
4 12
34 40
42 31
24 23
39 2
39 24
11 18
49 6
15 39
29 21
31 38
42 40
21 30
29 28
37 4
12 32
13 28
28 5
21 12
2 31
9 13
36 8
23 18
37 34
6 13
33 11
43 32
16 5
11 29
14 19
7 7
43 30
7 34
30 16
45 39
41 12
4 27
34 33
7 21
20 19
40 7
30 5
47 33
23 13
21 13
21 20
40 18
1 5
5 33
9 16
41 8
12 40
20 13
46 12
49 38
45 5
19 37
3 11
47 11
39 13
10 19
26 28
31 39
49 37
38 29
24 20
4 9
28 10
17 27
44 40
18 21
28 30
23 14
40 33
45 25
29 11
23 39
42 6
24 17
10 4
37 8
29 5
24 18
8 11
5 12
37 35
48 35
31 2
36 37
20 20
10 5
22 28
16 38
1 16
23 2
41 29
2 7
30 33
14 35
21 19
22 9
45 40
34 25
34 37
29 6
38 13
33 28
48 25
47 34
10 11
30 23
8 6
8 12
8 23
11 16
31 30
45 20
44 40
13 15
34 14
15 38
30 1
15 22
25 22
20 39
3 11
18 30
3 17
39 2
19 6
9 15
16 22
19 9
23 9
13 38
10 20
10 20
1 35
17 9
26 29
9 8
27 24
23 37
11 37
30 17
17 37
25 25
12 14
49 27
40 33
25 35
20 23
14 12
8 7
5 23
49 10
3 15
6 7
38 11
9 24
22 16
34 33
22 17
28 1
9 38
26 17
18 19
19 23
21 24
27 24
31 35
9 23
1 32
41 2
26 12
15 31
38 7
30 5
3 11
38 5
3 29
36 34
2 19
45 8
6 40
5 8
17 6
2 34
32 40
17 36
23 32
47 33
3 5
41 14
44 21
49 1
24 29
14 21
25 23
14 32
43 28
24 23
14 36
34 26
25 26
31 7
22 29
28 36
6 28
25 30
27 17
8 1
29 36
44 25
47 26
49 17
11 23
10 16
19 4
31 6
4 38
5 27
34 21
40 37
35 32
29 8
46 29
22 2
22 2
30 16
5 32
15 15
7 38
21 20
9 14
9 37
47 27
15 28
9 40
11 31
12 7
37 9
30 31
25 28
45 22
32 6
35 1
31 21
31 32
19 32
19 29
7 13
41 29
48 31
23 40
26 19
37 15
19 6
15 25
2 21
23 40
2 24
24 19
2 32
17 23
21 32
26 21
7 16
47 2
46 38
45 31
43 38
3 13
2 6
4 2
2 7
9 40
1 15
9 12
31 34
32 35
24 16
24 12
42 14
47 34
10 2
15 4
5 10
11 35
26 5
47 36
44 36
24 4
43 40
16 10
47 6
19 12
33 7
45 9
11 28
37 23
14 14
2 5
47 17
14 25
10 37
23 22
36 9
46 34
4 22
45 37
46 13
48 13
43 29
14 1
28 30
39 6
41 15
4 9
22 36
14 6
38 13
26 4
14 27
47 18
18 3
43 27
43 34
4 8
47 13
19 15
47 11
25 11
17 39
33 28
4 21
25 40
18 10
44 6
13 29
20 31
32 19
9 14
13 24
39 14
25 9
2 34
26 9
43 31
40 27
15 26
43 2
17 30
32 2
9 7
8 16
23 30
37 2
5 37
1 26
12 23
26 8
4 14
25 27
11 34
15 28
42 12
16 40
35 14
2 14
49 13
4 40
23 29
13 38
35 20
29 40
35 16
30 40
18 30
18 28
36 35
1 27
30 37
5 35
12 35
4 23
33 24
31 16
33 40
14 31
11 1
35 7
12 23
31 38
6 38
10 16
39 37
8 23
34 15
43 29
23 8
31 39
36 31
10 7
21 29
27 13
39 17
25 29
41 38
18 31
17 13
10 4
12 20
37 13
3 6
22 39
39 17
9 27
40 18
46 11
42 38
5 23
49 33
44 26
5 23
2 20
1 16
34 22
9 23
40 23
16 40
29 35
24 30
22 37
27 35
16 25
13 26
49 38
16 24
16 9
24 25
29 17
26 18
31 35
39 7
39 3
1 37
1 16
25 36
21 31
11 27
39 23
46 7
25 6
25 26
31 25
8 2
34 13
16 5
11 12
17 12
47 25
13 2
35 36
38 38
31 10
40 15
19 23
45 24
29 1
21 21
7 26
48 8
48 28
42 17
45 17
47 35
48 19
48 39
9 10
38 18
16 19
30 13
32 15
27 36
47 18
7 16
20 16
38 30
40 27
44 2
36 15
15 11
46 39
48 37
48 25
11 19
6 12
27 22
33 2
20 4
13 32
28 15
4 16
45 40
46 13
22 12
27 34
5 40
39 36
18 21
16 8
31 39
6 29
7 40
46 22
37 40
38 31
1 9
42 36
14 37
14 24
42 1
4 20
40 11
27 2
34 28
3 38
45 33
25 27
33 23
35 19
16 26
49 30
26 24
30 8
12 11
37 25
5 26
31 16
22 24
11 9
12 40
33 31
46 38
5 35
32 14
5 12
19 33
40 31
17 3
1 2
22 6
7 40
49 35
22 7
19 8
30 2
14 34
2 40
27 39
10 39
20 36
43 40
45 31
24 4
37 30
9 2
15 21
34 11
11 2
22 16
31 39
4 38
28 14
18 16
18 23
25 23
35 34
43 13
15 2
15 24
38 40
1 19
24 20
24 8
25 3
37 4
24 17
31 16
27 29
32 32
13 29
11 15
11 1
47 15
21 6
11 7
36 39
25 15
27 6
25 32
3 14
33 36
42 39
39 3
19 11
35 9
26 1
2 7
10 20
1 15
34 38
21 7
25 4
3 24
38 14
11 17
1 8
43 1
35 24
28 31
8 6
10 11
4 33
10 16
37 10
8 27
8 6
49 4
22 5
23 20
21 39
6 37
41 8
15 11
29 4
6 7
4 39
13 3
27 12
39 3
33 29
3 27
17 23
20 10
19 5
41 6
36 24
16 3
13 17
40 25
11 3
4 15
48 24
20 28
12 21
48 39
21 38
48 19
34 7
12 4
5 7
29 13
31 29
33 8
48 27
37 38
13 12
44 37
48 37
36 4
30 10
14 20
14 9
1 29
43 34
26 34
44 26
47 29
22 37
27 12
1 12
21 31
34 22
31 4
21 19
47 14
45 4
19 29
42 7
43 17
5 5
44 17
20 33
21 13
3 4
10 27
3 28
17 1
46 8
15 18
15 35
27 1
43 18
3 15
13 22
39 14
39 15
7 11
35 5
27 25
7 19
12 22
6 23
13 13
22 33
24 39
44 38
28 16
24 22
16 30
37 32
3 26
49 24
25 19
33 27
10 16
20 17
21 14
12 5
8 8
46 10
38 23
29 25
40 18
16 33
9 35
1 31
26 37
29 5
17 11
45 19
12 6
14 7
18 40
12 39
31 37
31 7
39 7
22 32
42 38
24 37
21 13
42 19
24 31
2 24
42 32
11 31
45 1
3 22
35 19
2 15
31 23
14 29
3 14
47 35
21 20
2 7
35 27
24 4
4 25
13 38
5 9
37 35
8 33
19 23
39 27
11 37
41 40
32 23
28 13
24 35
29 22
43 39
35 8
19 39
49 17
15 27
14 11
4 31
1 36
48 29
43 29
46 16
45 28
25 12
45 25
34 3
33 36
43 29
26 39
23 31
12 21
48 22
28 38
37 13
36 14
33 3
47 27
17 32
36 31
8 32
37 20
12 13
29 21
7 19
38 40
24 35
33 39
11 14
20 9
13 35
10 38
28 5
40 15
8 16
30 7
40 26
26 11
44 19
42 30
19 29
29 6
25 28
2 29
12 3
1 34
30 7
33 28
23 35
46 19
20 20
12 8
19 2
8 17
11 12
6 14
36 34
25 3
32 20
3 11
42 37
47 31
6 5
48 26
7 18
46 33
36 37
17 37
46 1
34 40
23 23
9 20
42 39
16 11
21 32
16 34
41 20
47 33
22 18
3 33
12 26
49 36
7 33
10 12
4 33
39 4
39 23
17 8
39 28
47 18
32 31
26 5
26 33
20 30
25 13
4 6
6 30
35 40
22 13
32 27
18 18
6 10
49 5
33 37
48 19
47 9
27 25
26 36
37 1
24 10
29 16
11 38
32 16
4 16
38 29
33 20
9 23
32 2
1 10
41 10
15 30
29 12
3 5
30 21
27 10
12 5
45 4
8 20
42 39
36 33
41 29
10 19
7 32
17 24
25 31
6 27
23 13
29 13
14 5
15 9
13 25
27 11
36 15
16 3
46 1
16 39
3 16
26 7
14 14
33 22
39 27
43 4
14 39
4 2
41 1
12 32
49 31
23 4
47 34
24 11
9 8
27 13
10 8
29 35
6 4
42 27
5 1
28 6
14 28
27 23
24 38
47 10
34 9
27 4
16 12
8 21
20 21
15 10
20 37
29 34
25 37
14 39
27 33
5 10
8 21
17 6
7 36
28 4
4 25
33 4
33 24
12 21
41 6
19 36
44 18
47 4
46 7
11 30
12 10
12 36
17 19
30 18
45 5
49 2
37 25
6 31
8 34
35 11
19 5
15 38
5 24
49 5
19 18
7 35
33 34
4 19
23 8
22 24
11 5
5 31
35 15
15 21
10 26
15 33
41 22
22 16
23 39
47 32
7 8
13 9
34 1
2 13
33 24
47 6
31 5
31 38
7 25
1 2
2 11
10 30
43 31
21 40
17 4
1 23
34 9
48 8
38 20
17 3
21 7
25 28
29 14
1 37
34 2
11 36
7 32
29 10
23 25
18 30
8 37
41 31
26 7
4 40
38 8
21 11
23 23
48 24
3 16
23 21
36 32
4 12
44 14
39 36
12 35
11 21
20 2
2 22
16 28
9 23
6 13
20 25
39 39
28 30
45 33
17 32
46 11
33 7
8 2
35 29
2 40
18 17
26 33
12 12
37 17
42 34
16 2
35 27
17 19
31 32
9 37
21 12
17 14
43 39
41 19
47 36
7 38
40 3
23 14
21 29
35 15
17 3
35 25
6 12
13 37
9 17
11 23
11 34
34 38
15 9
24 33
28 3
48 5
31 7
23 9
1 33
1 17
17 31
45 23
46 1
35 39
49 10
40 19
33 26
41 6
48 6
35 8
16 23
8 10
23 17
22 8
14 25
24 14
11 24
23 36
33 4
35 27
28 13
42 37
44 30
1 11
34 40
19 31
15 34
12 27
3 16
24 36
42 9
20 13
3 14
26 39
27 31
18 12
23 27
19 3
44 6
29 38
3 2
46 7
12 29
7 31
47 27
7 18
21 36
40 34
19 9
22 40
46 10
39 27
20 21
8 23
20 19
9 26
5 4
14 28
34 31
48 27
36 8
32 38
36 17
49 11
30 35
14 32
38 37
7 4
10 25
27 34
47 11
38 26
14 7
39 38
21 40
3 38
9 19
19 24
10 10
21 11
32 25
2 3
10 5
31 29
32 15
23 15
7 31
2 3
4 3
36 11
18 37
30 12
5 29
22 22
25 33
4 36
21 10
27 19
9 33
21 8
21 11
26 32
32 28
44 28
19 7
30 36
42 37
22 36
32 14
26 29
5 17
49 13
13 7
23 22
35 36
33 22
2 24
14 16
42 24
13 10
27 37
17 26
17 14
45 12
26 25
2 5
34 13
21 11
35 38
34 19
27 1
24 29
30 23
14 15
47 35
32 4
36 10
35 26
10 39
17 36
34 12
18 36
30 33
8 13
7 34
49 14
39 33
17 28
17 2
3 9
24 4
10 36
27 26
28 20
7 8
38 25
30 21
15 15
6 16
21 22
2 34
35 35
4 2
34 24
42 32
38 17
37 27
2 31
40 27
9 38
22 9
29 9
33 23
35 34
23 2
44 6
37 15
28 1
46 4
11 9
8 11
15 32
35 34
22 13
17 11
14 26
8 30
34 26
37 33
40 15
47 36
46 30
32 17
4 28
1 24
3 27
20 20
48 20
3 2
40 20
5 4
6 17
19 38
30 22
22 19
41 19
15 16
22 35
9 10
2 29
9 9
42 21
7 22
48 27
15 14
28 40
34 15
5 2
46 13
32 31
3 21
5 8
17 15
30 19
33 39
33 36
13 24
29 15
18 20
43 13
46 27
14 36
26 14
4 22
1 10
14 34
24 32
21 10
37 19
31 24
13 35
6 1
5 4
49 19
37 39
35 40
48 40
23 17
20 24
47 1
14 29
26 9
20 20
9 10
32 36
42 29
28 21
45 17
13 9
41 28
31 13
25 6
23 3
11 39
25 26
39 20
16 8
40 9
30 21
39 29
25 6
29 16
33 29
7 25
4 27
21 13
17 5
23 40
16 26
33 29
13 29
5 29
26 28
2 2
45 4
23 30
22 25
7 1
19 3
6 3
45 28
48 15
27 19
23 21
19 15
27 9
41 1
33 3
19 9
26 14
40 26
13 12
43 2
49 34
1 37
16 37
5 28
20 37
45 24
6 23
39 11
44 10
35 7
11 29
41 26
36 13
13 31
8 32
41 25
13 9
43 3
36 22
4 30
5 24
9 29
2 37
28 34
3 23
6 29
4 31
8 17
13 32
22 12
40 5
10 2
24 25
11 6
40 27
13 14
23 2
18 31
26 23
47 2
15 5
1 19
14 23
45 20
42 39
8 30
48 39
11 24
21 11
39 14
23 20
1 16
33 23
3 5
29 16
25 21
46 39
47 4
23 4
22 21
6 18
39 2
46 21
39 4
46 10
28 37
16 34
9 5
18 37
32 20
7 37
18 19
16 31
8 15
19 23
39 25
24 9
30 16
44 20
9 33
39 10
16 20
46 4
41 6
36 10
3 31
7 31
38 2
7 24
44 15
6 38
48 33
18 15
8 6
30 23
38 40
30 31
8 4
45 28
5 10
38 26
37 34
25 37
12 28
1 40
34 13
40 1
32 26
39 40
8 24
44 21
7 15
3 7
14 22
39 35
37 28
26 19
31 30
41 29
18 37
44 11
37 27
44 25
45 33
21 6
2 18
38 40
14 36
34 29
3 29
28 33
27 38
16 33
36 30
33 38
30 12
48 8
18 13
30 11
30 20
7 14
34 13
3 7
39 3
15 34
3 16
39 24
42 31
47 22
13 27
43 21
29 3
6 2
49 14
39 3
1 25
11 7
48 37
5 20
26 18
1 38
26 28
28 31
2 30
49 1
5 16
12 21
9 22
5 9
21 5
48 3
44 5
27 19
48 25
30 27
7 35
35 5
21 14
41 39
27 35
17 12
3 1
27 26
33 20
11 15
17 36
22 21
8 8
27 11
18 16
23 4
41 20
29 2
46 32
45 7
43 22
10 10
20 22
33 9
38 5
31 7
21 13
28 24
45 16
24 19
18 36
27 13
41 24
24 36
18 9
20 27
2 25
38 37
11 9
48 23
11 12
12 4
40 36
48 13
9 33
27 23
21 17
10 37
38 21
12 14
11 18
26 4
40 36
14 34
16 6
30 22
1 23
9 32
16 31
13 19
45 32
47 12
24 9
41 8
36 32
34 40
20 2
19 32
30 1
42 28
31 34
6 23
49 8
7 9
9 17
8 40
10 6
4 38
36 28
10 7
18 21
32 30
21 33
48 1
24 39
43 15
28 36
32 29
21 10
45 23
13 21
12 7
45 7
42 38
21 40
47 1
13 8
10 22
36 39
28 13
47 5
30 39
12 16
23 38
28 8
1 8
20 13
33 1
41 28
11 17
47 13
17 16
5 6
22 21
20 24
2 7
32 22
18 39
42 18
35 2
27 34
31 14
49 37
40 33
