61 77 198
0 1 0 0 0 1 1 1 1 1 1 0 0 1 0 1 0 0 0 1 0 0 0 1 1 0 1 0 0 1 0 0 1 0 0 0 0 1 0 1 0 0 1 0 1 0 1 0 0 1 0 1 0 0 0 1 1 1 1 1 0 0 0 0 0 0 1 0 0 1 1 1 0 1 1 1 0 
1 1 1 1 1 1 0 0 0 1 0 1 0 0 0 0 1 0 1 0 0 0 0 0 0 1 0 1 0 0 1 0 1 1 1 0 1 0 0 0 0 0 1 0 0 1 1 1 0 0 1 1 1 0 0 0 0 1 0 0 0 0 0 1 1 1 0 1 0 1 0 1 1 1 0 0 1 
0 0 0 0 0 0 1 0 1 1 1 0 1 0 1 1 1 0 1 1 0 1 0 1 1 1 1 0 1 0 1 1 0 1 0 1 1 1 0 1 0 1 1 0 0 0 0 1 0 0 1 1 1 0 0 1 0 1 0 1 0 1 0 1 0 0 0 1 0 0 1 1 0 0 0 0 1 
0 0 0 0 0 1 0 0 1 1 1 1 0 1 0 1 1 1 1 0 0 1 0 0 1 1 1 1 0 1 1 0 0 0 0 0 0 0 0 0 0 1 1 1 0 0 0 1 0 0 0 1 1 0 0 0 0 0 0 0 1 1 0 0 0 0 0 0 1 0 0 0 1 1 0 0 1 
0 1 0 1 0 1 1 0 0 0 0 0 0 1 0 1 0 0 0 1 0 1 0 1 1 1 0 1 0 0 1 1 1 0 1 0 0 1 1 0 0 0 0 1 1 1 1 0 0 0 0 1 1 0 0 0 0 0 1 0 1 1 1 0 1 1 0 0 0 1 0 1 0 1 1 0 0 
1 0 1 0 0 1 1 1 1 0 0 1 0 0 0 1 0 0 1 1 0 0 0 0 0 0 1 0 0 0 1 1 1 0 0 0 0 1 1 0 1 0 1 0 0 1 0 1 0 0 0 1 1 0 0 1 1 0 1 0 1 1 1 0 0 1 1 0 1 1 0 0 1 0 1 0 1 
0 0 0 1 0 1 1 0 0 1 1 0 1 0 1 0 1 1 0 1 1 1 0 1 0 0 0 0 0 0 1 1 0 0 1 1 1 0 0 0 1 0 0 0 1 0 0 0 1 1 1 1 1 0 1 1 0 1 1 1 0 1 1 1 0 0 1 1 0 1 0 0 0 0 0 1 1 
0 1 0 1 1 0 1 0 0 0 0 0 0 1 1 1 0 1 0 1 1 0 1 0 0 1 0 1 0 0 1 1 0 0 0 0 0 1 0 1 1 0 0 0 1 0 1 0 1 0 1 1 1 0 0 1 1 0 1 1 0 0 1 0 0 1 0 1 0 0 1 1 0 0 1 1 1 
0 1 0 0 0 1 1 0 1 0 1 0 0 1 1 1 0 0 1 0 1 1 0 0 0 1 0 1 1 0 0 0 0 0 1 1 1 1 0 1 0 1 1 0 1 0 1 1 0 0 0 0 1 1 1 0 1 1 0 1 0 1 0 1 1 1 1 0 1 0 0 0 0 0 0 1 1 
1 1 0 0 1 0 0 0 1 1 1 0 1 0 0 0 1 1 0 0 1 1 1 0 0 0 1 1 0 0 0 0 1 0 0 1 0 0 0 1 0 1 1 1 0 1 1 0 1 1 1 0 1 0 0 0 0 0 0 1 1 0 0 0 0 1 1 0 1 0 0 1 1 0 0 0 1 
1 1 0 1 0 0 0 0 1 1 1 0 1 1 0 1 1 1 0 1 1 1 0 1 0 1 1 1 1 0 0 1 1 1 0 1 0 1 1 1 0 1 1 0 1 0 1 1 1 1 1 0 1 0 1 0 0 1 0 0 0 0 1 1 0 0 1 1 1 1 0 0 1 0 0 1 1 
1 0 1 1 1 1 1 1 0 1 0 0 1 1 1 1 0 1 0 0 0 1 1 0 0 0 0 0 0 0 0 0 1 1 0 0 1 0 1 1 0 1 1 0 0 0 0 1 1 1 1 0 0 0 0 0 1 1 1 1 1 0 0 0 0 1 1 0 0 1 0 0 0 1 1 0 1 
1 1 1 0 0 0 0 0 1 0 0 0 1 1 0 1 1 0 0 0 1 1 0 0 0 0 1 1 1 1 0 1 0 1 1 1 0 0 1 1 1 0 0 0 1 1 1 1 1 0 1 1 1 1 0 0 1 1 0 0 0 0 0 0 0 1 0 0 1 0 0 1 0 0 0 1 1 
0 0 0 0 0 0 1 1 1 1 0 1 0 0 0 0 0 1 1 0 0 1 1 1 1 1 1 1 0 1 1 1 1 1 0 1 0 1 0 0 0 0 0 1 1 0 0 0 0 0 1 0 1 0 0 0 0 1 1 1 1 0 1 0 1 1 0 0 1 0 0 0 0 1 0 0 1 
0 0 0 0 0 0 0 0 0 0 1 0 1 0 1 0 0 1 0 0 1 0 1 0 0 1 1 0 1 0 1 0 1 1 0 0 1 1 0 1 0 0 1 0 1 0 1 1 0 0 1 0 0 0 1 0 0 0 1 0 0 1 1 1 0 0 1 1 0 0 1 1 0 0 0 1 1 
0 0 0 0 0 0 1 0 0 0 0 0 1 1 1 1 1 1 1 1 1 1 0 1 1 0 0 1 1 0 0 1 0 0 0 0 0 0 0 1 0 0 0 1 1 0 0 1 1 0 1 0 1 0 1 1 1 0 1 1 1 1 1 1 1 1 1 1 0 1 1 0 0 0 0 0 1 
0 0 1 0 1 0 0 0 1 1 1 0 0 1 1 0 0 1 1 1 0 0 0 0 1 0 0 0 0 1 1 1 1 0 1 0 0 0 0 0 1 0 1 1 1 1 0 0 1 1 1 0 1 0 1 1 0 1 0 1 1 1 1 1 1 0 1 1 1 0 1 1 0 0 0 0 0 
0 0 1 0 0 1 0 0 0 1 0 0 1 0 1 1 1 1 0 1 1 0 0 0 0 1 0 0 0 0 0 0 0 0 1 1 1 1 1 0 1 0 1 0 0 0 1 0 0 1 1 1 0 1 0 0 1 1 1 1 1 0 1 0 0 0 1 0 0 1 0 1 0 1 1 1 1 
0 0 1 1 0 0 1 0 1 1 1 1 0 1 1 0 1 1 0 0 1 1 0 0 1 1 1 0 1 0 1 0 0 0 0 1 1 0 0 0 0 0 1 1 0 1 1 0 1 0 0 0 0 0 0 1 1 1 1 1 0 1 0 0 0 1 1 1 0 1 1 1 1 1 1 0 0 
1 0 1 1 0 0 1 1 1 1 0 0 0 1 0 1 0 1 0 0 0 1 0 1 1 0 0 1 0 0 1 0 1 0 1 0 0 1 0 1 0 1 1 1 1 0 0 1 0 0 1 0 0 0 0 1 0 1 0 0 1 0 1 1 1 1 1 0 1 0 0 1 1 0 1 1 0 
0 0 1 0 1 0 0 1 0 0 1 0 0 0 0 0 1 0 0 1 1 1 1 1 1 0 1 1 1 1 0 1 1 1 1 0 1 0 1 0 0 1 0 1 0 0 0 1 0 1 1 1 1 0 0 1 0 0 0 1 0 0 0 1 0 0 1 1 0 0 0 1 1 0 1 0 0 
1 1 0 1 1 0 1 0 1 1 1 1 0 1 1 1 1 0 0 1 0 0 1 1 0 0 0 1 0 0 1 1 0 0 1 0 1 0 0 0 1 0 1 1 1 0 0 1 0 1 1 0 0 1 1 0 1 1 1 0 0 1 1 0 0 1 0 1 0 1 0 1 1 1 1 1 1 
0 0 0 0 1 0 0 1 0 1 1 0 1 0 0 1 1 1 1 0 0 0 1 1 1 1 1 1 1 1 0 1 1 1 1 1 1 0 0 1 0 0 1 0 1 1 1 1 1 1 0 1 1 1 1 1 0 1 1 0 0 1 1 0 0 1 0 0 0 1 0 1 0 1 0 0 0 
1 1 1 1 1 1 0 0 1 1 1 1 0 1 0 1 0 1 1 0 0 1 1 0 1 0 0 0 1 0 1 1 0 0 1 0 1 0 1 1 0 1 0 1 0 1 0 1 0 1 1 1 0 1 1 0 0 0 1 1 1 0 0 0 1 0 1 1 1 0 1 0 0 1 0 0 1 
0 0 1 0 0 0 0 1 0 1 1 0 0 1 0 1 0 0 1 1 1 0 0 0 0 0 1 0 0 0 0 1 1 1 1 1 1 1 1 0 0 1 1 0 1 1 1 0 0 0 0 0 1 1 1 0 1 1 0 1 1 1 1 1 0 0 1 1 0 0 1 1 0 0 1 0 0 
0 1 0 1 0 1 0 1 1 1 0 1 0 0 1 0 0 1 1 1 1 1 0 1 1 1 1 0 0 0 1 1 0 0 0 1 1 0 1 0 1 0 0 0 0 0 1 1 0 0 1 0 1 1 1 0 1 1 1 0 0 0 1 0 0 1 0 1 0 0 1 0 1 0 1 1 0 
1 1 0 0 0 1 1 0 1 1 0 1 0 1 1 0 1 1 1 1 1 1 1 0 0 1 1 1 1 1 1 0 1 1 1 1 1 1 0 1 0 0 0 0 1 1 0 1 0 1 1 0 0 0 1 0 1 0 0 1 0 1 1 1 0 1 1 1 1 1 1 0 1 1 0 1 0 
1 1 0 0 1 1 0 1 1 0 0 1 0 1 0 1 1 1 1 1 1 1 1 0 1 0 0 1 0 0 0 0 1 0 0 0 1 1 0 0 1 0 1 1 0 0 0 1 0 1 0 1 1 1 1 0 0 1 0 0 1 0 1 0 0 1 0 1 0 1 1 0 0 0 1 0 0 
0 1 1 0 1 1 1 0 1 1 1 0 0 1 0 0 1 1 0 0 0 0 1 0 1 1 0 1 0 1 0 0 1 1 0 0 1 0 0 0 0 0 0 0 0 0 0 1 0 0 1 1 1 1 0 0 0 1 1 0 0 1 1 0 1 1 0 0 1 1 0 0 0 1 0 0 0 
1 1 0 0 1 0 1 0 1 1 1 0 1 1 0 1 0 0 0 1 1 1 1 1 0 1 1 1 0 0 1 0 1 0 1 0 1 1 0 0 1 1 1 1 0 0 0 1 1 0 1 1 0 1 0 0 0 0 1 0 1 0 1 0 0 0 0 1 1 0 0 0 1 0 0 0 0 
0 1 0 1 1 1 0 0 0 0 1 1 0 0 1 1 0 1 1 1 1 0 0 0 0 1 1 0 1 0 0 0 1 0 1 1 0 1 0 0 0 0 0 0 1 0 1 0 1 1 1 0 1 1 0 0 0 1 1 1 1 1 1 1 1 1 0 1 0 0 1 1 0 0 1 1 1 
1 0 1 0 0 0 0 1 0 0 0 0 0 1 0 0 0 1 1 1 1 1 0 0 0 0 0 1 1 1 1 1 0 0 0 0 0 1 0 0 0 0 0 1 1 1 0 1 0 1 1 0 0 1 0 0 1 1 0 0 1 0 1 1 1 0 1 1 0 0 0 0 0 0 0 0 0 
1 1 0 1 1 1 1 0 0 1 0 1 0 0 1 0 0 0 1 1 0 1 1 0 1 0 0 1 0 1 0 1 0 0 0 0 1 0 0 0 1 0 1 0 0 1 1 0 0 1 1 0 0 1 0 0 1 1 1 1 1 0 1 0 0 1 0 1 1 0 1 1 0 0 0 1 1 
1 0 1 0 1 0 1 1 1 0 0 0 1 1 1 0 0 1 1 1 1 0 0 0 0 1 0 1 0 0 0 1 1 1 1 0 1 1 0 1 1 1 0 1 1 0 0 1 0 1 0 1 1 1 1 0 1 1 0 1 1 1 0 1 0 1 0 1 1 0 0 0 0 1 0 0 0 
1 0 0 0 0 1 1 0 0 0 1 0 0 1 0 1 0 1 0 1 0 0 1 0 0 1 1 0 0 0 1 1 1 0 1 0 1 1 0 1 1 0 1 0 0 1 1 0 0 0 0 1 1 0 1 1 0 0 0 0 0 1 1 1 1 0 1 1 0 0 0 0 0 1 0 1 0 
1 0 0 1 1 1 1 0 0 1 1 0 1 0 1 0 1 0 1 0 0 1 1 0 1 1 0 1 0 1 0 1 1 1 0 1 0 1 0 0 1 1 1 1 1 0 0 1 0 0 0 0 1 0 1 0 0 1 1 1 0 1 1 1 0 1 0 1 0 0 0 0 0 0 0 1 0 
1 0 0 0 0 1 1 1 1 0 0 0 1 1 0 1 1 0 1 1 0 0 0 1 0 0 0 1 0 1 1 0 1 1 1 1 1 0 0 1 1 1 0 0 0 1 0 1 1 0 1 1 0 0 0 0 1 0 1 0 0 0 0 1 1 0 0 1 0 0 0 1 1 1 1 0 0 
0 1 0 1 0 1 1 0 1 0 1 1 1 0 0 0 0 0 1 0 1 0 0 1 0 1 0 0 0 0 1 1 1 0 0 0 0 0 1 0 1 1 1 0 1 1 0 0 1 0 0 0 1 0 1 0 1 0 0 1 1 0 1 1 1 1 0 0 0 0 0 0 1 1 0 0 0 
1 0 1 1 1 0 1 0 0 0 1 0 0 1 0 0 1 0 0 0 0 1 1 1 1 0 1 1 1 0 0 0 0 1 1 1 1 0 0 1 1 0 0 0 1 1 1 1 1 1 1 0 1 1 0 0 1 1 0 0 0 0 1 0 1 1 0 0 0 0 1 1 0 0 0 0 0 
0 0 1 0 0 1 0 1 1 0 1 1 1 1 1 0 1 1 0 1 0 1 0 1 0 0 0 1 0 1 0 0 1 0 1 0 1 0 0 1 1 1 1 0 0 0 1 0 1 0 0 0 0 0 1 1 0 0 1 1 0 1 1 1 1 0 0 1 0 0 1 0 1 0 0 1 0 
1 1 1 1 1 0 1 1 1 0 1 0 0 0 1 0 0 0 0 0 0 1 1 1 0 0 0 1 0 0 0 1 0 0 1 1 0 1 1 1 1 1 0 0 1 0 1 0 1 0 0 1 0 0 0 1 0 0 1 1 0 1 1 1 1 1 1 0 1 1 0 0 0 1 0 0 1 
1 0 1 1 0 1 0 0 1 0 0 0 0 0 0 0 0 1 0 0 0 1 0 1 0 0 1 1 0 1 0 0 0 1 1 0 1 1 1 1 1 0 1 1 0 0 0 1 1 1 1 0 0 0 0 0 0 1 0 0 0 0 1 0 0 0 1 0 0 1 0 0 0 1 0 1 1 
0 0 1 1 1 0 0 0 1 1 0 0 1 1 1 0 0 1 1 0 0 1 1 0 0 1 0 1 0 0 1 1 0 1 0 0 0 1 1 1 0 1 0 0 0 0 1 1 1 0 0 1 1 0 1 0 1 0 0 1 1 1 1 0 0 1 1 1 1 0 1 0 0 1 0 1 0 
1 0 1 0 0 1 0 0 0 1 0 0 0 1 1 0 1 1 1 0 0 0 1 0 1 0 0 1 1 1 1 1 0 1 0 0 1 0 0 0 0 0 1 0 1 0 0 0 0 0 1 0 0 1 1 0 0 1 0 0 0 1 1 1 1 0 1 1 1 1 1 1 0 0 0 0 0 
0 0 0 1 0 0 0 1 1 0 0 1 1 1 0 0 0 0 0 1 1 0 0 0 1 0 0 1 1 0 0 0 0 0 1 0 1 0 1 1 0 1 0 1 1 0 1 1 1 1 0 1 1 0 0 1 0 0 1 1 0 0 1 1 0 0 1 0 0 0 0 0 0 1 1 0 1 
1 0 1 0 1 1 1 0 0 1 1 0 0 1 1 1 1 1 1 0 0 0 0 1 1 0 1 0 0 1 0 1 1 0 0 1 1 0 0 0 1 0 0 0 1 1 1 0 0 1 1 0 1 0 0 0 1 1 0 0 1 1 1 1 1 1 0 1 0 0 0 1 0 1 1 1 0 
1 1 0 1 1 0 1 0 1 0 0 1 0 1 1 0 0 1 1 0 0 1 0 0 0 1 0 1 1 0 1 0 0 1 1 1 0 0 0 0 1 0 0 1 1 0 1 1 0 0 0 1 0 0 0 0 0 1 0 1 1 1 0 1 1 1 0 0 1 0 1 0 0 0 0 1 1 
1 0 0 0 0 1 0 1 1 0 1 0 1 1 0 1 0 1 0 0 0 1 0 0 0 0 0 0 1 0 1 1 0 1 1 0 1 1 0 0 0 1 0 1 1 1 1 0 0 0 0 0 1 0 0 0 0 1 0 1 0 0 1 1 1 0 1 1 1 1 1 1 1 1 0 0 0 
1 0 0 1 1 0 0 0 0 1 0 0 1 1 0 1 0 0 0 1 1 1 0 1 1 0 1 0 0 0 1 0 1 0 0 0 0 0 0 0 1 1 1 0 1 1 0 1 0 0 0 0 1 0 0 1 1 1 1 1 0 1 1 0 1 0 1 1 0 0 0 1 0 0 1 0 0 
1 0 0 0 0 0 1 1 0 1 1 1 1 1 0 1 1 1 0 0 1 0 1 0 0 1 1 1 1 0 0 1 0 0 0 0 1 1 1 1 0 1 1 0 1 0 1 1 1 1 0 0 0 1 0 0 0 0 0 0 0 1 0 1 1 0 1 0 1 1 0 1 1 0 1 1 0 
0 0 0 1 0 1 1 1 0 0 0 1 0 0 0 0 1 1 1 1 1 1 0 0 1 0 1 0 0 1 0 1 0 0 0 0 1 0 0 1 0 0 0 1 0 1 1 0 0 1 0 0 0 0 1 0 0 0 1 0 1 1 1 0 1 1 1 0 0 1 0 1 0 1 1 1 0 
0 1 1 1 1 1 1 0 1 0 1 0 1 0 0 0 0 1 0 1 1 1 0 0 1 1 0 1 1 0 0 0 1 0 0 1 0 0 0 1 0 1 0 0 1 1 1 0 0 0 1 1 0 1 1 0 0 1 1 1 1 1 1 1 1 1 0 0 1 1 0 1 0 0 1 1 1 
0 1 0 1 0 1 0 0 0 1 0 0 0 1 1 1 0 1 0 1 1 0 1 1 0 1 0 0 0 1 1 1 1 1 0 1 1 1 0 0 0 1 0 1 0 1 0 1 1 1 1 1 0 0 1 0 0 0 0 0 1 0 0 1 0 0 0 0 0 0 0 1 1 1 1 1 0 
0 0 1 0 0 1 1 0 1 0 1 0 0 1 0 1 0 1 1 0 1 1 0 0 0 1 1 0 0 0 0 1 1 1 1 0 0 1 1 1 1 1 1 0 1 1 1 0 0 1 1 0 1 0 1 1 1 1 1 1 0 0 0 1 0 0 1 0 0 1 1 0 0 1 0 0 0 
0 0 1 1 1 1 0 1 0 1 1 0 1 1 0 0 1 1 0 0 0 1 0 0 0 0 0 1 0 1 0 1 0 1 1 1 1 1 0 0 1 0 0 0 1 1 1 1 1 1 0 0 0 1 0 1 0 0 1 1 0 0 1 1 0 1 0 0 0 0 0 0 0 1 1 1 1 
1 1 1 0 1 0 1 0 0 1 1 0 1 1 0 0 1 0 0 1 0 0 1 1 0 1 0 0 0 0 0 1 1 1 1 1 1 1 0 0 0 1 0 1 0 0 0 1 1 0 1 0 0 1 0 0 0 1 0 1 1 1 0 0 1 1 1 0 1 1 0 0 0 0 0 1 1 
1 0 0 0 0 1 1 1 0 0 0 1 0 1 0 0 1 0 0 1 1 0 1 1 0 0 0 1 1 0 1 0 0 0 1 1 1 1 0 1 0 0 1 1 1 1 1 1 1 1 1 0 1 0 1 1 0 0 0 1 0 0 0 1 1 1 0 0 0 0 0 0 1 1 0 0 1 
1 0 0 1 1 0 0 0 0 0 1 0 1 0 0 0 0 0 1 1 1 1 0 0 0 0 0 1 0 0 1 0 0 0 1 1 0 0 0 1 1 1 1 0 1 0 1 1 0 1 0 1 0 0 1 0 0 1 1 0 0 1 1 0 0 1 1 0 1 1 1 0 0 1 0 0 1 
0 1 1 1 1 0 1 0 1 1 0 0 1 0 1 0 1 0 0 0 1 0 0 0 0 1 1 0 0 0 1 1 1 0 1 0 1 0 1 1 0 0 0 1 0 1 0 0 1 1 0 0 0 0 1 0 0 0 0 0 1 1 0 1 0 1 1 0 1 0 1 0 1 0 0 1 0 
0 1 1 0 0 0 1 1 1 1 0 1 1 0 1 1 1 1 1 0 0 1 0 1 0 0 0 0 0 1 1 1 1 1 1 1 1 0 1 1 1 1 1 0 1 1 1 1 0 0 0 1 1 0 0 0 0 1 0 1 1 0 0 1 0 0 0 1 0 1 1 0 0 0 0 0 0 
1 1 1 0 0 0 1 0 0 0 1 0 1 0 0 1 1 0 0 1 1 1 0 1 1 0 1 0 0 0 1 1 1 0 1 1 1 1 1 1 1 1 0 1 1 1 1 1 0 0 0 0 0 1 0 0 0 1 1 1 1 0 1 0 0 1 0 1 1 1 0 0 0 1 1 0 1 
18 75
37 17
60 17
52 37
38 28
13 76
51 38
3 23
58 47
57 22
9 1
41 66
5 57
21 65
19 63
27 56
25 45
13 55
40 53
39 14
21 47
19 22
11 33
61 23
48 18
17 13
58 73
33 25
2 47
19 48
15 41
10 18
4 37
24 13
48 29
34 4
38 17
4 61
39 42
51 49
15 74
6 61
31 50
44 10
31 60
52 71
58 42
49 40
7 42
6 71
20 59
55 28
58 40
1 13
18 9
48 32
23 4
13 48
1 20
56 62
9 25
52 68
41 59
41 24
30 38
48 16
17 34
23 72
21 38
13 53
28 42
13 16
16 26
4 54
14 22
51 36
14 72
43 45
57 52
52 39
1 26
17 1
44 15
4 56
21 14
49 1
1 56
51 33
48 59
35 41
42 21
1 66
27 59
49 1
6 36
44 47
7 25
41 47
26 68
56 72
7 25
35 72
52 10
4 27
27 2
59 24
26 23
42 77
18 45
26 42
1 75
20 56
24 34
24 2
12 69
52 51
51 68
5 10
61 30
44 55
25 18
57 8
20 70
53 4
37 57
42 15
22 37
59 27
58 68
36 63
17 67
21 17
33 74
53 21
29 29
44 35
17 3
22 57
19 50
10 5
34 76
6 35
38 73
16 44
2 48
14 52
39 25
40 42
10 38
30 54
35 11
14 54
33 66
54 16
16 62
55 22
60 40
16 10
45 16
59 62
2 12
39 59
6 77
23 19
12 65
56 59
40 48
47 4
7 10
40 42
59 44
26 62
49 28
12 74
4 51
22 69
58 73
24 51
42 11
56 63
27 69
19 72
32 2
59 16
9 45
12 8
40 15
41 43
9 38
49 15
56 31
52 36
33 48
25 31
22 1
12 60
51 74
46 68
