21 67 39
0 0 0 1 1 1 1 1 0 1 0 0 1 1 0 1 1 1 0 0 0 1 0 0 0 0 0 0 1 0 0 1 1 0 1 0 1 0 1 0 1 1 1 1 1 1 1 0 1 0 0 0 0 1 0 0 0 0 0 1 0 1 1 0 1 1 1 
1 1 0 0 0 1 0 1 0 0 1 0 1 1 0 1 0 0 0 1 0 1 0 0 1 1 0 1 1 0 0 0 1 0 1 1 1 1 0 0 0 0 1 1 0 1 1 1 0 1 1 0 0 1 0 0 1 1 1 1 1 0 0 1 0 0 0 
0 1 0 1 0 0 0 1 1 0 1 1 0 0 1 0 0 0 0 1 1 0 0 1 0 0 1 1 1 1 1 0 1 0 1 0 0 0 1 0 1 0 0 1 1 0 0 0 1 1 1 1 0 0 1 1 0 1 0 1 1 1 0 1 0 0 0 
1 1 0 1 0 0 0 0 1 0 0 1 1 0 0 0 0 0 0 1 0 0 1 1 0 0 0 0 1 1 0 0 0 0 0 1 1 1 1 0 1 0 0 1 1 0 0 0 0 0 1 0 0 0 0 1 0 0 0 1 1 1 1 1 0 1 0 
0 1 1 1 0 0 0 1 0 1 0 1 0 0 1 1 0 1 1 1 1 0 1 0 0 1 0 0 0 1 1 0 1 0 1 1 1 1 1 0 1 1 1 1 0 1 0 1 1 1 1 0 1 1 0 1 1 1 1 1 1 0 1 0 1 1 0 
0 1 0 0 0 0 1 0 0 0 1 1 0 1 0 1 0 0 1 1 0 0 1 0 0 1 1 0 0 0 1 0 0 0 1 0 1 1 0 0 0 0 0 1 0 1 0 0 0 1 0 1 0 1 0 1 0 1 0 1 0 1 1 0 0 0 1 
1 1 0 0 1 1 0 0 0 0 1 1 0 0 1 1 1 1 0 1 1 0 1 0 1 1 0 1 1 0 1 0 0 1 1 1 0 1 0 0 0 1 1 1 0 1 1 0 0 1 1 0 1 1 0 1 1 0 1 1 0 1 0 0 1 0 0 
0 1 0 0 1 0 1 0 0 0 1 1 1 1 1 0 1 1 0 0 0 1 0 1 0 0 0 1 1 0 1 0 0 0 0 1 1 1 0 1 1 1 1 0 1 0 0 0 0 1 1 0 1 0 1 1 0 0 0 1 0 0 0 1 1 0 0 
1 0 1 1 1 1 1 0 0 0 0 1 1 0 0 0 0 0 1 1 0 1 1 1 1 0 0 0 0 1 0 1 0 0 0 1 1 1 1 0 1 1 1 0 0 1 0 0 1 0 1 1 1 0 0 1 1 1 1 0 0 0 0 0 0 0 1 
1 1 1 0 0 1 0 1 1 0 1 0 0 0 1 1 0 0 1 0 0 1 1 0 0 1 0 0 1 1 0 0 1 1 1 1 1 0 1 1 0 1 1 1 0 0 1 0 1 1 1 1 0 1 0 1 1 1 1 1 0 1 0 0 1 1 0 
1 0 0 1 0 1 1 1 0 1 0 1 1 0 1 0 0 1 1 1 1 1 0 1 1 0 0 1 1 1 0 1 0 1 1 0 1 0 1 0 0 1 0 1 0 1 0 0 0 1 0 0 1 0 0 1 1 0 0 0 1 1 0 1 1 0 0 
0 1 0 0 1 0 1 1 1 0 0 0 0 0 0 0 1 0 1 0 0 1 0 0 1 0 1 1 0 0 0 1 0 0 0 0 1 1 0 1 0 1 1 1 0 1 0 0 1 0 0 0 1 1 1 0 0 0 1 1 0 0 0 1 0 0 1 
0 0 1 0 1 0 0 0 1 0 1 0 0 0 1 1 0 0 1 0 0 0 0 1 0 1 1 0 1 0 1 1 0 0 1 0 1 0 1 1 0 1 1 1 1 1 1 0 0 0 1 1 0 1 1 1 1 1 0 1 1 1 0 1 0 1 0 
1 1 0 0 0 0 0 1 1 1 1 0 0 1 1 0 1 0 1 1 1 0 0 0 0 1 0 1 1 0 1 1 0 1 0 1 1 0 0 0 1 1 1 1 0 0 1 1 1 0 0 1 1 0 0 1 1 1 1 0 0 0 0 1 1 0 1 
1 1 0 1 0 0 1 1 0 0 0 1 1 1 0 1 1 1 1 1 0 1 1 0 1 1 0 0 1 0 0 1 0 1 0 1 0 0 0 1 0 1 0 1 0 0 1 0 1 0 0 1 1 1 0 1 0 0 0 0 0 0 1 1 0 0 0 
0 1 0 0 1 0 0 0 1 1 1 1 1 0 1 1 1 1 1 0 0 0 0 0 1 1 0 0 1 0 0 0 0 0 0 0 1 1 1 0 1 1 0 1 1 1 0 0 0 0 1 1 1 1 1 1 1 1 0 1 1 0 1 0 0 0 1 
0 1 0 1 1 0 1 0 1 1 0 0 1 1 1 0 1 0 0 0 1 0 0 1 1 0 1 0 0 0 1 0 0 1 0 0 1 1 0 1 0 1 0 0 1 0 1 1 0 1 0 0 0 1 1 0 1 0 0 0 0 0 0 1 0 1 0 
1 0 0 0 0 0 1 1 0 0 1 1 1 0 0 1 1 0 0 1 1 0 1 1 0 0 0 0 1 0 1 1 1 0 1 0 0 0 0 1 1 1 1 0 1 1 1 1 0 1 1 1 1 1 0 1 0 1 1 0 1 0 0 0 0 1 0 
0 1 0 0 1 1 1 1 0 1 1 1 0 0 1 1 0 1 0 1 0 0 1 1 1 1 0 1 1 1 0 0 1 0 1 1 0 1 0 0 0 1 0 1 0 1 0 0 0 1 0 0 1 0 0 0 0 0 1 1 1 1 0 1 1 1 1 
0 1 0 0 0 0 0 1 1 0 0 1 0 1 0 1 0 0 0 0 1 0 1 1 0 1 0 1 1 1 1 1 1 1 0 1 1 1 1 0 1 0 0 0 0 0 0 1 0 0 0 1 1 0 0 0 0 0 0 0 1 0 1 1 0 0 0 
1 1 1 0 1 0 1 1 1 0 1 0 0 0 0 0 0 0 1 1 0 0 1 0 1 0 0 1 1 0 0 1 0 0 1 0 0 0 1 1 0 1 1 1 0 0 1 0 0 0 1 1 1 0 0 1 0 0 0 0 1 1 0 1 0 0 0 
7 35
8 15
13 23
19 29
9 42
6 3
20 35
15 47
2 20
8 35
19 18
9 47
16 8
13 40
21 64
20 54
11 23
18 28
2 66
7 13
10 34
11 64
14 48
2 54
11 13
12 54
14 47
2 50
15 25
19 8
11 12
5 31
15 3
11 7
5 55
11 34
16 30
8 9
6 57
