796 9 6492
1 1 0 1 1 1 1 1 1 
0 0 1 1 0 1 1 1 0 
1 1 0 0 1 1 1 0 0 
0 0 0 1 1 0 0 0 0 
1 0 1 1 1 1 1 1 0 
1 1 1 0 1 1 1 1 1 
0 0 0 0 0 0 0 0 1 
1 1 0 0 1 1 1 1 1 
1 0 1 1 0 1 1 0 0 
1 0 1 1 1 1 0 1 0 
1 1 1 1 1 1 0 1 1 
0 0 0 0 0 1 1 1 0 
0 1 0 0 1 0 1 1 0 
0 1 0 0 1 0 1 0 1 
0 0 1 0 1 0 0 1 1 
0 1 0 1 1 0 0 1 0 
0 0 1 0 1 1 0 0 1 
1 0 0 1 1 1 1 0 1 
1 0 0 1 1 1 1 0 0 
0 1 0 0 1 1 1 0 1 
0 0 1 1 0 0 0 0 1 
1 1 0 0 1 0 0 0 0 
1 0 1 1 0 1 1 1 0 
1 1 0 1 0 0 1 0 0 
1 0 1 1 1 1 1 1 1 
0 1 0 1 0 0 0 1 1 
0 1 0 1 1 1 0 0 0 
0 0 1 0 1 0 1 0 1 
1 0 0 0 0 0 1 1 1 
0 1 0 1 1 1 1 0 1 
0 0 1 0 0 0 0 0 0 
1 1 1 0 0 1 0 1 1 
0 0 0 0 0 0 0 1 1 
0 0 0 1 0 1 0 1 0 
1 0 0 0 1 1 0 0 1 
0 1 0 0 0 1 0 1 0 
0 0 0 1 0 0 0 1 1 
1 1 0 1 0 0 1 1 0 
0 1 0 0 0 1 1 0 0 
1 1 1 0 1 0 1 0 0 
0 1 1 0 0 1 1 1 0 
1 0 0 0 0 1 0 1 1 
0 1 0 0 1 0 1 1 0 
0 0 0 1 1 0 0 0 1 
0 1 1 1 0 1 1 1 1 
0 1 0 1 1 0 0 1 1 
0 1 1 0 1 0 1 1 0 
1 1 1 1 1 0 0 0 1 
0 0 0 1 1 1 1 0 0 
1 1 0 0 1 1 1 0 1 
0 1 0 0 0 0 0 0 1 
1 0 1 0 0 1 1 1 1 
0 0 0 1 0 0 1 0 0 
0 0 1 0 0 0 0 1 0 
0 1 0 1 0 1 0 1 0 
0 1 0 1 1 0 1 0 1 
1 0 1 1 1 1 1 0 0 
1 0 1 1 1 0 1 1 1 
1 0 0 0 0 1 1 0 0 
1 1 0 1 1 1 1 1 0 
1 0 1 0 0 1 1 1 1 
1 1 0 0 1 1 1 0 0 
1 0 1 1 1 0 1 1 1 
1 1 0 0 1 0 1 0 1 
0 1 1 1 0 0 1 0 0 
1 0 0 0 0 0 0 1 1 
1 1 0 0 0 0 1 1 0 
0 1 1 0 0 0 0 1 1 
1 1 0 0 1 1 1 0 0 
0 0 0 0 1 1 1 0 0 
1 1 1 0 0 0 0 0 1 
0 0 0 0 1 0 0 1 1 
0 1 0 0 1 0 0 1 0 
1 0 0 0 0 0 0 1 1 
1 0 0 1 0 0 1 1 1 
0 0 1 1 0 1 0 0 0 
1 1 0 1 0 0 0 0 0 
0 0 0 1 1 0 0 1 0 
1 0 1 1 1 0 1 0 0 
0 0 0 1 0 0 1 1 0 
0 0 0 1 1 0 1 0 1 
1 0 1 0 1 0 1 1 0 
1 1 1 1 0 1 1 1 0 
1 0 1 1 1 1 1 1 1 
0 1 1 0 1 1 1 0 1 
1 1 0 0 0 0 1 0 1 
0 1 1 0 0 0 1 1 1 
1 1 0 0 0 1 1 1 0 
1 1 0 1 0 0 1 1 0 
1 1 1 0 1 0 1 0 0 
0 0 1 1 1 0 0 1 1 
0 0 0 0 0 0 1 0 1 
0 0 0 1 1 1 1 0 1 
0 1 0 1 1 1 0 0 0 
0 1 0 0 0 1 0 1 0 
1 0 0 0 1 0 0 1 0 
1 0 0 0 1 0 0 0 1 
1 1 0 0 0 1 1 1 1 
1 1 0 1 1 1 0 1 0 
1 0 1 0 0 0 0 1 1 
0 1 0 0 0 1 1 0 1 
1 0 0 0 1 0 0 0 1 
0 0 1 0 0 0 1 1 0 
0 1 1 1 1 1 0 0 1 
0 1 1 1 0 0 0 1 1 
1 0 0 1 1 1 1 1 1 
0 1 1 0 0 0 0 1 1 
0 0 1 1 1 1 1 0 0 
1 1 1 0 1 1 1 1 1 
1 1 1 0 0 0 0 0 0 
1 0 1 1 0 0 0 0 0 
1 1 1 0 1 1 0 0 0 
0 1 0 0 0 1 1 0 1 
0 1 1 0 1 0 0 0 0 
1 1 0 0 1 0 1 0 0 
1 1 0 1 0 1 0 1 0 
0 1 0 0 1 1 1 1 1 
0 0 1 1 0 1 1 1 1 
1 0 0 1 1 1 1 0 1 
0 0 0 0 1 1 1 1 0 
0 1 1 1 1 0 0 0 0 
1 0 0 0 0 0 0 0 0 
1 1 1 0 1 1 1 1 0 
0 1 1 1 0 1 1 1 0 
0 1 0 1 1 0 1 0 1 
1 1 1 0 1 1 0 0 0 
0 0 1 0 0 0 0 1 1 
0 0 0 1 0 0 1 1 1 
0 1 0 1 1 0 0 1 0 
0 1 1 0 0 1 1 0 1 
0 1 1 1 1 0 1 0 1 
1 1 1 0 1 1 0 1 1 
1 0 1 0 0 0 0 0 0 
0 0 0 1 0 0 0 0 0 
0 1 0 1 1 1 0 1 0 
1 0 1 1 1 1 1 0 1 
0 1 0 1 0 0 0 1 0 
0 1 1 0 1 1 0 1 1 
0 1 1 1 0 0 0 1 1 
0 0 0 0 1 0 1 0 1 
1 0 1 0 0 0 1 1 0 
1 1 1 0 0 1 1 0 0 
1 0 1 1 1 1 0 1 1 
1 0 1 1 1 1 0 1 1 
1 1 1 1 0 0 1 0 1 
0 1 1 1 0 0 0 1 1 
1 0 1 0 0 1 1 0 0 
0 0 0 1 0 1 0 0 1 
0 1 0 1 1 1 0 0 0 
1 1 1 0 1 0 1 1 0 
0 0 1 0 0 1 1 0 0 
1 0 0 1 0 1 0 1 1 
0 1 1 0 0 0 1 1 0 
1 0 1 1 1 1 1 1 1 
1 0 0 1 1 0 0 0 1 
1 0 1 0 0 0 0 1 0 
0 0 0 1 0 0 0 1 1 
1 1 0 0 0 0 1 0 0 
1 1 0 1 1 0 1 0 0 
0 1 0 1 1 0 0 0 0 
1 1 0 0 0 0 1 0 0 
1 1 1 1 1 0 0 1 0 
0 1 1 0 1 0 1 0 0 
1 1 1 0 0 1 1 0 0 
1 1 0 1 1 0 1 1 0 
0 0 1 1 1 0 1 0 0 
0 1 0 1 0 1 1 0 1 
1 1 1 1 1 0 1 0 0 
1 1 0 1 1 0 0 1 1 
0 0 1 0 1 1 1 0 1 
0 0 0 0 1 0 1 0 0 
1 1 0 1 1 0 1 1 0 
0 1 0 1 1 1 1 0 1 
0 1 0 0 0 0 1 0 0 
0 0 1 1 1 0 0 0 0 
1 1 1 1 1 1 1 1 0 
1 1 0 1 1 0 1 1 1 
1 1 0 1 1 1 0 1 1 
0 0 1 1 1 1 0 1 0 
0 0 0 0 0 1 1 0 0 
0 1 1 0 1 0 1 1 1 
1 0 1 1 1 0 1 0 0 
1 1 1 1 1 0 0 1 0 
1 1 1 0 1 0 1 0 1 
1 1 1 1 0 0 0 1 1 
1 1 1 1 0 1 0 0 1 
0 0 0 1 0 0 0 1 1 
1 0 0 0 0 1 0 0 1 
1 0 1 0 0 1 0 0 1 
1 0 1 1 0 0 0 0 0 
0 0 0 1 0 1 0 1 0 
0 1 0 1 1 0 0 1 1 
0 0 0 1 0 1 1 1 0 
0 1 0 1 0 1 1 0 0 
0 1 1 0 0 0 1 0 1 
0 0 1 0 1 0 0 0 1 
0 0 0 0 1 1 0 1 1 
1 0 0 1 0 1 0 0 1 
1 0 1 0 0 1 0 1 0 
0 1 1 1 1 1 1 0 0 
0 0 0 1 0 0 0 0 1 
1 0 1 1 1 0 0 0 0 
1 0 1 0 0 1 1 0 1 
1 1 0 1 0 1 0 0 0 
0 0 1 0 0 0 0 0 0 
1 1 0 0 0 1 0 0 0 
1 1 0 1 1 1 0 1 1 
1 1 1 1 0 1 1 1 0 
0 0 0 0 0 1 0 1 0 
1 1 0 1 0 0 0 0 0 
1 0 0 1 1 1 0 1 1 
0 0 1 0 0 1 1 1 0 
0 1 0 1 1 0 1 0 1 
0 1 1 1 0 0 1 1 1 
0 1 1 1 1 0 1 0 0 
1 0 1 0 0 0 0 1 0 
1 1 1 1 1 0 1 1 0 
0 0 0 0 1 1 0 1 1 
1 1 1 0 0 0 0 0 0 
1 1 0 0 1 0 0 1 0 
1 1 1 0 1 0 0 0 1 
1 1 0 1 1 0 0 1 0 
1 0 1 0 1 0 1 1 0 
0 0 1 1 1 0 0 0 1 
1 0 1 0 0 1 0 0 0 
1 0 1 1 1 1 1 0 1 
0 1 0 1 0 0 1 1 0 
0 0 1 1 0 0 0 1 0 
1 1 0 1 0 0 0 1 0 
1 1 0 1 1 0 0 0 1 
1 0 0 0 0 0 1 0 0 
0 1 1 1 1 0 1 0 1 
0 1 1 1 1 0 1 1 0 
0 0 0 1 0 0 0 1 0 
0 0 1 0 0 0 0 1 1 
0 1 1 0 1 1 0 1 1 
1 1 1 0 1 0 1 0 1 
0 0 1 1 0 0 1 0 1 
1 0 0 0 0 1 0 1 1 
0 1 1 0 0 1 0 1 1 
0 1 0 1 0 1 0 0 0 
0 0 0 1 1 0 1 1 1 
0 1 0 1 0 0 1 0 1 
1 1 1 1 1 0 0 0 1 
1 1 0 0 1 1 0 1 0 
0 1 1 0 0 0 1 1 1 
0 1 1 0 0 0 0 1 0 
0 1 0 1 0 0 1 1 1 
0 0 0 0 0 1 1 1 1 
0 1 1 0 0 0 0 1 1 
0 0 0 0 0 0 0 1 0 
0 0 1 1 1 1 0 1 0 
0 1 1 0 1 1 0 0 1 
1 0 0 1 1 0 1 1 1 
0 0 0 1 1 1 0 1 0 
1 1 1 0 0 0 0 0 0 
0 1 0 0 1 0 1 0 0 
1 1 0 1 0 1 1 1 1 
1 1 0 0 1 0 0 1 0 
0 0 0 1 0 0 1 0 0 
0 1 1 0 0 0 0 0 0 
1 1 1 1 1 0 0 0 1 
1 1 1 0 1 1 0 1 0 
1 1 1 1 1 1 1 1 0 
0 0 0 1 0 1 0 1 0 
1 1 0 1 0 0 0 0 1 
0 0 0 0 0 1 1 0 1 
1 0 0 1 0 1 1 0 0 
1 0 0 0 0 0 1 1 0 
1 0 1 0 1 0 1 1 1 
0 1 0 0 1 1 0 0 0 
0 1 0 0 1 0 0 1 0 
0 0 0 0 1 1 0 0 1 
1 0 0 1 0 1 0 0 1 
0 1 1 0 1 0 0 1 1 
1 1 0 0 0 1 1 1 0 
1 0 0 1 1 1 1 0 1 
0 0 0 0 0 1 0 0 0 
0 0 0 0 1 1 1 1 1 
1 1 0 0 0 0 0 1 0 
0 0 1 0 1 0 0 0 0 
1 1 1 1 0 0 0 1 1 
0 1 1 0 1 1 1 1 0 
0 0 1 0 1 0 0 1 1 
0 0 0 1 0 0 1 0 0 
1 1 0 0 1 1 0 1 1 
0 0 1 1 1 1 1 0 0 
0 0 1 1 0 0 0 1 1 
0 0 0 0 1 1 0 0 0 
1 1 1 1 0 0 1 1 0 
0 1 1 0 0 1 0 0 0 
1 0 0 0 0 0 1 0 0 
0 1 1 0 1 1 0 0 0 
1 0 1 1 0 0 0 0 1 
1 1 0 1 0 0 0 1 1 
1 0 1 0 0 1 1 1 0 
0 1 0 0 1 0 1 1 1 
0 0 0 0 1 0 1 1 0 
0 0 1 0 1 1 0 1 1 
1 0 1 1 1 1 1 0 0 
0 0 1 1 1 0 1 0 0 
0 1 0 1 1 1 0 1 0 
1 1 0 0 0 0 0 0 0 
0 0 0 0 0 0 1 0 1 
0 1 1 0 0 1 1 0 1 
1 0 1 1 0 0 1 1 0 
1 1 1 0 1 0 1 0 1 
1 1 1 1 1 0 1 1 0 
0 1 1 1 0 1 0 1 1 
0 1 1 1 1 0 0 1 1 
1 1 0 1 0 1 1 0 0 
0 1 0 1 1 0 1 0 0 
0 1 1 0 1 0 1 1 1 
1 1 0 0 0 0 1 1 0 
0 1 0 1 0 0 1 1 1 
0 0 0 1 0 0 1 0 0 
1 0 1 1 0 0 0 0 0 
0 1 1 1 0 0 0 0 0 
0 1 1 0 0 1 0 1 1 
0 0 1 1 1 1 0 1 1 
1 0 0 1 1 0 0 0 0 
1 1 0 1 1 1 0 0 1 
1 1 0 1 1 0 1 0 0 
1 1 1 0 1 1 1 1 0 
1 1 1 0 1 1 0 0 1 
1 0 1 1 0 1 1 1 1 
1 0 1 1 0 1 1 0 0 
1 0 1 0 1 1 0 1 0 
1 1 0 0 0 1 0 1 1 
0 1 1 0 0 0 0 0 0 
0 0 0 0 0 1 1 0 0 
0 1 0 1 1 0 1 1 1 
1 1 0 1 0 0 1 1 1 
0 0 0 0 1 0 1 0 1 
0 0 1 0 0 0 0 0 0 
1 0 1 0 0 0 1 0 1 
1 0 1 0 1 1 0 0 1 
0 0 0 1 1 0 1 0 0 
1 0 1 1 1 1 1 1 0 
0 1 0 1 0 0 0 1 1 
0 0 0 0 1 0 1 0 1 
1 0 1 1 1 0 0 0 1 
0 0 1 0 0 1 0 0 1 
1 1 1 0 1 0 1 0 0 
0 1 1 1 0 0 1 0 0 
1 0 1 1 0 0 0 1 1 
1 1 1 1 0 1 0 1 0 
1 1 0 0 0 1 1 1 0 
0 1 1 0 1 0 1 0 0 
0 0 0 1 0 0 1 0 1 
1 0 1 0 1 1 1 0 1 
1 0 1 1 0 1 0 0 0 
0 1 0 1 1 0 1 0 1 
1 0 0 1 1 1 0 0 1 
1 1 1 1 1 0 1 1 1 
1 1 1 0 1 0 0 1 1 
1 1 0 1 1 0 1 1 1 
0 0 0 1 0 1 0 1 1 
0 0 0 0 0 0 1 0 0 
0 1 1 1 0 0 1 0 0 
1 0 0 0 0 0 0 1 1 
1 1 1 0 1 1 1 1 1 
1 1 1 1 1 1 0 0 0 
1 1 0 0 1 1 1 0 0 
1 1 0 0 0 1 0 0 1 
0 0 1 0 1 0 1 0 0 
0 0 1 0 0 1 0 0 1 
1 1 1 0 0 0 1 0 1 
1 1 0 0 0 0 0 1 1 
0 1 1 1 1 0 1 1 0 
1 0 0 1 0 1 1 1 1 
0 0 1 1 0 1 0 0 0 
1 1 0 0 0 0 1 1 0 
1 1 1 0 0 0 1 1 0 
1 1 1 0 0 0 0 0 0 
1 0 0 1 0 0 1 0 1 
1 1 0 0 1 1 1 1 0 
0 1 1 0 0 1 1 0 0 
0 1 0 0 0 0 0 1 0 
1 1 0 0 0 1 0 1 1 
1 1 1 0 0 0 0 0 1 
1 1 1 0 1 0 0 1 1 
0 1 0 1 0 0 1 1 1 
1 0 0 1 0 1 1 1 1 
1 1 1 0 1 1 0 1 0 
0 1 1 1 1 1 1 1 0 
0 1 1 1 1 0 0 0 1 
0 1 0 0 0 1 1 1 1 
0 1 1 1 1 1 1 1 0 
1 0 1 1 1 1 1 1 0 
1 1 1 0 0 1 0 0 1 
1 1 0 1 0 1 1 1 1 
0 0 1 1 1 1 1 0 1 
0 1 1 0 0 0 0 1 1 
0 0 0 1 1 0 1 0 0 
1 0 1 1 1 0 1 0 0 
0 1 1 0 1 1 1 1 0 
0 1 1 0 1 0 0 1 0 
1 1 1 1 1 0 1 0 1 
1 1 1 1 0 1 0 1 0 
1 0 1 1 1 0 1 0 0 
0 0 1 1 1 0 1 1 0 
0 0 0 0 0 0 0 1 1 
1 0 0 0 0 1 0 1 0 
1 0 1 1 0 1 1 0 0 
0 1 1 1 0 1 0 1 0 
1 1 0 1 1 1 1 0 1 
1 1 0 0 1 0 1 0 1 
0 0 1 0 0 0 0 1 1 
0 1 0 1 0 1 1 1 1 
0 0 1 0 1 0 1 0 1 
1 1 1 1 1 0 1 1 1 
0 1 0 1 1 0 0 0 1 
0 0 0 0 1 0 0 0 0 
1 1 1 0 0 0 0 1 0 
0 0 0 0 1 0 0 0 1 
1 0 1 1 1 1 0 1 1 
0 0 0 1 1 0 1 0 0 
1 0 0 1 0 0 0 0 1 
0 1 1 1 0 0 1 1 0 
0 1 1 0 0 0 1 1 0 
1 1 0 0 1 1 1 0 1 
0 1 0 0 1 0 0 0 0 
0 0 1 1 0 0 1 1 0 
1 1 0 0 0 1 0 1 0 
1 0 1 0 0 1 0 0 0 
0 1 1 0 0 1 0 0 0 
0 1 1 1 0 1 0 0 1 
1 1 0 1 1 0 1 0 0 
0 0 0 0 0 1 1 0 1 
0 0 1 1 0 0 1 1 1 
0 0 0 0 0 1 1 0 0 
1 1 1 0 0 1 0 0 1 
0 0 0 1 0 0 0 1 0 
0 0 0 0 0 1 1 1 1 
0 0 0 1 1 0 0 1 1 
0 0 0 0 1 1 1 0 0 
1 1 1 0 1 0 1 0 0 
1 1 1 1 0 0 1 0 0 
1 1 0 0 1 1 1 1 0 
1 0 1 1 0 0 1 0 1 
1 1 0 0 1 1 1 0 1 
0 1 0 1 0 0 1 0 1 
1 0 0 0 0 0 1 1 1 
0 0 0 0 1 1 1 0 0 
1 1 0 0 1 1 1 0 0 
0 1 0 1 1 0 1 0 1 
0 0 0 1 0 0 1 1 1 
0 1 1 1 1 1 0 0 1 
1 0 0 0 0 0 1 1 1 
0 1 1 1 1 0 1 1 1 
1 1 1 1 1 1 1 0 1 
0 0 1 0 1 1 0 0 0 
0 1 0 0 0 1 0 0 0 
1 0 0 1 0 1 1 1 0 
1 0 1 0 0 1 0 0 1 
1 0 0 1 0 1 0 0 1 
0 1 0 0 1 0 0 0 0 
0 1 0 1 0 0 1 0 1 
0 0 1 0 1 0 1 1 1 
0 0 0 0 0 1 1 1 1 
0 1 0 1 0 0 1 0 1 
0 1 0 0 0 1 1 1 1 
0 0 0 0 0 0 0 0 1 
1 1 0 1 1 0 0 1 0 
0 0 1 0 0 0 1 1 1 
1 1 0 1 1 1 0 1 0 
0 1 0 1 0 0 0 1 0 
1 1 0 0 1 0 0 0 0 
0 1 0 0 0 1 0 0 0 
1 0 0 0 1 1 0 1 0 
1 1 1 1 1 1 0 1 0 
0 1 1 1 1 0 1 0 0 
1 1 0 1 0 0 1 0 0 
0 0 1 1 0 1 1 1 1 
0 0 1 0 1 1 0 0 0 
1 0 0 0 1 1 0 0 1 
1 0 0 0 1 0 0 1 0 
0 1 0 0 0 1 1 0 1 
1 0 0 1 0 1 0 0 1 
0 0 1 1 0 1 1 0 0 
1 0 0 0 0 0 1 1 0 
0 1 0 0 1 1 1 1 0 
0 1 1 1 1 0 0 1 0 
0 1 0 1 0 1 1 0 0 
0 1 0 1 0 0 1 1 1 
1 0 0 1 0 0 1 1 0 
1 1 0 1 1 1 1 1 0 
1 0 0 0 1 0 0 0 0 
0 1 1 0 1 0 1 0 0 
1 1 0 1 0 0 1 0 0 
0 1 1 1 0 1 0 0 1 
1 0 0 0 0 0 0 0 1 
1 1 0 1 1 0 0 1 1 
0 0 0 1 0 0 0 0 0 
0 1 1 0 0 0 0 0 1 
1 1 0 1 1 1 0 1 1 
1 0 1 0 1 0 0 0 1 
0 0 0 1 0 0 0 0 1 
0 1 0 1 1 1 1 1 0 
1 1 0 0 0 1 0 1 0 
0 1 1 0 0 1 1 1 0 
1 0 0 1 1 1 0 1 0 
0 1 0 0 1 1 0 1 1 
0 1 1 1 1 0 0 1 0 
1 0 1 0 1 1 0 1 0 
1 1 0 0 1 1 1 1 1 
1 0 0 1 0 1 0 0 1 
1 1 0 0 1 0 0 0 1 
1 1 0 1 1 0 0 0 0 
1 1 1 0 1 1 0 0 1 
0 1 0 0 1 0 1 0 1 
1 1 0 0 0 0 0 0 0 
1 1 0 0 1 1 1 1 0 
0 0 1 0 0 0 1 1 1 
0 0 1 0 0 1 1 1 1 
1 0 0 1 1 1 1 1 0 
1 0 0 1 1 1 1 1 0 
1 1 0 0 0 1 1 0 1 
1 1 0 1 1 0 1 0 0 
0 1 1 1 1 1 1 0 1 
1 1 0 0 1 1 1 0 1 
0 1 1 0 1 0 0 0 1 
1 0 0 0 0 1 1 0 0 
0 1 1 1 1 1 1 1 1 
1 0 1 0 0 0 0 0 1 
1 0 0 0 1 0 0 1 0 
1 0 1 0 0 1 1 1 0 
1 1 0 1 0 1 0 0 0 
1 1 0 0 0 1 1 0 1 
1 1 0 0 0 1 1 0 0 
0 1 0 0 0 1 0 0 1 
0 1 1 0 0 1 0 1 0 
1 0 0 0 1 0 0 1 1 
0 1 0 0 1 1 0 0 0 
0 0 0 0 1 0 1 0 1 
0 1 0 0 0 0 1 0 1 
0 1 0 1 0 1 0 1 1 
0 0 0 0 0 0 0 1 0 
0 0 0 1 0 0 1 1 1 
0 0 0 1 1 0 0 1 0 
0 1 1 0 0 0 1 1 0 
0 0 1 0 1 1 0 0 0 
0 1 1 0 0 0 1 1 0 
0 1 1 0 0 0 0 1 1 
0 0 0 1 0 0 0 1 1 
1 0 0 1 1 1 1 1 1 
0 0 1 1 0 0 1 1 0 
1 1 0 0 1 1 1 0 0 
1 1 0 0 0 0 0 0 0 
1 0 1 0 0 1 1 1 0 
1 1 0 0 1 1 1 0 0 
0 1 0 0 0 1 0 0 0 
1 0 0 1 1 0 0 0 1 
0 0 0 0 1 0 1 1 1 
0 1 0 1 0 1 1 0 1 
0 0 1 0 1 1 0 0 0 
0 1 0 0 0 0 0 1 0 
1 0 0 1 0 1 1 1 0 
1 1 1 1 1 0 1 1 0 
0 1 0 1 1 0 0 0 1 
1 1 1 1 1 1 1 1 1 
1 1 0 0 0 1 0 1 0 
0 1 0 0 0 1 1 0 0 
1 0 0 0 1 0 0 0 0 
1 0 0 0 1 0 1 1 1 
1 1 0 1 0 0 0 1 1 
1 0 1 1 1 0 0 0 1 
0 0 1 0 0 0 1 0 1 
0 1 1 0 1 1 0 0 0 
0 1 1 1 0 0 1 0 1 
0 0 0 1 0 1 1 0 0 
1 1 1 1 0 0 1 0 1 
0 1 0 0 1 1 1 0 1 
0 0 0 0 1 0 1 0 0 
0 1 1 1 0 1 1 1 1 
1 1 1 1 1 1 1 1 1 
0 0 0 1 1 0 1 1 1 
0 0 1 0 0 1 0 1 1 
0 0 0 1 1 0 0 0 0 
1 0 0 0 1 1 0 0 0 
1 1 1 0 0 1 1 1 0 
0 0 1 1 1 1 0 0 0 
0 1 1 0 0 1 1 1 0 
1 0 1 1 0 1 0 1 1 
1 1 1 1 0 0 0 0 0 
0 0 0 1 1 0 0 0 0 
0 0 1 1 0 1 0 0 0 
1 1 1 0 0 0 0 0 0 
1 1 1 1 1 1 1 0 0 
1 0 0 1 1 0 0 0 1 
1 1 1 0 0 1 1 1 0 
0 0 1 0 1 0 0 1 0 
1 0 1 1 0 1 1 1 1 
0 0 1 0 1 1 1 1 0 
0 0 1 0 0 1 1 1 1 
0 0 0 1 0 0 1 1 0 
1 0 0 1 1 0 1 1 0 
0 0 0 1 1 0 0 0 1 
1 1 1 1 1 1 1 0 0 
1 0 1 1 0 1 1 1 0 
1 1 0 0 1 0 1 0 0 
0 0 1 1 0 1 0 1 1 
0 0 1 1 0 0 1 0 0 
0 0 0 0 0 1 0 0 0 
1 0 1 0 0 0 1 1 1 
0 1 0 0 1 0 1 1 0 
0 1 0 1 1 0 1 0 1 
1 1 1 0 1 0 0 0 1 
1 0 0 0 0 0 0 1 0 
1 1 1 0 0 1 1 0 1 
0 1 0 1 0 1 0 0 0 
1 0 1 1 1 0 1 0 0 
1 0 0 1 1 1 0 1 1 
0 1 0 0 1 0 0 1 0 
1 1 0 0 0 1 1 0 1 
0 1 1 1 0 0 1 0 1 
0 0 0 1 0 0 1 0 0 
0 0 1 1 1 1 0 1 1 
1 1 0 1 0 0 0 1 0 
0 1 1 1 1 1 0 0 0 
1 1 0 1 1 1 0 1 1 
0 1 0 0 1 0 0 0 1 
1 1 1 0 0 1 1 1 1 
1 0 0 0 0 0 0 0 1 
1 1 0 0 1 1 0 0 0 
0 1 1 1 0 1 1 1 1 
1 0 0 1 0 0 1 0 0 
1 1 0 0 1 0 0 1 0 
1 1 0 0 1 1 1 0 1 
1 0 0 1 1 0 0 0 0 
1 1 1 0 1 1 0 0 1 
1 1 1 0 1 0 0 1 0 
1 0 1 1 0 0 1 1 1 
1 1 0 1 1 1 1 1 1 
0 1 1 0 1 1 0 1 0 
1 0 0 0 0 1 0 1 1 
1 0 1 0 1 0 0 0 0 
1 1 1 1 0 0 1 0 1 
1 0 1 1 0 1 1 1 0 
1 1 1 0 1 1 0 0 1 
1 0 0 1 0 1 0 1 1 
1 0 0 1 1 1 0 0 0 
0 1 1 0 0 1 1 0 1 
1 0 1 0 0 0 0 1 1 
1 1 0 1 1 0 0 0 0 
1 0 0 0 1 0 0 1 0 
0 1 1 0 0 0 0 0 0 
1 0 1 1 1 1 0 1 0 
0 0 0 0 1 1 1 1 0 
1 1 1 0 0 0 0 0 0 
1 0 1 1 1 0 1 0 0 
1 0 0 0 0 0 1 1 0 
0 0 0 1 0 0 0 0 0 
1 0 0 1 1 1 1 0 1 
0 1 0 0 1 0 1 0 0 
0 1 0 0 0 0 1 0 1 
0 1 1 1 1 1 0 0 0 
0 1 1 1 0 1 1 0 0 
1 0 1 0 1 1 0 0 1 
0 0 1 1 1 0 0 1 0 
1 0 0 1 1 1 0 0 0 
1 1 0 1 1 0 0 1 1 
0 0 1 0 1 0 0 1 0 
0 1 1 1 1 1 1 0 0 
0 1 0 1 0 0 1 1 1 
0 0 0 0 0 0 0 1 1 
0 1 0 1 0 0 0 1 1 
1 1 0 0 0 0 0 0 0 
1 0 1 1 1 0 1 1 1 
1 1 1 1 0 1 1 1 0 
1 0 1 1 1 0 1 0 0 
1 0 0 1 0 0 0 0 0 
1 1 0 1 1 1 1 0 0 
0 1 1 1 0 0 1 0 0 
0 0 0 0 0 0 0 0 1 
1 0 0 0 0 1 0 1 1 
1 0 1 1 0 1 0 1 0 
1 0 0 1 1 1 0 1 1 
0 1 0 1 1 0 0 1 0 
1 1 0 0 1 0 1 1 1 
1 0 1 0 0 0 1 0 1 
0 1 0 0 0 0 0 0 0 
1 1 0 1 0 1 0 0 0 
1 0 0 1 0 1 0 1 0 
0 0 0 1 0 1 1 1 1 
0 1 1 1 0 0 0 0 1 
1 1 1 1 0 1 1 0 1 
1 0 0 1 1 1 0 0 0 
0 0 1 0 1 0 0 0 1 
1 1 0 0 1 0 1 0 0 
0 1 0 0 0 1 0 1 1 
0 1 1 1 1 0 0 1 1 
0 0 1 1 0 0 0 0 0 
0 1 1 1 0 0 0 1 1 
1 0 1 0 1 1 0 1 0 
0 0 0 0 1 0 1 0 0 
1 0 1 0 0 1 1 1 0 
1 1 0 0 0 0 1 0 0 
0 1 0 0 1 1 1 1 1 
0 1 0 1 1 0 0 1 1 
0 1 1 1 0 0 1 0 0 
1 1 0 0 0 1 0 0 0 
1 0 1 0 1 1 0 0 1 
1 0 1 0 1 1 1 0 1 
1 0 0 0 1 1 0 1 1 
1 0 1 0 0 1 1 0 1 
0 0 0 0 0 0 1 0 0 
0 0 0 0 1 1 0 0 1 
0 0 1 1 1 1 0 0 0 
1 1 0 1 0 0 1 1 1 
0 1 1 0 1 0 1 1 1 
1 1 1 0 1 1 0 0 0 
1 1 0 1 1 0 0 1 0 
0 1 0 1 0 0 1 1 0 
0 1 0 0 0 1 0 0 1 
0 0 0 1 0 1 0 0 0 
0 0 0 0 0 1 1 1 0 
1 1 0 1 1 0 1 0 0 
0 0 0 0 1 0 0 1 0 
1 1 1 1 1 1 1 0 0 
1 0 0 0 1 1 1 0 0 
1 1 0 1 0 1 0 1 0 
0 0 1 0 1 1 0 1 0 
1 0 1 1 1 1 0 1 1 
0 0 1 0 0 1 1 0 1 
1 0 0 0 1 0 0 1 0 
0 1 0 1 1 0 0 1 1 
1 1 0 1 1 1 0 1 1 
1 0 0 0 1 0 0 1 1 
1 0 1 1 1 1 1 1 0 
1 1 1 1 1 0 1 1 1 
0 1 0 0 1 0 1 1 0 
1 0 1 1 0 1 0 0 1 
1 0 0 0 0 0 0 1 0 
0 0 0 0 1 0 0 1 1 
1 1 1 0 1 1 0 0 0 
1 0 0 1 1 1 0 0 1 
0 1 0 0 1 0 1 0 0 
0 1 1 1 0 1 0 1 1 
0 0 0 0 1 1 1 1 0 
0 1 0 0 1 1 1 1 1 
1 0 1 1 1 0 1 1 0 
0 1 0 0 1 1 0 1 1 
0 1 1 0 1 1 0 1 0 
0 0 0 1 1 1 1 1 0 
0 0 0 1 1 0 1 1 0 
0 0 0 0 0 0 1 1 1 
0 0 1 1 0 0 0 1 1 
0 0 1 1 1 0 1 0 1 
0 1 1 1 0 1 0 0 0 
0 1 1 0 1 0 1 1 0 
1 0 0 0 1 0 1 1 1 
0 0 1 1 1 0 1 1 1 
0 1 1 0 0 1 0 1 0 
0 0 0 1 1 1 0 1 0 
0 1 0 1 1 1 1 1 0 
1 1 0 0 0 0 0 0 1 
1 1 1 0 0 1 0 1 1 
1 1 0 1 0 0 0 0 0 
1 1 0 1 1 1 1 1 0 
0 1 1 1 1 0 1 0 0 
1 1 1 0 0 0 1 1 1 
1 0 1 0 1 1 1 0 0 
1 1 0 1 0 1 0 1 1 
0 0 0 1 1 0 0 1 1 
1 1 0 0 1 1 0 0 1 
0 1 1 1 1 1 1 0 0 
1 1 0 1 0 1 0 1 1 
0 0 1 0 0 1 1 0 1 
0 0 0 1 0 0 1 1 0 
0 1 1 0 1 1 0 0 1 
0 0 0 0 0 0 0 1 0 
1 0 0 1 0 0 0 0 0 
0 1 0 1 1 0 1 1 1 
1 0 0 0 1 1 1 1 1 
1 1 1 0 1 0 0 1 1 
1 0 1 0 0 0 0 0 0 
1 0 0 0 0 0 0 1 1 
0 0 1 0 0 1 1 0 1 
1 0 1 1 0 0 1 1 1 
0 1 0 0 1 0 0 1 1 
1 1 1 0 0 1 1 1 0 
1 0 1 0 1 1 0 1 0 
1 0 1 1 1 1 0 1 1 
0 0 1 0 1 1 1 0 0 
1 1 1 1 0 0 0 1 1 
0 1 0 1 1 0 0 1 0 
1 1 1 0 1 1 1 1 0 
0 1 0 1 0 0 0 1 1 
1 1 1 1 0 1 0 0 0 
1 0 0 1 1 1 0 1 0 
0 0 0 1 1 0 0 0 0 
0 0 0 1 0 0 0 1 1 
0 0 1 1 0 0 1 0 0 
0 0 0 1 1 1 0 1 0 
108 8
129 6
525 3
239 3
627 6
446 5
385 2
362 8
232 7
495 6
124 8
696 3
620 6
357 2
525 3
116 6
757 8
429 9
671 8
54 3
406 3
23 2
534 9
454 9
403 2
403 5
559 6
541 3
134 3
162 8
739 5
678 2
410 6
170 3
585 6
721 5
120 2
546 4
11 2
226 1
711 1
69 6
652 3
274 1
442 9
577 7
82 9
49 3
176 6
560 5
758 4
166 9
71 6
645 3
370 3
618 8
63 6
575 7
10 8
4 4
54 3
7 9
249 9
485 4
536 1
458 8
237 9
102 2
558 6
458 7
429 9
751 1
557 3
474 8
161 9
323 5
373 9
507 6
768 9
415 1
558 4
471 3
295 2
101 7
295 6
744 7
690 7
353 5
670 9
652 4
594 4
87 4
102 6
786 7
367 3
598 9
636 4
427 7
521 1
186 7
264 8
796 6
221 5
18 1
350 9
692 7
633 3
129 7
173 5
272 7
792 4
145 4
760 6
415 5
487 3
315 9
634 6
420 2
552 7
338 8
172 1
278 5
694 9
139 4
354 3
418 8
468 8
61 6
170 7
647 8
668 2
360 3
279 6
208 4
222 8
527 4
188 7
97 1
83 9
472 5
175 5
623 7
674 2
175 4
410 8
163 6
155 3
69 7
196 1
257 4
17 6
455 2
696 6
744 1
526 6
548 4
231 9
528 2
426 9
75 9
706 9
320 2
417 8
425 5
575 7
786 4
296 3
316 3
320 8
89 3
603 5
115 9
529 2
670 5
329 4
339 2
176 3
115 5
144 2
762 1
133 5
240 8
32 4
66 1
594 7
413 2
599 6
249 5
160 2
321 1
775 1
133 8
107 3
708 3
167 1
700 2
580 2
680 2
495 5
547 2
400 1
588 4
54 3
597 3
106 2
730 6
20 7
107 1
43 3
338 6
493 5
293 3
375 9
28 7
183 4
453 9
778 2
491 8
538 9
512 2
672 1
20 5
128 5
61 8
39 8
546 8
369 8
597 5
356 3
515 6
741 4
8 6
620 9
657 9
543 2
722 1
377 9
134 3
152 2
537 4
207 1
510 1
62 4
722 5
183 3
782 1
375 1
289 3
518 8
760 7
525 1
542 7
777 7
246 1
764 3
95 4
123 6
589 3
38 4
644 8
654 6
342 2
307 5
58 2
572 2
524 7
611 3
423 7
368 5
442 9
337 6
174 8
60 2
544 8
377 3
711 9
574 2
691 4
777 8
11 1
111 9
33 9
385 6
567 3
72 5
682 5
269 4
107 6
620 5
603 9
318 9
395 9
147 3
362 5
73 6
742 9
423 1
660 2
328 5
41 1
573 5
406 4
142 1
634 5
377 6
309 5
337 4
629 1
597 2
622 8
422 8
647 3
574 2
145 9
622 5
447 3
98 8
747 7
319 1
794 4
647 4
197 9
728 4
341 2
137 7
534 3
61 5
216 4
386 2
586 5
35 9
659 7
625 3
147 7
157 3
535 4
426 2
581 5
589 7
364 4
139 6
330 2
542 5
81 8
12 2
267 8
141 9
274 2
795 5
398 8
455 3
652 9
107 5
155 5
650 9
595 8
755 3
347 1
158 8
153 8
531 5
473 3
240 6
356 2
483 2
314 6
161 5
315 7
79 8
424 4
543 4
479 8
598 6
486 4
281 7
738 6
747 9
57 9
43 2
260 6
286 1
708 6
384 1
162 3
156 9
62 4
439 7
77 2
98 6
527 9
525 9
346 5
172 1
495 5
125 8
646 8
603 4
156 3
268 9
43 5
266 8
523 9
132 7
421 7
27 1
715 4
615 5
419 5
330 4
688 7
565 7
155 3
380 1
603 3
106 2
107 7
298 5
231 3
501 9
684 3
165 6
361 6
205 8
51 8
630 2
415 2
635 7
304 9
623 3
330 5
176 9
15 4
429 2
60 9
37 9
298 8
32 3
681 1
527 7
491 3
692 5
1 2
652 1
726 7
207 3
708 8
127 6
549 9
616 1
297 4
377 3
222 8
616 9
751 7
767 9
618 8
701 3
731 4
703 7
470 6
239 8
54 1
305 5
627 3
145 6
512 9
339 9
690 6
747 1
638 8
650 2
50 7
102 5
315 1
253 9
687 1
464 4
56 7
234 7
218 9
792 6
13 2
305 7
286 8
435 8
446 2
783 5
485 7
431 2
293 2
57 8
238 6
262 4
434 2
734 4
181 6
74 4
277 8
734 7
489 9
785 3
483 8
212 7
597 8
49 1
323 6
753 7
652 5
7 1
181 7
460 9
107 6
660 8
71 7
713 1
504 7
633 5
375 8
610 2
546 8
559 3
253 6
742 4
191 9
768 3
529 4
501 8
466 3
514 4
752 6
487 2
287 2
728 9
718 4
496 9
8 5
53 2
195 5
49 2
181 3
491 5
737 7
402 8
749 8
541 9
193 4
372 6
571 4
565 2
318 6
283 8
148 5
485 9
644 3
317 5
234 7
424 9
36 3
510 3
614 3
431 1
209 3
433 8
127 5
462 7
643 9
542 7
366 2
771 3
268 6
422 7
321 6
9 8
193 8
345 2
539 2
238 7
650 6
198 1
129 1
97 3
412 5
292 4
656 3
788 1
363 8
674 7
547 8
41 3
271 9
757 5
286 4
706 8
182 3
589 4
451 6
239 7
641 6
668 8
621 3
32 5
433 8
612 2
696 3
37 5
760 7
394 8
306 9
291 4
315 8
543 8
511 7
161 1
589 5
580 9
535 4
646 3
551 4
497 8
311 8
595 1
474 2
398 8
119 2
2 3
60 4
320 6
491 8
186 1
581 1
314 6
597 4
386 2
723 9
347 1
77 5
218 6
69 9
389 8
580 3
32 8
364 2
267 2
645 4
724 5
27 1
379 2
106 1
333 4
132 2
548 6
440 2
678 9
461 1
319 9
683 3
731 5
398 7
461 3
487 3
301 1
173 8
501 1
58 5
373 3
258 4
242 6
763 7
442 9
4 9
466 5
392 9
303 1
486 1
400 8
756 6
142 4
78 4
428 7
169 7
189 4
105 4
304 4
387 5
290 3
584 6
153 7
420 6
785 9
517 3
252 8
505 6
239 1
730 7
299 5
433 7
589 7
582 8
171 9
520 8
670 2
151 9
265 5
387 5
496 6
63 5
37 6
676 7
229 8
385 6
218 3
462 6
708 2
83 8
386 6
273 4
713 5
744 8
353 5
339 5
406 6
314 8
657 3
163 2
729 8
192 1
524 5
67 2
430 6
89 9
772 9
233 1
436 7
513 2
503 4
772 8
205 3
278 8
438 9
445 2
82 6
649 9
178 5
610 8
264 2
297 8
203 7
509 1
549 4
530 9
592 4
482 9
594 8
7 8
284 5
369 7
93 8
530 6
132 8
425 1
150 9
745 9
177 8
193 4
202 9
552 4
559 8
449 7
88 7
326 3
121 7
494 7
773 8
650 8
763 3
19 9
553 9
647 3
401 2
103 5
625 1
141 7
244 7
676 3
696 2
162 6
646 2
611 1
760 9
728 3
539 7
261 9
772 2
207 9
62 6
558 4
653 2
409 8
228 3
541 9
269 5
721 5
554 5
209 5
171 1
698 5
282 7
77 6
369 5
157 9
376 7
691 5
715 3
517 9
479 9
50 2
302 2
601 5
282 6
171 8
337 7
80 9
43 7
218 1
41 9
340 5
397 2
468 6
73 3
783 3
635 8
408 3
52 6
156 8
501 6
387 3
632 8
80 7
541 6
111 6
781 4
364 7
47 1
550 9
603 6
302 5
191 5
318 7
257 7
698 8
639 6
645 5
673 1
152 9
259 5
416 7
193 6
53 5
460 7
177 4
691 9
565 6
165 8
251 6
502 3
70 8
392 5
302 6
462 2
400 5
612 9
433 9
155 3
333 9
662 6
493 9
584 1
290 8
122 6
506 9
659 9
516 4
486 4
578 7
468 1
323 4
588 8
665 3
512 4
229 3
706 5
231 9
740 9
187 7
517 2
467 1
238 6
130 3
643 9
481 8
541 5
702 3
494 2
695 2
508 7
630 9
1 1
23 8
568 1
428 5
735 1
34 5
538 3
678 9
662 9
407 8
713 4
211 1
364 1
166 7
44 9
516 3
677 7
549 9
333 8
10 2
363 6
77 9
681 5
688 1
696 8
75 9
755 1
392 9
31 1
262 2
396 7
449 8
734 8
748 9
626 9
187 4
297 5
449 1
244 3
751 3
507 7
86 6
620 1
396 2
509 5
604 4
594 2
54 3
793 3
561 3
67 3
367 3
340 2
441 9
421 4
257 2
67 1
411 7
248 7
528 3
436 7
25 6
110 6
684 7
354 3
134 7
246 7
463 8
117 7
44 6
617 8
451 3
462 5
646 7
35 5
748 4
559 1
386 4
435 2
219 8
189 4
200 3
640 7
608 5
234 1
539 4
111 9
737 9
382 9
13 8
101 7
605 5
321 8
745 7
320 8
302 5
481 8
519 8
135 3
205 2
182 8
466 6
762 4
208 2
515 1
151 1
207 3
655 3
358 7
356 5
368 7
526 9
37 4
686 1
654 7
364 5
163 9
743 8
790 3
108 6
693 9
102 7
777 6
773 9
36 4
373 1
789 2
667 8
198 7
614 8
252 7
468 6
80 3
121 7
279 3
436 8
241 4
24 6
584 7
148 4
409 8
68 2
417 7
150 4
53 3
124 7
612 4
582 6
184 3
2 8
743 5
253 9
350 4
718 8
608 7
97 3
430 1
737 1
448 7
669 7
250 9
62 1
655 3
570 7
76 4
769 8
673 5
343 5
592 7
146 1
461 9
90 5
241 8
488 9
603 2
428 6
255 6
121 5
584 6
350 9
218 8
573 2
17 4
438 7
146 8
356 4
340 3
399 9
95 9
22 4
732 8
503 2
538 8
148 1
465 7
789 8
43 4
622 9
168 8
555 9
515 3
542 7
263 8
384 1
695 4
521 5
330 3
719 9
647 1
631 1
519 6
674 9
642 2
717 4
436 6
326 3
695 2
533 4
302 9
685 8
617 4
598 2
380 3
621 6
694 5
622 4
451 5
553 1
588 6
479 2
629 1
594 1
743 1
182 5
592 9
697 5
545 7
290 8
460 8
505 4
201 1
380 9
700 5
207 1
455 4
57 2
586 1
628 8
737 4
48 2
105 5
725 3
114 2
3 4
721 5
591 2
246 1
361 2
487 3
560 5
549 3
507 6
345 8
3 1
780 3
526 1
581 5
16 6
37 3
148 6
664 6
666 6
459 7
113 1
428 2
6 6
319 6
281 4
61 9
310 1
703 6
64 1
173 3
663 2
149 6
381 8
230 9
587 5
131 4
71 9
183 7
559 7
12 6
6 8
409 1
794 5
5 8
267 4
623 8
201 4
771 4
562 1
68 7
386 3
394 4
330 3
719 4
625 7
769 4
51 4
726 2
113 3
249 3
235 9
499 1
595 8
174 7
770 3
83 6
91 6
703 2
253 6
554 9
762 1
522 6
94 8
608 5
536 4
648 5
653 4
17 7
759 8
223 3
368 8
323 3
638 4
414 9
205 6
467 2
790 7
622 3
1 7
464 9
61 6
90 5
427 5
148 9
748 6
194 3
620 2
566 8
337 9
81 2
19 8
620 9
471 9
507 3
235 4
600 4
475 2
718 4
608 8
36 9
358 4
337 9
422 4
647 2
658 2
221 7
552 2
181 8
767 9
186 5
601 9
350 5
334 5
532 5
354 4
673 2
507 9
353 2
376 8
52 8
719 9
374 1
661 3
440 7
193 3
338 6
329 7
727 5
91 9
569 2
682 8
634 1
79 1
67 7
589 8
372 9
92 6
377 5
201 6
521 4
26 8
293 4
100 9
621 3
337 1
479 8
164 3
81 2
150 9
121 9
598 4
100 4
218 8
502 1
39 9
435 2
478 6
503 1
593 5
447 9
182 5
265 9
463 4
741 1
158 7
577 8
12 7
528 9
423 3
506 3
509 9
61 5
676 5
368 7
600 4
459 8
432 9
680 8
650 9
638 3
140 1
21 6
100 4
372 7
427 5
322 7
350 3
146 9
378 4
677 8
37 8
779 5
273 7
793 8
81 8
112 5
168 6
554 3
705 8
742 3
457 1
701 4
673 3
737 3
467 5
537 9
393 8
349 1
216 3
479 8
501 3
178 8
131 3
398 5
632 9
76 2
196 6
423 1
749 4
178 7
519 5
691 4
775 9
142 9
553 5
477 1
686 6
241 4
789 8
175 7
415 8
194 3
348 4
609 2
309 2
457 3
83 5
113 7
636 3
371 6
264 7
464 6
326 6
453 2
357 1
114 2
238 3
124 2
638 1
512 8
42 8
393 8
587 2
184 4
107 7
565 5
17 1
286 2
489 3
505 6
395 5
234 1
68 1
677 6
346 5
207 4
707 1
759 5
476 8
594 5
399 4
98 8
618 6
300 9
457 3
20 1
371 5
177 5
789 5
168 8
214 5
143 9
353 7
245 4
195 8
784 7
575 5
63 1
517 8
130 5
671 8
480 6
437 6
168 9
241 7
732 5
516 9
350 1
790 1
626 4
144 9
349 2
487 3
677 8
306 6
476 1
124 2
128 7
635 7
478 3
232 8
440 2
50 5
331 9
510 7
68 7
287 5
599 7
426 7
67 9
369 2
34 8
88 4
410 3
477 2
421 6
428 9
364 2
714 7
77 6
604 1
505 9
474 4
267 4
592 2
433 1
570 3
631 3
210 6
641 4
205 8
14 5
538 4
707 5
724 1
604 1
123 2
695 5
32 3
419 2
692 2
1 6
427 9
339 6
463 7
463 6
332 4
414 9
426 1
37 8
617 3
202 1
544 9
284 1
595 8
309 1
658 2
707 8
647 9
612 9
397 7
740 4
488 5
349 4
488 7
191 5
249 3
214 5
328 4
240 2
179 1
513 1
18 3
242 7
363 4
307 1
196 5
689 7
601 7
790 7
541 2
466 3
625 6
778 9
16 1
21 3
702 7
575 3
791 3
377 9
757 1
292 3
578 1
353 9
262 5
427 8
154 5
516 3
179 3
333 4
176 5
506 4
774 6
2 3
64 9
568 7
143 8
530 4
9 5
790 7
299 8
705 1
504 8
711 5
191 2
13 3
502 5
739 3
303 3
484 9
631 4
302 5
57 5
446 4
154 5
187 9
179 7
669 6
670 4
120 4
121 7
643 4
98 7
620 4
123 7
246 2
335 4
438 8
632 9
670 8
34 1
679 5
782 2
208 9
628 6
157 1
316 8
407 9
514 5
601 2
167 5
732 3
172 6
523 6
407 1
197 6
734 7
21 5
715 2
120 5
168 2
183 3
509 2
189 2
387 6
468 2
145 2
416 4
382 4
675 4
376 1
664 6
454 6
633 7
18 1
508 7
158 8
418 8
140 7
246 3
670 6
658 9
169 6
754 3
122 2
251 2
478 1
628 3
715 3
257 8
494 5
673 3
546 5
159 9
212 5
379 1
167 2
135 9
246 8
399 8
792 2
536 2
346 8
658 5
562 6
66 6
386 5
111 8
665 9
291 9
249 3
746 2
221 9
66 1
153 4
518 5
491 4
640 4
13 2
225 3
6 7
3 1
314 2
93 1
93 1
342 8
583 7
226 2
256 7
391 4
127 3
747 2
602 4
309 5
682 4
39 2
364 5
397 5
396 9
721 5
331 8
307 4
493 8
709 4
605 3
226 1
631 1
395 9
32 2
231 6
560 2
563 6
312 8
174 6
449 6
793 8
58 4
4 1
793 4
388 8
277 3
557 7
235 9
124 8
40 2
89 4
663 3
753 1
680 1
232 6
390 4
706 9
757 9
224 9
14 7
322 5
510 5
92 4
574 4
421 8
46 9
337 3
4 6
159 4
688 7
309 7
475 1
620 4
130 7
417 6
216 9
522 3
429 7
796 3
576 6
662 1
219 7
6 6
557 9
263 2
493 6
780 5
375 5
637 7
629 6
731 5
676 2
175 4
294 4
586 2
286 2
525 7
415 3
60 6
17 6
10 9
390 6
758 7
253 9
132 2
609 5
676 2
741 9
785 1
467 7
294 2
629 6
202 6
530 4
376 8
280 6
333 2
784 5
234 3
18 7
413 4
778 5
89 1
770 6
58 9
572 8
472 9
499 2
292 9
209 9
283 6
402 2
657 7
266 9
492 8
160 6
55 2
388 4
118 8
560 5
746 1
564 7
32 5
139 1
61 5
368 3
193 5
206 6
385 8
556 9
382 5
684 2
332 2
53 9
247 8
571 8
564 2
347 2
510 9
481 3
310 1
492 2
402 9
510 2
159 6
769 4
14 9
487 1
599 6
482 3
191 7
365 8
264 6
274 7
480 9
472 9
766 8
657 9
687 6
308 8
660 6
100 3
307 8
649 8
181 8
291 5
725 3
35 3
608 9
203 2
38 6
735 6
183 4
76 2
377 6
136 7
342 1
735 3
271 1
384 6
87 3
373 6
768 4
614 5
747 3
285 1
165 6
619 9
485 5
94 6
82 1
199 3
442 5
431 5
753 1
755 7
784 7
249 2
602 3
350 5
513 4
522 4
436 3
468 1
385 4
530 2
665 4
64 1
276 9
638 8
235 2
157 1
251 1
743 8
776 6
564 9
29 5
456 2
214 2
170 3
248 5
573 4
398 4
727 1
556 7
715 8
384 1
711 1
330 6
13 2
424 6
512 3
771 3
87 1
350 9
750 3
295 3
67 4
221 4
388 7
678 3
412 7
684 8
299 4
524 2
521 8
757 8
676 9
683 9
497 3
683 2
512 6
465 8
757 7
314 8
775 1
317 8
785 4
127 1
38 1
311 7
202 9
12 2
411 8
691 4
402 7
729 6
186 3
273 2
698 2
159 9
562 4
154 7
613 2
459 1
332 5
625 7
172 2
541 2
142 4
130 2
38 5
336 5
297 2
28 1
540 1
333 8
348 2
147 5
10 6
643 4
740 8
162 3
530 4
429 3
533 8
59 1
593 8
366 8
738 5
321 2
47 5
264 1
56 7
82 3
342 7
707 7
154 3
308 4
381 5
608 3
441 9
144 4
22 9
401 4
413 7
6 5
267 2
114 4
67 7
519 6
289 1
579 8
393 1
197 1
425 9
500 3
760 7
250 2
469 8
650 1
352 8
784 6
445 6
755 6
103 3
163 3
299 7
761 5
390 1
633 7
5 8
395 2
639 9
445 1
734 8
600 2
720 3
768 7
677 5
89 5
135 1
6 5
779 4
736 9
588 9
367 8
296 9
128 7
367 1
724 2
357 5
374 5
569 4
168 1
327 9
346 5
626 3
291 2
404 3
428 5
395 1
652 5
392 6
209 7
238 2
694 8
594 6
89 8
5 8
388 8
417 5
740 2
521 8
14 8
270 7
51 5
104 6
420 9
222 5
43 3
217 1
725 2
324 6
166 6
586 4
481 4
373 4
250 2
210 5
429 3
211 6
668 8
779 7
3 3
36 5
187 9
408 4
585 9
553 9
619 8
673 4
256 3
647 4
470 5
502 3
749 9
619 9
57 7
262 6
359 6
237 6
375 8
622 4
265 4
648 7
576 7
742 6
644 3
76 6
477 8
740 4
400 5
681 2
507 9
363 6
698 9
132 5
516 9
130 3
209 8
21 3
630 3
615 4
684 8
551 9
280 2
460 8
347 4
793 8
290 9
670 4
146 5
647 7
449 1
560 4
211 6
721 8
557 9
694 1
609 6
334 8
48 4
53 5
260 8
392 5
351 9
676 9
247 3
205 7
288 9
98 7
311 6
36 5
38 8
137 7
633 4
461 7
578 8
401 7
681 5
796 4
671 5
612 7
371 2
317 7
342 9
371 7
444 3
663 1
377 8
402 6
165 4
299 7
207 4
665 6
88 7
583 7
452 1
118 7
424 3
51 4
560 3
703 5
642 1
191 1
373 1
2 2
279 7
761 9
257 5
187 7
5 3
377 1
450 4
775 4
303 7
90 9
86 4
295 6
499 2
423 8
448 5
576 2
4 8
10 7
27 6
189 9
253 3
502 7
554 6
483 4
14 8
382 7
636 3
696 8
580 2
755 1
256 1
327 3
511 8
241 1
652 9
688 2
675 4
506 6
489 3
29 3
555 1
445 2
363 9
327 8
248 5
372 2
645 2
240 2
238 7
233 6
287 5
644 2
250 3
572 2
136 6
89 8
359 2
265 8
22 1
279 7
422 1
106 4
775 5
453 3
336 5
634 2
659 2
452 3
659 6
783 2
574 2
166 3
120 5
303 6
224 8
385 9
484 2
20 8
555 8
415 8
479 6
191 1
180 1
508 5
119 2
262 9
674 9
771 2
182 9
292 5
209 8
166 7
494 9
58 4
604 6
87 4
475 3
327 3
251 7
402 5
773 2
489 4
695 5
482 5
627 4
574 3
649 3
637 4
52 8
692 8
576 9
571 9
167 6
10 4
691 3
169 6
410 4
429 3
360 4
474 4
538 7
370 6
80 7
726 6
283 4
353 7
295 8
449 3
350 7
382 8
507 4
791 5
239 5
252 7
252 7
88 7
629 8
596 3
112 5
99 9
593 5
503 1
269 6
331 7
550 4
405 7
788 6
496 9
304 6
238 9
264 4
683 9
759 7
180 6
117 5
253 4
638 9
606 7
514 5
83 5
774 4
240 7
497 7
210 4
211 8
689 7
587 1
786 2
539 1
563 8
687 4
537 5
342 5
46 5
292 3
572 5
581 5
254 3
285 2
454 1
314 9
353 2
679 5
146 9
282 2
216 7
211 7
247 3
442 5
58 3
539 7
165 7
6 9
206 3
480 2
733 9
766 8
619 3
452 7
343 3
73 8
157 8
787 6
665 8
358 6
387 1
663 7
247 9
294 6
127 9
243 8
651 5
370 2
668 9
719 8
7 8
18 8
543 4
774 1
455 9
41 8
57 6
396 6
726 6
676 7
767 2
48 5
602 5
662 3
156 2
682 6
585 7
447 9
150 1
199 8
547 1
424 2
613 3
144 2
339 2
535 7
561 4
293 6
376 4
671 3
82 4
672 2
406 9
24 6
518 4
347 2
228 9
775 1
673 2
357 8
449 5
247 9
57 1
308 4
451 3
542 8
135 2
664 1
236 6
763 7
640 1
480 4
15 5
661 4
511 1
169 5
181 5
523 3
126 7
684 1
109 8
48 7
569 6
15 4
394 5
547 3
403 1
357 5
45 9
739 3
213 7
125 1
159 8
410 2
629 9
116 7
772 2
647 4
492 9
558 9
164 3
644 6
784 4
63 9
525 2
395 2
253 1
219 7
242 3
81 4
157 5
220 9
287 2
533 1
6 9
402 9
129 7
451 9
572 6
222 6
90 6
250 2
626 9
315 6
706 5
112 1
67 6
38 2
382 4
676 4
196 7
476 9
420 9
392 5
474 6
32 4
384 2
727 6
673 4
528 5
94 5
775 5
738 4
640 6
584 4
655 2
25 9
742 8
35 9
592 1
236 9
626 2
103 9
414 1
266 9
204 6
439 8
631 5
224 2
487 1
74 5
491 8
556 5
139 8
722 8
782 1
634 8
567 4
224 1
221 2
365 4
325 6
602 3
192 6
736 7
422 9
672 2
682 4
109 4
778 8
88 5
281 3
660 7
156 7
796 1
572 9
74 9
285 5
526 9
288 8
748 9
369 5
654 7
520 9
647 8
199 3
402 8
372 9
291 9
120 1
245 9
207 2
688 9
552 8
321 3
31 5
703 8
413 5
233 4
760 8
360 4
286 8
555 3
12 1
229 6
507 6
603 5
364 4
486 6
361 2
539 6
493 9
371 1
151 5
58 4
618 6
434 7
733 6
473 9
720 4
622 9
74 3
656 8
85 3
271 6
668 3
628 5
38 2
5 9
612 2
193 2
350 3
264 5
145 4
456 6
740 4
255 1
614 6
307 6
277 9
343 6
239 3
103 2
35 2
681 5
619 9
61 7
33 9
683 7
510 3
85 5
634 4
436 3
239 3
474 7
406 3
297 9
703 3
80 2
50 5
405 8
227 6
114 3
461 9
244 7
695 3
113 8
385 9
755 5
158 6
627 3
710 7
472 4
246 7
689 1
597 5
537 6
472 5
620 1
581 6
325 2
405 6
488 6
351 4
428 7
456 7
167 5
635 5
231 2
269 9
281 5
262 7
188 2
307 3
561 7
373 8
583 1
692 4
12 8
747 8
309 6
429 9
357 4
324 1
138 5
484 8
269 3
46 9
132 9
111 7
263 8
8 1
712 5
620 8
25 5
721 1
658 6
766 2
523 7
309 3
276 1
69 3
180 6
528 9
300 7
171 9
168 8
368 1
494 2
436 2
692 8
373 4
72 9
123 8
794 2
94 2
643 5
296 3
588 7
232 5
456 1
191 2
314 7
589 3
301 5
318 9
88 4
171 2
46 2
794 8
471 1
97 4
561 5
788 8
24 2
660 5
557 1
786 8
286 1
204 5
194 1
590 4
88 8
490 9
790 9
202 9
248 9
108 1
588 3
788 2
618 3
477 7
232 2
262 4
126 1
297 3
461 5
412 9
286 5
725 7
454 1
566 8
382 9
99 5
7 8
485 3
483 5
176 7
235 9
537 9
654 5
289 9
607 4
776 2
106 4
159 8
451 6
641 9
266 3
154 7
292 1
607 3
696 3
215 5
732 2
249 9
464 1
164 1
6 9
117 1
301 7
703 9
650 4
377 3
673 2
273 5
488 2
728 5
233 7
746 7
524 4
34 6
540 1
496 1
19 9
765 9
612 9
640 1
249 7
450 5
523 7
745 1
786 7
233 3
260 4
483 5
385 1
169 3
711 4
474 6
743 2
165 4
323 7
73 9
207 5
241 4
160 3
280 8
373 3
261 9
671 3
319 3
528 4
451 4
615 2
749 5
533 2
23 2
378 9
206 1
624 4
639 7
384 3
35 3
44 8
412 4
12 4
64 8
381 7
752 3
268 5
318 8
177 8
481 9
168 9
514 5
138 9
464 3
182 6
199 3
332 7
519 3
189 7
647 6
426 1
629 9
574 9
595 2
387 3
381 8
83 9
181 3
5 5
15 3
413 1
230 8
339 7
694 7
665 7
522 3
405 3
596 6
359 7
776 9
615 3
442 9
507 9
539 1
491 9
415 7
574 7
20 9
753 4
728 8
783 1
692 8
412 3
588 1
263 7
101 4
483 6
282 9
177 2
12 3
771 9
753 1
754 3
244 4
59 1
769 9
41 3
335 8
732 6
92 4
346 7
564 3
389 8
493 4
456 4
506 5
69 1
511 9
44 4
145 3
209 2
25 2
744 4
787 6
709 9
542 5
625 8
717 7
194 8
333 8
774 2
507 5
255 1
748 8
704 7
639 9
510 6
495 8
789 1
641 2
167 4
398 9
158 6
37 3
215 3
593 6
23 3
113 6
609 2
606 5
305 9
35 3
225 8
302 6
630 9
403 5
45 8
590 1
546 9
318 4
28 6
730 9
101 2
451 5
573 3
103 9
605 1
755 4
438 1
376 7
388 4
507 8
181 1
562 3
559 5
81 5
634 9
11 8
706 2
714 4
590 4
450 5
112 8
700 1
541 1
657 7
531 1
588 3
481 8
483 4
2 2
432 4
61 6
148 9
364 5
432 7
456 9
212 1
328 8
80 2
345 8
501 7
338 5
587 8
217 3
175 7
341 3
776 3
562 9
112 8
554 9
782 8
151 9
315 7
707 6
510 9
330 8
446 1
531 9
304 5
715 3
57 7
720 1
37 5
399 9
113 4
726 5
499 6
260 3
57 6
351 5
653 8
701 2
308 1
507 7
557 7
725 4
694 8
191 1
218 4
152 7
320 9
180 3
717 2
577 5
450 1
58 8
216 7
600 2
110 5
488 6
793 8
387 7
295 8
517 7
774 2
181 3
246 4
61 4
632 9
484 9
74 3
258 1
499 2
158 9
402 5
248 6
318 3
221 9
80 6
176 2
684 9
247 3
755 4
537 3
113 3
742 6
756 1
149 4
24 2
289 2
732 2
188 5
335 7
459 6
761 1
768 2
305 4
630 3
213 5
661 3
211 5
325 7
704 7
344 7
639 9
747 4
306 3
447 4
558 3
179 1
631 7
626 1
234 6
24 5
673 9
327 6
144 5
602 7
187 3
689 4
649 6
264 1
338 3
26 3
191 3
421 1
86 7
517 6
168 5
222 2
513 6
237 4
615 9
522 4
39 9
754 7
725 6
449 8
642 1
580 9
685 5
570 5
523 1
99 1
97 9
688 6
732 4
442 1
143 4
401 2
648 2
141 9
6 3
188 2
63 9
641 5
138 2
581 6
311 4
26 7
353 5
90 3
243 1
291 1
23 3
531 3
471 3
567 6
460 2
732 9
412 9
67 4
673 1
474 6
354 1
231 8
61 8
444 6
468 5
213 1
72 4
684 7
782 9
474 1
329 8
746 3
9 6
105 6
381 4
444 4
523 3
763 9
417 7
779 8
122 4
575 3
509 5
152 7
245 5
681 1
239 1
281 9
520 4
253 5
614 1
316 6
646 9
483 8
458 7
132 1
512 1
447 7
30 5
185 5
448 1
270 8
460 3
611 5
156 6
709 2
29 2
253 3
255 8
614 8
652 7
163 4
214 4
782 5
331 6
21 4
232 4
625 3
784 4
792 7
471 7
247 2
109 4
658 1
154 8
289 7
724 4
710 7
261 1
218 1
291 6
132 9
155 7
373 4
148 5
421 3
687 3
214 7
653 9
552 1
558 6
209 1
438 8
147 2
16 7
323 1
496 8
536 4
47 2
60 7
417 7
414 2
467 4
87 8
638 9
431 4
575 2
313 3
571 2
115 1
711 7
256 6
181 2
525 3
371 3
157 9
15 3
756 9
679 2
671 7
555 1
692 6
629 9
86 1
761 8
586 2
618 2
705 4
360 3
506 6
451 5
787 9
546 9
794 6
302 2
543 3
141 6
454 9
143 3
9 7
241 2
658 4
126 4
47 5
773 8
753 5
239 6
721 6
72 6
93 9
585 4
759 9
236 9
257 5
683 2
578 4
284 2
777 9
726 3
233 3
764 1
652 1
405 2
88 2
615 8
194 5
422 4
161 7
2 6
650 7
120 9
750 8
766 3
575 5
613 1
392 2
102 3
730 9
586 2
515 9
180 4
582 9
347 1
457 3
448 6
243 5
795 6
715 6
738 6
33 4
706 5
585 2
743 9
56 8
88 4
520 7
262 9
189 2
487 3
546 9
689 8
717 7
117 6
290 6
494 7
368 4
749 5
744 9
153 7
522 3
165 2
498 5
125 2
721 2
52 3
737 8
645 3
114 9
369 5
716 9
24 9
713 4
251 7
302 8
370 8
36 1
243 6
744 4
131 8
221 6
316 8
235 6
102 1
566 4
377 9
249 4
753 3
716 2
278 4
223 4
253 6
306 2
506 8
251 1
124 4
160 1
296 5
280 5
388 6
172 1
608 4
648 8
368 3
656 1
458 8
289 9
89 8
752 1
556 5
425 3
386 7
22 4
366 6
566 8
318 8
118 5
617 2
264 5
340 2
175 3
250 7
15 2
44 7
779 6
250 6
615 7
509 2
210 4
118 6
580 5
240 8
739 9
20 6
342 5
385 1
116 6
152 7
453 3
587 8
220 6
226 9
563 5
334 9
475 1
379 9
477 4
332 4
264 7
262 1
31 8
5 7
137 3
473 7
338 3
669 7
723 8
87 3
657 1
672 1
557 4
592 7
373 9
32 9
187 4
367 4
361 9
382 7
497 8
16 1
491 7
404 8
168 3
76 2
287 5
709 7
585 5
412 2
743 3
242 7
674 3
357 3
681 2
591 8
101 5
466 7
130 5
227 1
336 4
217 3
528 6
626 4
108 6
692 8
351 9
638 1
767 8
724 9
317 6
351 2
272 2
515 7
413 3
7 7
717 4
315 8
485 3
761 6
286 2
514 5
782 8
368 1
560 7
208 5
18 3
566 6
348 8
759 4
34 4
262 1
460 4
164 3
45 6
65 2
702 1
363 1
283 3
750 4
507 5
647 6
766 2
629 6
763 9
197 3
363 7
600 3
605 7
477 7
739 5
787 9
225 9
95 6
31 3
585 3
195 4
398 3
586 1
244 7
209 3
80 8
233 7
785 1
391 1
513 7
504 5
168 8
452 1
667 4
594 3
602 4
47 1
783 9
361 2
258 6
578 5
216 6
531 2
59 1
2 9
579 9
389 6
358 1
271 6
193 4
33 2
61 6
629 6
366 1
607 3
432 7
103 5
252 9
378 1
378 1
494 9
213 5
257 2
734 2
550 9
399 4
770 1
487 8
296 2
774 7
562 5
607 4
525 7
264 5
24 8
664 9
686 9
638 8
738 6
790 9
71 4
423 5
384 7
568 3
205 4
550 4
111 1
520 8
97 3
691 2
663 4
558 7
739 2
793 2
389 6
372 1
487 3
674 3
283 7
606 7
419 4
793 3
618 9
338 4
273 4
655 2
765 6
796 6
444 4
65 8
496 5
28 7
766 7
29 3
344 8
224 3
158 6
47 9
55 5
510 8
484 7
86 7
205 4
705 4
406 4
79 8
259 8
510 8
322 3
631 8
314 5
614 5
372 1
225 7
311 3
673 7
509 7
672 9
80 9
704 5
410 7
453 5
554 4
256 2
663 9
483 2
94 1
196 1
543 1
723 4
330 2
443 3
672 8
582 8
353 1
57 2
560 7
744 6
298 4
480 2
528 3
373 9
466 2
196 1
516 7
91 4
754 8
176 6
552 1
505 4
409 5
515 4
186 7
433 5
108 7
615 6
12 3
753 6
728 7
106 3
164 9
2 5
370 2
383 2
395 5
170 5
152 5
77 2
164 1
319 3
414 7
631 8
4 9
135 4
183 4
753 6
437 7
100 4
256 2
283 6
644 7
269 2
20 5
559 6
410 9
668 8
180 6
671 9
374 2
346 7
32 9
763 2
220 5
724 4
752 4
606 9
564 4
46 1
608 4
75 4
16 3
456 9
199 1
294 6
396 8
352 8
341 1
618 6
486 8
281 5
252 4
82 3
185 6
118 3
144 7
351 5
795 9
687 3
785 7
46 4
7 8
587 9
709 3
126 5
83 7
743 3
743 4
194 6
588 1
73 8
387 1
693 5
160 4
383 1
688 8
60 7
765 5
653 9
42 8
745 3
298 9
334 1
344 1
652 7
545 7
533 5
322 7
625 4
531 7
678 7
171 8
404 2
24 2
404 3
364 9
560 3
752 5
530 9
380 1
528 1
315 1
263 3
430 9
98 3
440 4
43 8
633 5
278 3
786 8
717 5
315 7
628 8
750 8
457 4
702 1
442 5
346 8
684 7
676 1
74 3
684 9
642 2
113 5
449 6
741 4
173 9
174 5
357 7
695 7
244 3
350 7
189 4
270 3
760 6
267 1
476 8
785 5
306 6
602 5
663 3
420 3
583 5
186 6
82 3
474 7
35 2
582 9
768 1
438 3
615 9
16 2
782 6
378 4
709 1
742 7
708 3
736 1
133 4
591 1
603 6
626 1
377 1
578 2
252 7
308 5
537 2
33 3
4 3
341 2
303 3
556 8
494 1
327 6
413 9
21 9
110 2
621 9
342 7
352 6
684 6
39 1
219 4
780 6
117 5
569 9
757 9
187 8
560 7
181 4
502 3
773 2
45 9
637 3
453 6
456 3
733 3
52 7
257 4
657 8
469 4
149 8
414 4
193 1
698 9
191 8
187 1
192 8
642 5
511 5
631 6
581 4
252 3
438 7
351 4
319 3
454 2
538 3
149 6
610 6
37 1
615 6
214 6
351 6
560 6
339 7
421 7
382 2
509 8
282 7
476 2
382 7
8 2
658 3
636 1
728 3
404 5
620 3
705 3
705 2
402 5
391 9
485 3
40 2
430 9
695 5
2 9
259 9
146 9
702 1
625 4
644 8
605 5
224 7
298 9
218 9
539 5
329 6
412 9
442 7
529 5
517 3
119 5
202 5
378 1
276 7
41 8
362 9
94 3
217 7
358 1
336 8
188 6
210 6
270 7
700 9
153 6
340 2
405 9
232 3
366 1
208 6
208 6
442 3
292 8
730 4
441 1
29 1
626 2
272 2
342 3
397 6
66 5
753 7
525 9
512 4
22 8
102 3
153 8
784 8
515 1
305 2
436 6
498 2
242 3
246 2
690 8
135 6
780 4
34 2
588 7
118 1
706 4
746 4
631 8
424 3
628 9
643 6
369 7
207 2
359 8
210 6
99 3
44 8
529 8
745 9
151 5
411 3
714 5
380 3
138 2
786 3
61 7
310 5
726 1
604 8
126 7
561 3
16 2
45 3
199 5
194 9
181 8
749 2
695 7
308 8
738 3
134 3
633 9
697 2
770 9
725 4
206 3
12 1
782 7
643 2
778 5
348 6
728 7
452 2
474 6
133 7
793 5
575 7
611 5
469 2
749 3
718 3
249 9
91 6
157 1
723 2
294 7
602 8
258 5
241 5
184 7
517 4
512 5
248 3
452 3
540 6
323 9
260 9
365 6
158 9
735 1
131 3
188 8
651 3
202 9
71 1
39 9
203 6
519 4
592 5
374 4
273 4
81 8
100 3
175 1
201 2
672 7
267 9
779 2
307 4
391 6
600 5
254 9
628 3
420 3
204 2
439 8
359 4
199 7
64 7
272 7
677 5
121 2
120 3
532 5
103 4
286 2
227 5
626 1
779 8
695 2
394 2
669 1
520 8
153 5
652 3
542 3
669 4
721 5
200 2
502 7
337 8
171 3
416 1
632 9
155 3
598 8
172 8
580 1
494 1
548 4
400 9
257 5
687 6
526 4
361 1
172 3
222 4
395 5
670 6
125 1
147 5
779 2
50 8
756 3
590 2
457 2
18 4
512 4
238 8
94 3
127 2
566 7
181 6
673 6
284 5
562 5
25 6
290 8
155 3
564 9
479 6
229 5
217 5
717 2
375 1
265 3
346 9
298 6
628 8
515 3
446 9
477 1
751 2
554 7
730 5
101 6
254 6
675 4
420 6
557 3
347 1
509 6
615 7
54 9
40 8
382 7
94 8
335 4
789 6
460 3
621 7
501 1
672 5
592 2
354 7
22 4
341 3
264 8
487 7
254 7
524 5
672 6
498 6
497 6
252 6
364 2
160 8
434 7
771 3
711 6
69 7
480 6
790 9
349 2
580 2
670 5
561 1
266 2
351 5
464 8
588 4
136 6
176 5
128 3
547 1
535 1
443 4
24 4
747 4
594 6
39 5
332 2
557 4
239 9
154 7
616 3
584 4
673 7
219 5
30 7
553 3
230 8
251 8
84 3
298 3
116 7
721 1
714 7
717 3
644 8
71 7
596 1
353 8
704 5
447 3
330 4
692 9
774 7
568 9
534 9
252 9
403 9
46 8
414 7
719 9
480 8
103 4
493 4
736 3
356 8
286 5
761 2
414 9
259 3
156 6
366 6
115 3
474 5
753 5
421 2
162 1
699 3
753 3
553 2
355 6
62 7
792 1
427 5
617 6
776 1
478 1
405 7
24 4
496 5
739 4
637 3
770 2
2 5
24 2
298 2
525 1
619 6
724 9
27 7
371 7
731 5
144 4
576 3
300 6
255 3
74 2
609 2
29 8
182 7
25 9
63 1
267 4
449 2
113 2
772 9
663 9
772 3
65 9
445 1
661 7
588 3
196 8
60 2
768 7
514 5
687 5
613 5
229 9
528 2
471 3
47 7
683 7
300 2
452 6
725 1
634 9
520 3
298 7
601 2
764 6
703 8
588 4
369 6
758 7
165 8
580 6
650 6
638 4
250 3
559 5
577 7
127 5
201 2
645 4
251 3
628 8
459 8
518 4
376 3
670 4
375 7
765 4
768 8
200 4
435 1
233 7
647 7
420 9
314 8
356 4
735 6
75 1
133 4
651 5
45 4
701 9
726 3
235 3
598 5
176 5
149 6
187 4
706 9
187 7
222 7
379 1
280 1
276 8
89 5
418 2
786 4
455 9
650 5
146 2
313 2
312 9
487 8
680 6
705 1
507 2
388 3
707 1
513 9
210 5
379 1
366 8
558 1
735 4
204 9
36 2
525 6
468 6
125 6
193 8
666 8
446 2
443 4
170 7
566 8
2 9
577 8
276 2
506 1
48 8
446 6
475 8
506 4
263 2
572 2
218 6
583 5
286 3
36 6
593 1
8 3
101 6
286 9
581 7
391 8
291 2
270 3
184 5
3 1
88 8
557 6
164 7
75 9
519 4
54 3
716 2
437 4
467 4
717 2
159 3
336 2
574 7
791 8
51 1
80 7
155 9
186 7
740 4
635 5
281 5
441 5
765 2
343 2
183 1
81 7
524 4
689 2
337 5
646 3
352 8
203 6
528 7
525 8
600 4
509 5
785 8
34 4
759 6
564 5
789 2
272 2
225 7
562 8
566 6
597 7
461 4
165 2
124 9
88 7
171 7
415 1
300 8
148 2
378 1
580 6
90 8
325 6
684 2
33 3
488 7
669 7
774 7
608 9
16 9
194 1
694 9
522 7
722 9
407 7
80 9
152 4
219 7
783 1
1 1
690 7
730 6
674 3
185 1
239 1
458 7
761 8
462 9
473 9
214 7
567 2
83 5
746 5
780 8
793 8
120 3
79 7
503 8
768 1
149 7
159 2
276 8
119 5
769 3
642 2
234 5
36 9
197 6
14 8
455 2
132 5
280 1
481 9
498 2
786 8
67 7
212 8
100 1
28 5
492 8
786 3
65 2
369 7
382 7
150 1
537 2
313 2
622 3
506 1
395 8
408 1
26 4
100 5
412 5
519 4
467 1
639 9
129 4
321 9
623 4
502 2
619 6
31 9
226 8
403 4
276 1
465 5
222 2
194 1
571 7
437 8
394 5
739 8
336 4
213 8
110 5
382 4
585 6
706 8
455 4
322 9
77 4
282 4
103 3
750 3
771 1
429 4
377 8
27 9
606 5
116 7
187 8
330 8
610 3
201 8
324 5
731 3
727 4
746 5
350 3
486 1
372 9
507 5
681 4
1 3
673 2
381 5
163 9
307 4
633 7
268 8
638 2
578 5
433 2
119 4
462 9
149 4
563 8
58 3
131 5
150 5
525 5
389 9
246 5
575 7
345 3
331 1
692 1
168 6
517 1
784 3
690 4
102 5
638 7
173 5
632 3
578 8
754 5
233 1
266 5
160 9
117 2
708 3
99 6
479 1
557 5
353 1
690 7
720 9
706 9
478 1
228 3
514 4
206 7
68 7
695 9
367 3
68 5
607 4
194 5
151 4
491 9
129 8
742 4
758 8
135 9
667 7
348 2
19 7
278 4
393 6
509 4
204 1
32 2
61 5
66 8
550 4
91 9
443 7
180 7
726 9
514 6
151 8
712 5
489 1
293 2
530 4
577 9
602 9
461 3
260 2
299 8
524 6
39 4
591 3
656 3
126 1
445 2
353 4
416 1
179 7
308 2
660 2
107 9
135 3
309 1
96 9
626 4
676 6
724 3
357 4
67 1
362 7
268 7
154 9
89 5
41 2
702 9
79 5
106 9
39 3
606 8
626 2
117 5
144 9
237 4
595 3
619 9
726 1
403 1
412 2
11 7
428 5
105 9
650 5
193 5
438 4
419 7
703 6
701 4
543 6
652 4
316 7
4 7
602 5
539 1
261 5
452 8
612 6
51 9
338 4
773 1
150 4
469 7
553 2
716 3
330 6
685 3
644 1
736 2
777 2
746 2
571 7
787 4
694 8
741 1
20 2
29 9
529 9
179 1
275 6
53 4
591 8
207 6
235 8
669 2
310 6
581 5
250 6
271 3
610 4
559 3
103 9
723 9
232 2
519 2
123 3
709 3
149 4
241 1
148 8
658 8
63 6
226 7
132 8
229 6
69 7
50 4
242 5
494 1
33 1
360 8
611 2
677 4
766 7
443 9
299 4
475 5
30 6
346 8
205 6
745 2
292 4
740 7
425 5
631 5
482 3
644 2
180 6
484 5
634 3
300 7
397 6
161 5
126 9
534 4
264 6
684 2
264 2
270 5
267 7
109 4
98 6
383 3
674 8
18 7
638 9
319 4
500 3
514 4
184 3
768 3
707 5
298 3
233 7
22 9
385 9
675 5
467 6
564 3
602 9
265 1
687 8
178 5
464 9
678 2
3 9
630 8
429 7
738 9
336 5
735 5
104 8
555 1
553 2
641 1
223 3
667 1
84 5
581 3
490 1
498 2
609 4
463 3
235 8
472 4
496 4
760 3
727 1
10 3
427 7
232 6
517 1
31 4
298 7
340 5
675 4
383 3
580 3
395 7
331 6
192 2
22 2
584 6
711 3
251 4
205 3
197 4
188 8
29 4
718 5
509 1
480 9
221 8
208 7
493 5
34 2
774 9
511 8
594 1
116 4
121 7
320 8
294 7
659 6
682 4
303 6
595 1
636 8
557 7
208 2
200 7
212 7
139 2
728 1
39 5
519 5
209 3
68 9
318 9
643 1
467 3
601 6
491 9
25 6
617 1
451 5
129 3
114 2
438 5
618 7
720 9
252 9
706 7
83 8
478 4
265 4
35 3
630 1
211 1
301 5
558 8
245 9
263 7
70 2
110 6
236 9
614 9
14 9
125 9
427 3
666 4
468 9
314 8
174 4
583 7
215 1
258 1
531 5
610 8
394 9
473 4
71 3
498 1
530 5
22 4
612 5
544 5
673 8
70 4
246 6
407 1
608 1
234 9
665 9
617 5
545 8
388 2
740 8
52 9
554 7
664 6
405 1
118 2
696 8
273 4
203 6
494 5
629 1
346 7
709 7
677 1
425 3
429 6
88 4
575 4
625 9
231 6
643 7
16 6
203 7
540 9
30 1
734 2
203 8
409 1
422 9
168 4
794 9
677 9
575 5
347 8
752 5
590 8
435 8
42 8
725 4
641 6
744 8
424 1
521 9
520 5
452 5
314 1
427 3
267 1
103 4
534 8
199 9
502 1
263 5
482 1
72 9
487 4
72 7
630 3
323 8
666 1
734 7
446 4
510 6
374 2
203 9
434 1
779 1
429 6
776 5
83 3
77 5
142 1
768 5
205 5
509 6
451 1
739 2
233 6
662 9
695 4
343 4
238 3
659 2
71 1
642 5
220 6
146 8
274 2
703 4
411 1
412 1
2 3
12 3
775 8
230 5
38 8
246 4
73 7
460 3
70 4
449 9
536 3
708 7
232 9
122 5
326 2
697 8
700 6
440 5
513 8
450 1
228 6
269 2
598 8
322 1
400 8
378 7
141 8
306 6
751 9
700 8
576 7
377 2
445 8
445 8
421 5
686 7
255 8
689 3
172 8
107 9
269 7
493 9
383 8
416 2
76 2
353 3
628 8
192 4
356 5
652 5
468 7
539 9
7 4
121 3
590 8
285 1
234 6
616 9
355 3
488 1
648 7
451 7
450 7
291 5
596 1
502 3
12 6
567 1
665 7
720 9
73 1
151 7
538 1
368 3
534 9
644 6
285 8
68 6
297 1
542 6
678 5
150 9
110 1
114 8
561 5
564 4
775 6
602 2
621 1
76 2
720 3
397 5
604 9
754 2
434 8
704 1
706 3
145 1
460 3
207 4
604 1
103 2
318 7
481 6
603 3
169 6
620 1
234 1
6 7
493 6
483 1
116 4
125 4
187 1
83 2
120 5
316 3
381 1
111 3
252 4
149 4
161 4
279 7
527 2
562 4
199 4
307 7
144 9
753 2
414 8
748 6
52 1
663 2
104 2
760 1
514 1
277 4
108 7
326 6
773 6
272 5
693 5
419 5
75 1
581 5
48 1
513 6
261 1
389 4
686 3
731 2
123 7
761 1
718 8
411 5
60 3
656 6
778 1
620 9
189 6
383 2
673 8
656 4
297 1
735 7
352 4
598 8
254 4
612 4
602 1
287 7
347 2
547 9
425 9
124 4
521 1
684 1
270 6
670 9
692 8
325 7
334 4
458 4
426 9
699 5
670 3
318 8
436 5
195 8
165 5
191 3
202 7
272 8
674 4
570 1
644 7
145 9
639 4
667 8
236 1
350 4
486 6
753 7
593 3
756 4
553 4
386 2
159 9
569 7
513 7
553 6
53 1
373 8
114 5
244 6
539 6
319 5
173 2
537 9
193 4
61 3
619 2
347 4
219 8
228 1
690 9
3 1
115 1
576 9
443 3
335 1
290 4
437 2
191 1
621 4
491 3
722 7
201 8
94 7
695 7
80 8
684 2
605 5
232 7
391 7
51 3
167 4
483 4
444 5
94 8
434 3
606 6
632 5
277 3
345 4
610 6
467 1
43 9
166 9
333 1
74 1
781 9
510 3
631 2
195 5
359 1
626 8
345 3
226 8
172 6
194 7
784 1
214 5
712 1
40 1
451 2
358 7
413 7
195 8
433 5
563 1
386 2
741 6
145 7
710 8
672 9
795 5
279 5
771 8
645 1
502 8
13 4
299 3
19 7
143 6
398 7
138 5
651 4
734 1
396 3
21 1
560 2
312 9
45 3
652 7
601 2
739 9
146 5
683 9
649 4
341 2
784 9
100 8
235 3
298 7
672 1
397 1
696 5
162 7
508 5
30 8
94 7
673 5
795 1
424 7
537 3
715 2
120 3
376 1
500 3
175 9
631 2
635 4
75 1
548 6
661 3
513 7
283 9
130 7
92 1
246 6
320 8
478 1
662 3
114 2
527 1
32 8
162 8
690 3
611 6
309 3
781 4
131 4
372 3
355 9
13 3
313 5
199 5
767 8
560 7
197 1
83 1
210 7
154 6
311 1
649 6
627 8
767 9
150 8
276 4
49 2
295 2
536 5
723 3
256 5
564 6
740 5
448 5
362 1
399 1
691 6
541 5
102 5
369 4
208 7
589 3
275 1
181 6
26 7
121 3
517 6
191 7
429 5
125 6
473 6
452 3
641 5
63 2
481 7
733 3
674 6
264 9
86 2
576 1
269 3
439 5
15 4
553 3
608 3
435 5
489 4
159 4
1 2
584 4
483 3
84 9
57 2
207 8
438 6
296 9
396 8
780 1
331 2
711 8
2 5
700 3
241 5
636 2
96 6
665 4
513 9
532 3
280 7
436 7
639 3
764 5
721 3
347 2
206 2
438 9
62 7
705 7
94 8
543 7
48 1
788 4
28 7
36 7
319 2
763 1
513 5
338 1
608 6
271 3
777 2
659 3
400 5
308 8
219 6
259 5
159 5
678 3
583 2
131 2
371 1
270 8
793 4
90 6
127 8
236 7
432 7
296 8
692 1
714 3
34 5
514 9
576 8
586 3
505 4
263 2
726 1
3 3
129 5
519 7
10 5
165 3
555 1
454 5
197 4
520 3
168 2
234 7
238 9
338 3
45 6
413 4
60 1
646 4
767 4
673 2
218 4
451 1
210 5
110 8
477 2
765 2
96 1
630 4
206 2
14 6
355 2
520 5
785 5
132 7
458 7
689 6
610 8
687 6
620 7
106 1
219 9
273 1
325 8
161 2
13 8
689 7
663 4
449 9
531 7
524 7
521 9
136 7
424 3
138 4
281 6
358 5
400 3
190 5
581 6
696 3
787 2
437 8
115 9
558 1
753 3
257 3
618 6
409 6
295 7
330 7
501 3
373 9
750 6
794 7
521 9
502 8
533 4
723 1
495 5
443 9
236 5
720 4
628 8
68 2
87 5
437 8
205 3
338 8
551 6
214 3
132 9
176 1
544 1
502 6
238 2
648 5
17 1
463 4
780 9
74 4
523 2
546 4
71 8
294 4
551 7
255 6
477 9
432 6
245 8
480 6
395 7
411 8
240 9
188 8
127 9
344 1
676 7
255 1
631 5
176 5
657 6
295 6
110 2
394 4
724 6
637 6
5 7
435 5
210 2
574 2
587 4
607 3
595 3
679 9
8 1
376 5
591 7
589 9
691 1
172 9
681 8
506 1
676 7
235 8
13 4
629 5
277 3
551 6
469 6
578 3
135 5
653 2
238 2
201 6
779 3
415 3
203 2
308 5
563 3
290 6
163 8
1 3
602 4
133 7
48 8
201 1
140 1
110 7
513 3
131 7
595 4
498 3
279 3
58 9
666 6
768 9
68 1
406 3
73 3
570 6
80 7
582 6
388 7
654 9
748 4
43 9
398 6
368 2
312 3
590 9
136 7
117 5
635 4
366 5
532 4
254 9
26 7
29 7
39 6
67 5
687 2
474 2
360 7
433 2
260 8
686 1
25 8
411 9
725 3
125 4
682 6
182 4
790 3
224 6
475 3
391 9
234 2
615 7
46 3
69 7
328 5
424 1
294 6
521 5
518 9
717 2
455 4
376 5
518 9
180 2
389 9
783 4
681 5
428 2
293 7
452 2
74 6
699 6
791 1
143 2
124 8
247 1
56 8
403 7
97 5
386 3
628 6
633 9
440 7
101 1
690 6
712 4
550 9
80 3
209 4
598 7
402 8
520 6
554 2
99 9
362 9
716 1
4 9
331 2
249 9
352 8
310 1
769 3
698 5
51 2
178 9
572 5
351 4
211 9
676 6
627 1
26 2
114 1
56 7
110 8
122 1
544 6
620 4
582 4
45 5
273 7
729 2
488 9
254 5
738 5
50 9
181 4
62 7
296 3
463 7
87 4
245 7
442 9
369 4
733 6
455 7
246 5
304 3
610 8
109 2
246 5
289 7
411 6
673 6
125 5
451 6
472 3
178 7
611 6
71 3
86 9
574 9
747 1
315 1
203 6
295 4
578 7
586 6
451 8
688 2
652 9
138 5
473 6
181 9
248 1
94 8
458 6
120 2
530 2
326 4
707 4
24 5
538 7
201 9
447 7
355 2
86 5
410 3
52 3
479 2
190 2
18 2
661 7
489 2
159 3
391 9
496 5
287 2
264 5
168 8
276 9
277 5
144 1
315 7
16 6
545 1
262 4
770 2
123 9
138 8
419 7
471 6
173 8
445 2
372 1
59 4
405 5
446 8
218 3
366 4
114 8
321 6
455 6
684 6
527 5
369 2
565 2
693 7
263 3
405 8
92 8
381 2
417 7
271 7
440 7
462 4
308 3
27 7
435 2
791 6
626 4
82 5
288 7
653 9
777 5
204 6
693 8
90 6
330 8
488 7
620 2
789 8
75 1
709 8
615 2
453 2
392 4
156 2
113 4
40 2
33 2
538 2
419 9
424 8
25 8
513 9
459 1
448 6
248 6
778 6
246 9
574 4
484 9
668 4
687 7
342 5
377 4
413 2
171 8
755 8
299 5
504 8
456 7
768 9
533 2
368 4
780 4
312 9
170 8
25 5
373 2
218 1
51 5
210 9
776 9
260 4
402 5
21 8
773 4
721 2
39 8
277 8
258 4
416 3
88 3
415 8
278 2
425 8
206 4
416 2
9 4
354 7
348 6
690 5
402 5
168 8
585 5
59 1
710 8
696 4
103 9
710 1
451 6
364 5
277 5
412 9
711 3
755 7
722 9
380 9
530 3
551 8
343 4
180 3
477 9
487 1
537 8
7 7
757 7
755 4
227 3
200 7
497 2
636 8
276 8
309 3
582 6
518 2
18 5
604 7
331 7
496 6
302 3
483 7
624 7
257 6
52 5
321 3
583 6
740 8
325 5
661 8
489 5
267 4
77 9
598 8
617 7
475 3
178 9
562 1
533 6
43 3
263 1
536 4
485 1
248 3
147 8
266 8
408 1
426 2
366 2
510 4
229 7
204 7
387 5
259 8
239 1
418 4
630 2
529 6
729 3
408 3
34 4
139 1
776 8
689 3
693 9
630 1
456 7
410 7
511 9
372 2
689 9
115 5
559 8
437 4
659 1
652 9
303 9
197 9
734 9
5 9
323 5
285 6
84 2
118 8
95 1
571 8
324 1
590 3
513 3
446 5
457 3
571 7
257 3
413 3
44 3
217 9
664 3
787 6
334 6
646 7
331 8
379 7
3 9
713 9
486 7
287 1
562 8
707 4
481 9
164 7
89 5
681 3
391 8
191 7
434 3
481 2
443 7
489 4
216 6
658 6
391 8
567 7
338 9
470 8
130 7
511 4
155 9
421 4
294 6
321 5
682 9
720 4
3 3
660 2
235 6
675 7
701 9
584 5
540 1
274 3
785 6
246 5
91 7
87 9
785 2
579 7
694 2
794 6
258 9
198 7
624 5
117 8
735 9
371 2
331 6
54 8
409 1
362 4
208 6
178 9
480 2
778 6
787 2
217 3
679 5
221 7
20 1
275 1
378 2
231 1
649 4
250 7
513 1
231 1
572 8
640 6
59 5
137 9
609 2
188 9
145 5
775 9
156 3
51 7
688 1
443 7
603 4
315 4
575 2
228 6
503 2
163 8
395 4
51 8
749 7
145 8
438 7
150 1
740 7
222 9
384 5
91 5
450 4
509 1
163 1
499 5
525 2
707 1
59 3
149 4
713 5
216 5
612 2
475 9
541 3
250 8
340 5
523 8
313 4
135 7
753 6
623 4
355 7
286 2
298 7
34 5
708 6
700 4
62 6
724 5
445 5
456 5
310 6
350 2
1 3
731 8
711 6
158 4
641 8
414 1
193 1
556 6
558 1
678 1
727 2
433 7
271 1
65 1
467 2
651 5
511 9
656 2
239 9
759 3
59 5
682 9
242 8
233 4
121 1
795 1
395 7
500 2
645 9
543 4
322 6
195 1
51 8
439 5
758 6
674 9
279 2
687 2
340 4
144 7
500 4
387 5
602 7
397 7
255 7
696 3
85 5
756 8
634 1
746 3
308 8
13 9
723 6
181 9
204 7
735 8
393 2
341 6
679 3
490 6
323 3
278 2
551 4
518 7
247 1
564 2
167 6
601 5
104 1
215 9
277 8
688 1
506 3
16 8
125 7
635 9
364 2
216 8
501 8
681 9
169 7
341 9
23 6
1 9
639 4
205 6
711 4
341 9
181 9
653 8
593 4
787 9
691 5
640 9
640 8
267 2
109 6
13 8
757 7
444 8
512 4
45 4
581 3
553 5
507 2
45 5
258 2
454 3
374 7
205 6
688 3
181 1
66 8
475 1
