346 47 7453
0 0 0 0 0 1 0 1 1 1 0 0 1 0 0 1 1 1 0 0 0 1 1 0 1 0 1 0 1 1 1 1 0 0 0 1 1 1 1 1 1 0 1 1 0 1 0 
0 1 0 1 1 0 1 1 0 1 0 0 1 1 1 1 1 1 0 0 0 1 0 1 1 0 1 0 1 1 1 1 1 0 1 0 1 0 1 0 0 1 1 0 0 1 0 
0 0 0 0 1 1 0 0 1 1 0 1 1 0 1 1 0 1 1 1 1 0 0 1 0 1 0 1 0 0 1 0 1 1 1 1 1 0 0 0 0 1 1 1 0 0 0 
1 0 0 0 1 1 0 0 1 0 1 0 0 1 0 1 1 1 1 0 1 1 0 1 1 1 1 0 0 1 0 0 1 0 0 1 0 1 1 0 1 0 1 0 1 0 0 
1 1 1 0 1 0 0 0 1 1 1 0 1 1 1 0 0 0 0 0 0 1 0 0 1 1 1 1 0 0 0 1 0 1 0 0 0 1 1 1 0 0 1 1 0 1 0 
1 0 0 1 1 0 0 0 0 0 1 0 0 0 1 1 1 1 0 1 0 1 0 1 1 0 0 1 1 1 1 0 0 1 0 0 0 1 1 0 0 1 1 0 1 0 1 
0 1 0 0 0 1 1 0 0 0 0 0 0 0 0 0 1 0 0 0 0 1 0 1 1 0 1 0 0 0 0 1 0 0 0 1 0 0 0 1 1 0 0 0 0 0 1 
1 0 1 1 0 0 0 0 0 0 1 0 1 0 0 0 1 0 0 1 1 1 1 0 1 0 0 0 0 1 0 0 0 1 1 1 1 1 1 1 0 0 1 0 0 1 1 
0 1 1 0 1 1 0 0 1 1 1 0 0 1 1 1 1 1 1 0 1 1 0 0 0 0 1 1 1 1 1 0 0 1 0 1 0 0 1 1 0 1 1 0 0 0 0 
0 1 0 0 0 0 1 0 1 0 0 0 0 1 1 1 0 1 1 0 1 0 1 1 0 0 1 1 0 0 1 1 1 0 0 1 1 1 1 1 0 0 0 1 0 0 0 
1 0 1 0 0 1 1 1 1 1 0 1 1 1 0 0 1 0 1 0 1 0 0 1 0 1 1 1 1 0 1 0 0 0 0 1 1 0 0 1 1 1 1 0 1 1 1 
0 1 1 1 1 1 0 0 0 1 0 1 0 0 0 0 0 1 0 0 0 1 0 1 0 0 1 1 1 0 0 1 1 1 0 0 0 0 0 1 0 0 1 1 1 1 1 
0 0 0 0 1 1 1 0 1 1 0 0 1 0 1 0 0 1 0 1 0 0 1 0 1 1 0 0 1 0 1 0 0 0 0 0 1 1 0 0 1 1 0 0 1 1 0 
0 0 0 1 0 0 0 1 1 0 0 0 1 1 1 0 1 0 1 1 0 0 0 1 1 1 0 0 0 1 1 0 1 1 1 1 1 1 1 0 1 0 1 0 1 1 1 
1 1 0 1 0 1 1 0 1 0 1 0 1 0 1 0 0 1 1 1 1 0 1 0 1 1 1 0 1 1 1 0 0 1 0 1 1 0 0 0 1 1 0 0 0 1 1 
0 1 1 0 0 1 0 1 1 1 0 1 0 1 1 1 0 0 1 0 1 1 0 0 0 0 1 1 0 0 0 1 0 0 0 0 0 0 0 1 0 1 0 0 1 1 1 
1 0 1 0 1 1 1 1 1 0 0 0 0 0 0 1 1 0 1 0 1 1 0 1 1 0 0 0 0 0 1 1 1 0 0 1 1 0 0 0 0 1 0 1 0 1 0 
1 0 0 0 0 0 0 0 1 1 1 1 0 0 1 0 0 0 1 0 0 0 0 1 1 1 0 1 1 1 1 1 0 0 1 0 0 1 0 0 0 1 1 1 1 0 0 
1 0 0 1 0 1 0 1 0 0 1 1 0 0 1 1 1 1 0 0 1 1 0 0 1 1 1 1 0 0 0 0 0 1 0 0 1 1 1 0 0 1 0 0 0 1 0 
1 1 1 1 0 0 0 1 1 0 1 1 1 1 1 0 1 0 0 1 1 0 1 1 0 1 1 1 1 0 1 0 1 1 0 1 0 0 1 0 0 0 1 0 0 0 1 
0 1 1 0 1 0 0 0 0 0 0 0 0 0 1 1 1 0 0 1 0 1 0 1 1 0 0 1 0 0 0 1 1 1 0 1 0 0 1 1 0 1 1 0 0 0 0 
1 1 0 1 1 1 0 1 1 0 0 0 1 0 1 1 1 0 0 1 0 1 1 0 0 1 0 1 0 1 0 0 1 1 1 0 0 1 0 0 1 0 1 1 1 1 0 
1 0 1 0 1 1 1 1 0 1 0 0 1 1 1 0 1 0 1 0 0 1 0 0 0 1 1 1 1 1 1 1 0 0 1 1 1 1 0 1 0 1 1 0 0 1 0 
0 0 1 0 1 1 1 1 0 1 0 1 0 0 1 0 0 1 0 0 1 0 1 1 1 1 1 1 1 1 1 0 1 0 0 1 0 0 0 0 0 0 0 0 1 1 1 
1 0 0 1 0 0 1 1 0 1 0 1 1 1 0 0 0 1 0 0 0 0 1 0 1 0 0 1 0 0 1 1 1 0 1 1 1 1 1 0 1 0 0 0 1 0 0 
0 1 0 1 0 1 0 1 0 0 1 0 1 1 1 1 1 0 1 0 1 1 1 1 1 0 0 1 1 1 0 0 1 1 1 0 0 0 0 1 1 1 0 1 1 1 1 
0 0 1 1 0 0 0 0 1 1 1 1 0 0 0 0 1 0 1 0 0 1 1 0 0 0 0 1 0 1 0 0 0 1 0 0 1 0 0 0 0 0 0 0 0 0 1 
1 0 1 1 1 1 0 1 0 1 1 1 0 0 0 0 0 1 1 1 0 1 1 0 0 1 0 0 0 0 0 0 1 0 0 1 1 0 1 0 0 0 1 1 1 0 1 
0 0 1 0 0 1 0 1 0 0 1 0 1 1 0 0 0 0 0 1 1 1 0 0 0 0 0 1 0 1 1 1 0 1 1 0 1 0 1 0 0 0 1 1 0 1 0 
0 1 0 1 1 1 1 0 0 1 0 1 1 1 0 1 0 0 1 1 0 0 1 0 0 0 1 0 1 0 0 0 1 1 1 0 0 1 1 1 0 1 1 1 0 1 0 
1 0 0 0 1 1 0 0 0 1 0 1 1 1 1 0 0 0 0 0 1 1 0 1 0 1 0 0 1 0 0 0 0 0 0 0 1 1 1 1 1 1 0 0 0 0 1 
1 1 0 0 0 1 1 0 1 0 0 0 0 0 0 0 1 1 1 1 1 0 1 0 1 0 0 0 1 0 0 0 1 1 0 1 1 1 1 0 0 0 1 1 1 1 1 
0 1 1 0 0 0 0 0 0 0 0 0 1 1 1 0 0 0 1 0 0 1 0 1 1 1 1 0 1 0 1 1 1 0 1 1 1 0 0 1 1 0 0 1 0 1 1 
1 0 0 0 0 1 1 1 1 1 0 1 0 1 1 0 0 1 0 0 1 1 1 0 0 1 1 1 1 1 0 1 1 0 1 1 1 1 1 1 1 0 1 1 0 1 0 
0 1 1 1 0 1 0 1 1 1 0 1 0 1 1 1 0 0 0 0 1 0 1 1 1 1 1 1 0 0 1 0 0 1 1 1 0 1 0 1 0 1 0 1 0 0 0 
1 0 1 0 0 1 1 1 0 1 1 1 0 1 1 1 1 0 1 1 0 1 1 1 1 0 1 0 0 1 1 0 1 1 1 0 1 0 1 1 1 0 0 0 0 1 0 
1 1 1 0 1 0 0 0 1 1 0 0 1 1 0 0 1 0 0 1 0 1 0 1 0 0 1 1 1 0 1 1 1 0 0 0 1 1 0 1 0 0 1 0 1 0 0 
1 1 0 1 0 0 1 0 1 1 0 1 1 0 0 0 1 1 1 0 1 1 1 0 1 0 0 0 0 1 1 0 1 1 1 1 0 0 1 0 1 0 0 1 0 1 0 
0 1 0 1 0 0 1 1 1 0 0 0 1 1 1 1 1 1 1 1 0 1 0 1 1 0 0 1 0 0 0 1 0 1 0 0 0 0 0 0 1 0 0 0 1 1 1 
0 0 1 0 1 0 0 0 1 1 0 1 1 1 0 1 0 0 1 0 0 1 0 0 0 1 1 1 0 1 0 1 0 0 0 1 0 0 0 1 0 0 1 1 1 1 1 
0 1 0 0 0 1 1 0 0 1 1 1 0 1 0 1 1 0 1 1 0 0 1 1 1 1 0 1 0 1 1 0 1 0 1 1 1 0 0 0 1 0 0 0 1 1 1 
1 0 0 0 0 1 1 1 0 0 0 0 1 0 1 1 0 0 1 0 1 0 0 1 0 1 1 0 0 0 0 1 0 0 1 1 0 0 1 0 0 0 1 0 0 1 0 
0 1 0 0 1 1 1 1 1 0 0 0 0 1 0 1 1 1 0 1 1 0 1 1 1 1 1 0 0 0 1 0 1 1 1 0 0 1 1 1 1 0 0 0 1 1 0 
0 0 1 1 0 0 0 1 1 0 0 0 0 0 1 0 1 1 1 1 0 0 1 0 0 0 1 1 1 1 0 0 1 1 1 1 1 1 1 0 1 0 0 0 1 1 1 
1 1 1 0 0 0 1 0 0 0 0 0 0 1 1 0 1 1 0 1 0 0 1 0 0 0 0 1 1 1 0 1 0 1 0 0 0 0 0 1 0 0 1 0 1 1 1 
1 1 0 0 1 0 1 0 1 0 1 1 0 0 0 0 1 0 0 1 0 1 1 0 0 0 1 1 1 0 1 0 0 0 1 0 0 1 1 1 0 0 0 0 1 1 0 
0 1 0 0 0 1 1 1 0 0 0 1 1 0 1 0 0 0 0 0 1 1 0 1 0 0 1 1 1 1 0 0 0 0 0 1 0 1 1 0 1 0 0 0 1 1 0 
0 0 1 1 1 0 1 1 0 0 0 0 1 1 1 1 1 0 0 0 0 1 0 1 1 0 0 0 1 1 1 1 1 1 0 1 1 1 0 1 0 1 1 1 0 0 1 
0 0 1 0 1 1 1 1 0 0 0 1 1 0 1 1 0 0 0 0 0 0 1 1 0 1 0 1 1 0 1 0 1 1 1 1 1 0 1 1 0 1 1 0 1 1 1 
1 1 1 0 1 1 1 0 0 1 1 0 1 0 1 0 0 1 0 1 1 1 0 0 1 0 1 0 1 1 1 0 0 0 1 1 0 0 0 1 0 0 0 1 0 1 0 
0 0 0 0 0 1 1 1 0 0 0 1 1 0 1 0 0 0 0 0 0 1 0 1 0 0 1 1 0 0 0 0 0 1 1 1 1 0 0 1 1 0 1 1 0 0 0 
1 0 0 1 0 1 1 0 1 0 0 1 0 1 0 1 1 1 0 1 1 1 1 0 1 0 1 1 1 0 0 0 0 1 1 1 0 0 1 0 0 0 1 0 1 1 0 
0 1 0 1 0 1 0 0 1 1 1 0 1 1 0 1 1 1 1 1 0 0 0 1 0 0 1 1 1 0 0 1 1 0 1 0 0 1 1 1 1 1 1 0 1 1 0 
0 1 1 0 1 0 0 0 0 1 0 0 1 1 0 1 1 0 1 1 1 1 1 0 1 1 0 1 1 0 0 0 1 1 0 0 0 1 0 1 1 0 0 1 0 0 1 
1 1 1 0 1 0 1 0 0 1 1 1 0 0 0 1 1 0 1 0 1 0 1 1 0 0 1 0 1 0 1 1 1 0 1 1 0 1 1 1 1 0 0 0 1 0 1 
0 1 0 0 0 0 0 1 0 1 1 1 1 0 0 1 0 0 0 0 1 1 1 1 0 0 0 1 1 1 1 1 1 1 0 1 0 1 1 1 1 0 1 0 1 0 1 
1 0 1 0 0 1 1 1 0 1 0 1 0 1 1 0 0 1 0 0 0 0 1 1 1 0 1 1 0 1 0 1 0 0 1 1 1 1 1 0 0 0 1 1 0 0 1 
0 1 0 1 1 1 1 0 0 1 0 1 0 1 1 1 1 0 1 0 0 1 1 0 0 0 0 1 0 0 0 0 1 1 0 1 0 0 0 0 1 1 1 0 1 1 1 
0 0 0 0 1 1 0 1 1 1 0 1 1 0 1 1 0 0 0 0 1 1 1 1 0 1 1 1 0 0 0 0 0 0 0 1 1 0 0 1 0 0 1 1 1 1 0 
0 0 0 1 0 0 1 1 0 1 1 1 1 1 1 0 0 1 0 0 0 1 0 1 1 0 0 1 1 0 1 1 1 0 1 0 0 0 1 1 0 1 0 1 1 1 1 
0 0 1 0 0 0 0 0 0 1 0 0 1 1 1 0 1 0 0 1 1 1 0 1 1 1 0 0 1 1 1 1 0 0 0 1 0 1 1 0 1 1 1 0 1 0 1 
1 0 1 0 1 0 0 0 0 0 1 1 1 0 0 1 1 1 0 1 0 0 1 1 1 1 1 0 0 0 0 1 1 0 0 1 0 1 1 0 0 0 0 0 0 0 1 
0 0 0 1 0 1 0 1 1 0 1 1 0 0 0 1 0 1 1 0 1 1 0 0 1 0 1 1 0 0 1 1 1 1 1 1 1 1 0 1 1 1 1 1 0 0 1 
0 1 1 1 0 1 0 0 1 0 1 1 0 0 1 1 0 1 0 0 0 0 0 0 0 0 1 1 1 0 0 1 1 1 1 0 1 0 0 1 0 1 1 0 1 1 0 
0 0 1 0 0 1 0 1 1 0 0 1 0 0 1 0 0 1 0 0 0 1 0 0 0 0 0 1 0 1 0 0 0 1 0 0 0 0 1 1 1 1 1 1 1 1 1 
0 0 0 1 1 1 0 1 0 0 0 0 1 0 1 0 1 1 1 1 0 0 1 0 0 0 0 0 0 0 1 1 0 1 0 1 0 0 1 1 1 1 0 1 0 0 1 
0 1 0 1 1 1 1 1 1 1 0 1 0 1 0 0 1 1 0 0 1 0 1 0 0 1 1 0 0 1 1 1 0 1 1 1 0 0 1 1 1 1 1 0 1 0 1 
0 0 0 1 0 0 0 1 1 1 1 1 1 0 0 0 0 1 1 0 1 1 1 0 1 1 0 1 0 0 1 1 0 1 0 0 0 1 1 1 1 1 1 0 1 0 0 
1 0 1 1 1 1 0 0 0 1 0 1 0 0 1 1 0 1 0 1 1 1 1 1 0 0 1 0 0 0 1 0 0 1 0 1 0 0 1 0 1 1 1 1 1 1 1 
1 0 0 0 0 0 1 0 0 1 1 1 1 0 1 0 0 0 1 1 0 1 1 1 0 1 1 1 0 0 1 0 0 1 1 1 1 1 0 1 1 0 0 0 0 0 0 
0 1 0 1 1 0 0 0 1 1 0 1 1 1 1 0 1 1 0 0 1 0 0 1 0 1 0 1 1 0 0 1 1 0 0 0 0 0 1 1 1 1 1 1 1 0 0 
0 1 0 1 1 1 1 1 1 1 1 0 1 1 0 0 1 0 1 1 0 0 1 0 0 1 0 0 0 0 0 1 1 0 1 1 0 1 1 1 0 1 1 0 0 1 1 
0 1 1 1 1 1 0 0 0 0 0 0 0 1 1 0 0 0 0 1 1 1 1 0 0 0 1 0 1 0 1 1 0 1 0 0 0 1 0 1 1 1 0 1 0 1 1 
0 1 1 0 1 1 0 1 0 1 1 1 0 1 0 0 0 0 1 0 1 0 1 1 0 0 1 0 1 0 0 1 1 0 0 0 1 1 0 0 0 1 1 1 0 0 1 
0 1 0 1 0 1 1 0 0 1 0 1 1 0 0 0 0 1 1 1 1 0 1 0 0 1 1 0 0 1 0 1 1 1 1 1 0 0 1 0 0 0 0 1 0 0 1 
0 1 1 1 1 0 1 1 0 0 1 0 0 0 1 0 0 0 0 1 0 0 1 0 1 0 1 1 0 0 1 0 1 1 0 0 0 0 0 0 0 0 1 0 0 0 1 
0 0 0 1 0 1 1 0 0 1 1 0 1 1 0 1 1 0 1 0 0 0 0 1 0 1 1 1 0 1 0 1 1 1 0 1 0 0 1 0 0 1 0 1 1 1 1 
0 1 1 1 0 1 1 1 1 0 1 0 0 1 0 0 0 0 0 1 0 1 1 1 0 0 1 1 0 1 0 1 0 0 0 0 1 1 1 0 0 0 0 0 1 1 1 
0 1 1 0 1 1 1 1 0 0 0 1 1 0 0 0 1 0 0 1 1 1 1 1 0 0 1 1 0 0 1 1 0 0 0 1 0 1 0 0 1 1 0 0 0 0 0 
1 0 1 1 0 1 1 0 0 1 1 1 0 1 0 1 0 1 0 1 1 1 0 1 0 1 0 0 0 0 1 0 1 1 1 1 0 1 0 0 1 0 0 0 1 0 0 
1 0 0 0 0 0 0 1 0 0 1 1 0 0 0 1 1 0 1 1 0 0 1 0 0 0 0 1 1 1 1 1 1 0 1 0 1 1 0 1 0 0 0 1 0 0 1 
0 1 0 1 0 0 1 0 1 0 1 0 1 0 0 1 1 0 0 1 1 0 1 0 0 1 0 0 1 1 0 1 1 1 0 0 0 0 0 0 0 0 1 1 1 0 1 
1 0 0 0 0 0 0 0 1 0 0 1 0 1 1 1 0 1 1 1 1 0 0 1 0 0 0 0 0 0 0 0 0 1 0 0 0 1 1 0 0 0 1 0 0 0 0 
1 1 0 0 1 1 0 1 0 0 0 0 0 0 0 0 1 1 1 0 1 0 0 1 1 1 1 1 1 0 1 0 1 0 1 0 0 0 1 0 1 1 1 0 0 0 1 
1 1 1 0 1 0 1 0 0 0 1 0 0 0 1 0 1 1 0 1 0 1 1 0 1 1 0 1 0 0 0 1 0 0 1 1 1 1 1 0 0 1 0 1 1 1 0 
1 1 1 0 0 1 0 1 1 0 1 0 0 1 1 1 0 0 1 1 1 0 0 1 1 1 0 1 0 0 0 1 1 0 0 1 1 1 1 1 1 0 1 0 1 1 1 
1 0 0 0 0 0 1 1 1 0 1 0 0 1 0 0 0 1 0 0 0 1 0 1 0 1 0 1 0 1 1 0 0 0 0 1 0 1 1 1 1 1 0 1 0 0 1 
0 0 1 1 1 0 0 1 0 0 1 0 0 1 0 0 1 1 1 1 1 1 1 0 0 0 0 1 0 0 1 1 0 1 0 0 0 0 1 0 0 0 1 1 0 1 1 
0 0 1 0 1 0 0 0 1 0 0 0 0 0 0 0 0 0 0 1 1 0 0 1 0 0 0 0 1 1 0 1 1 1 0 1 0 0 0 0 0 0 1 0 1 0 1 
1 0 1 0 1 1 0 1 0 1 0 1 1 0 1 1 0 0 1 1 1 0 0 1 0 1 1 1 0 0 0 1 0 0 1 0 0 1 1 0 0 0 1 1 1 0 1 
1 1 0 1 0 0 1 0 1 1 0 1 1 1 1 0 1 1 1 0 1 0 0 0 0 0 1 1 1 1 1 0 0 1 1 0 0 1 1 0 1 0 1 0 1 0 0 
0 1 0 1 1 0 0 1 0 0 1 0 0 0 1 1 0 0 0 0 0 1 1 0 1 1 0 0 1 0 1 1 0 0 1 1 0 0 1 0 0 1 0 0 1 1 1 
0 1 0 0 1 1 0 0 0 1 0 1 1 0 0 1 1 0 1 1 1 1 1 0 0 1 0 0 1 0 1 0 1 1 0 0 0 1 0 1 1 1 0 1 0 1 0 
0 0 0 1 1 1 1 0 1 1 1 0 1 0 0 0 1 0 1 1 1 1 0 0 0 0 1 1 1 1 1 1 1 1 1 1 1 1 1 1 1 0 0 0 1 1 1 
1 0 0 1 1 0 0 1 1 0 1 1 0 0 1 0 0 1 0 0 0 0 1 1 0 1 1 0 0 1 1 1 0 0 0 1 0 0 1 0 1 0 0 0 0 0 0 
0 0 0 0 1 0 1 1 1 0 1 1 0 1 0 0 1 0 0 0 0 1 1 1 1 1 0 1 0 1 0 0 0 1 1 1 0 0 0 0 1 0 1 0 0 0 0 
0 1 1 0 0 1 1 1 0 0 0 1 0 0 1 1 1 0 0 1 0 0 0 0 0 1 0 0 1 0 0 0 1 1 1 1 1 0 0 1 1 0 1 0 0 0 1 
1 1 0 1 0 1 1 0 1 0 0 0 1 0 1 0 1 1 1 0 0 0 1 0 0 1 1 1 1 0 0 1 1 1 1 1 1 1 1 1 0 1 1 1 1 0 0 
1 1 1 0 1 1 1 1 0 0 0 1 1 1 0 1 0 0 0 0 0 1 0 1 0 0 1 0 1 0 1 1 0 1 1 1 0 1 1 0 0 0 0 0 0 0 1 
1 1 0 0 1 1 0 1 1 0 1 0 1 1 0 0 0 1 1 0 0 1 1 0 0 1 1 1 0 1 1 1 0 1 0 0 0 1 1 0 1 0 0 1 1 0 1 
1 0 1 0 0 1 1 1 0 1 0 1 1 0 1 1 0 0 1 0 0 1 1 0 1 0 0 0 1 0 1 1 0 1 1 1 0 0 0 1 1 0 0 1 1 1 0 
0 0 0 1 1 0 1 0 0 0 0 1 1 0 0 1 0 1 1 0 0 0 0 1 0 1 0 0 0 0 0 1 1 1 1 0 0 0 0 0 0 1 0 0 0 1 0 
1 0 0 1 1 0 0 0 1 1 0 1 1 0 0 1 1 1 1 1 0 1 0 0 0 0 0 0 0 1 0 0 0 1 0 1 1 0 1 0 1 1 0 1 0 1 0 
0 1 0 0 0 0 1 0 0 1 0 1 0 0 1 1 0 0 1 0 1 1 0 1 0 0 0 0 0 1 0 0 0 0 0 1 1 0 0 1 0 0 1 1 1 1 1 
0 1 0 1 0 0 0 0 1 0 0 0 0 1 1 0 0 1 1 1 0 0 1 1 1 1 0 1 0 1 0 1 1 0 0 0 1 0 1 0 1 1 0 1 0 1 1 
0 0 1 1 1 1 1 0 1 1 1 0 0 0 0 0 0 0 1 0 1 1 0 0 0 0 1 1 1 0 1 0 1 0 1 1 0 0 1 0 1 0 0 1 0 1 1 
0 0 1 0 1 0 0 0 0 0 0 0 0 0 0 0 1 1 1 1 0 0 1 0 0 1 0 1 0 0 1 1 0 0 0 1 0 1 0 0 0 0 1 1 1 0 0 
1 1 0 1 0 0 1 0 0 0 1 1 0 0 0 0 1 1 1 0 0 1 1 1 1 1 0 1 1 0 1 0 1 1 1 1 0 0 1 1 0 1 1 1 0 1 1 
0 1 0 0 1 0 0 1 0 1 0 0 0 0 1 1 0 1 0 1 0 1 1 0 1 1 0 1 0 1 0 0 0 1 0 1 0 0 0 0 1 0 1 0 1 0 0 
1 0 0 0 0 0 0 0 0 1 1 0 1 1 1 0 0 0 1 0 0 0 0 1 0 1 1 0 0 1 0 0 0 1 0 0 1 1 1 0 1 1 0 0 0 0 1 
0 1 1 1 1 1 0 0 0 1 1 0 0 0 0 0 1 1 1 1 0 1 1 0 1 0 0 0 1 1 0 1 1 1 0 0 0 0 1 1 0 1 1 1 1 1 1 
0 0 0 0 1 0 0 0 0 0 0 0 1 0 1 1 1 0 0 1 0 1 1 1 1 0 0 1 1 0 0 0 0 1 0 0 1 1 1 1 1 1 0 1 0 0 0 
0 0 0 0 0 1 1 1 1 0 1 0 1 0 0 0 1 1 0 1 1 0 0 1 0 1 1 0 1 0 0 0 1 0 1 1 1 1 1 1 0 1 0 1 1 1 0 
1 0 0 0 1 1 0 1 0 0 1 0 0 1 1 0 0 1 1 0 1 0 1 0 0 0 0 0 1 1 1 1 1 1 1 0 0 1 1 1 0 1 0 1 1 1 1 
1 1 0 0 1 0 0 0 0 0 0 1 1 0 1 1 0 1 1 0 0 1 1 1 0 0 0 0 1 0 0 0 0 0 1 0 0 0 1 1 1 0 0 1 0 1 0 
1 1 0 0 1 0 0 0 1 1 1 1 1 1 1 0 1 0 1 0 1 0 0 0 1 1 0 0 1 1 1 0 1 1 0 1 1 1 1 1 0 0 0 0 0 0 1 
0 1 0 0 0 1 0 1 1 1 0 1 1 1 0 1 1 1 0 0 1 0 1 1 0 0 0 0 0 1 0 1 0 0 1 1 1 0 0 0 1 0 1 0 1 1 0 
1 1 0 1 1 0 0 1 1 1 1 0 1 1 0 0 1 0 0 0 0 1 0 0 1 0 1 0 1 1 1 0 1 0 1 0 0 0 0 0 1 0 1 1 1 0 1 
1 0 0 1 1 1 0 1 1 0 1 1 0 1 1 1 0 0 0 1 0 1 1 0 1 0 1 0 0 1 0 1 0 1 0 0 1 0 0 1 1 0 0 0 0 0 0 
0 0 1 1 0 0 0 1 1 1 1 1 1 1 0 1 0 1 0 1 1 0 1 1 1 1 0 0 0 1 1 0 1 1 1 0 1 0 0 1 0 1 0 1 1 1 0 
0 0 0 0 1 0 1 0 1 0 1 1 1 0 0 1 1 0 1 0 1 0 1 0 0 0 0 1 1 0 1 0 0 0 1 0 0 0 0 0 1 1 1 1 0 0 0 
0 1 1 1 0 1 1 1 1 0 1 0 1 0 0 0 1 0 1 0 0 1 0 0 0 1 0 0 0 1 0 0 1 0 1 0 1 1 1 1 1 0 1 0 1 0 0 
0 1 1 1 0 0 0 0 0 1 1 0 1 0 0 1 0 1 1 0 1 1 1 0 1 1 0 0 1 0 1 0 1 1 1 0 1 1 1 0 0 1 1 1 0 1 1 
1 1 0 1 0 1 0 1 0 0 1 0 0 0 1 1 0 1 0 1 1 0 0 0 1 1 1 1 1 1 1 0 1 1 0 0 0 1 0 0 1 1 1 0 1 0 0 
0 1 0 0 1 0 1 0 0 1 1 1 1 1 1 1 0 1 0 0 1 0 0 1 1 0 1 1 0 1 0 1 1 1 1 1 1 1 0 1 1 0 0 1 1 1 0 
0 0 1 1 0 0 0 0 1 0 0 1 0 1 1 1 1 0 0 0 0 0 1 1 0 1 0 1 1 1 1 1 1 0 0 1 0 1 1 0 1 0 1 1 0 1 0 
0 1 0 1 0 0 1 0 0 0 1 0 0 0 0 1 1 0 1 0 0 0 0 0 0 0 1 1 0 1 1 0 0 1 0 1 1 0 1 0 0 1 1 1 1 0 0 
0 1 0 1 0 0 1 1 1 0 1 1 0 0 0 0 1 1 0 0 0 1 1 1 0 0 0 1 1 0 1 1 1 0 0 0 0 0 1 0 0 1 0 0 1 0 0 
0 0 0 1 0 0 1 1 1 0 1 1 1 0 0 0 1 0 0 0 0 0 0 1 0 1 0 1 0 1 0 1 1 1 0 0 0 1 0 0 1 1 1 1 1 0 1 
0 0 1 0 0 1 1 1 0 1 0 1 1 1 1 1 0 1 0 0 0 0 0 0 1 0 1 1 0 1 0 0 1 0 0 0 1 1 1 0 1 0 0 0 1 1 0 
0 0 0 0 1 0 1 1 1 1 0 0 0 1 1 0 1 0 1 0 1 0 1 0 0 0 0 0 0 0 0 1 1 1 1 1 0 0 0 0 0 0 1 1 1 1 0 
0 1 1 0 1 1 1 1 0 0 1 1 0 1 0 1 1 1 0 1 1 0 1 1 0 1 1 1 0 1 0 0 1 1 1 0 1 1 1 0 0 1 0 1 0 0 1 
0 1 0 0 0 1 1 0 1 1 1 1 0 1 0 1 1 0 0 1 1 1 0 1 1 1 0 1 1 1 0 1 1 0 1 1 1 1 0 1 0 0 1 0 0 1 1 
1 1 1 1 1 0 0 0 1 0 1 0 0 0 1 0 0 0 0 0 1 0 0 0 0 0 1 0 1 1 0 0 1 0 0 1 0 1 0 0 0 1 0 1 0 0 0 
1 0 1 1 0 1 1 0 0 0 1 0 1 0 0 0 0 1 0 0 1 1 0 1 0 1 0 0 0 0 0 1 0 1 0 0 0 0 0 1 1 0 1 0 1 0 1 
0 1 1 1 1 1 1 1 0 1 0 1 0 1 1 0 0 0 1 1 1 1 1 1 0 0 1 1 1 1 0 0 1 0 0 1 1 0 0 1 1 1 0 1 1 0 1 
0 1 1 0 1 0 0 0 0 1 0 1 1 0 1 0 1 1 0 1 1 0 1 0 0 0 1 0 0 1 1 0 0 1 0 1 0 0 1 1 0 0 1 0 0 1 0 
1 0 0 0 0 1 1 1 0 1 1 0 0 0 0 0 1 0 1 1 1 0 1 1 0 1 0 0 0 1 0 1 0 1 1 1 0 0 1 1 1 1 1 1 1 0 0 
0 1 0 1 0 1 1 0 0 0 0 0 1 1 0 0 1 1 0 0 1 0 1 1 0 1 0 1 1 1 0 0 1 1 0 1 0 1 1 1 0 1 0 0 1 1 1 
1 1 1 1 1 1 0 0 0 1 1 1 1 1 0 0 0 1 0 0 1 0 0 0 0 0 1 1 0 0 0 0 1 0 1 0 0 0 1 1 1 0 0 1 1 0 0 
0 0 0 0 1 1 0 0 0 0 1 1 1 0 1 0 1 1 1 1 0 0 1 0 1 0 0 0 1 1 0 0 1 1 1 1 1 0 0 1 1 1 0 1 1 0 1 
1 1 1 0 0 1 1 0 1 1 1 1 0 0 0 0 0 1 0 1 0 1 1 1 1 1 1 0 0 0 1 0 0 1 1 0 0 1 1 1 1 1 0 1 1 0 1 
1 0 0 1 1 0 0 0 1 1 1 1 1 1 0 0 1 0 1 0 1 0 0 1 0 1 0 0 1 1 0 0 0 1 1 0 0 1 1 1 1 1 1 1 1 0 0 
1 0 0 0 0 0 1 0 0 1 1 0 1 0 0 0 1 0 0 0 1 0 0 1 1 1 1 0 1 1 0 0 0 0 0 0 0 1 1 0 0 1 1 1 0 0 1 
0 0 0 1 1 0 1 0 0 0 1 0 1 0 1 0 0 1 1 1 1 0 1 1 1 1 0 0 1 0 1 1 0 1 1 1 0 1 0 1 1 0 1 1 1 1 0 
1 0 1 0 1 1 0 1 1 1 0 1 1 0 0 0 1 0 1 1 1 1 0 1 1 1 0 1 0 1 0 1 1 0 1 0 0 0 1 1 0 1 1 0 1 0 0 
1 0 0 1 1 1 1 1 1 1 0 0 0 1 1 1 1 0 0 1 0 0 1 1 0 1 1 0 1 1 0 0 1 0 0 1 0 0 1 0 1 0 1 0 0 1 0 
0 1 1 0 1 1 0 0 1 0 0 1 0 1 1 0 0 0 1 0 1 1 1 1 1 0 1 0 1 0 0 1 1 1 1 1 1 1 0 0 1 0 0 1 1 1 1 
1 0 0 0 1 0 0 0 0 1 1 1 1 0 0 0 0 0 0 1 1 0 1 0 0 1 0 0 1 1 1 0 0 0 0 0 1 0 1 1 0 1 0 0 1 1 1 
1 0 1 0 1 1 0 1 1 0 0 1 0 1 1 1 1 1 0 1 1 1 1 0 1 1 1 0 0 0 0 1 0 1 0 1 1 0 1 1 0 0 0 0 0 1 1 
0 0 0 0 1 0 0 0 1 1 1 1 1 0 1 1 0 0 1 1 0 1 0 0 0 1 0 1 0 0 0 0 0 0 1 0 0 0 0 1 1 0 0 0 0 1 0 
0 1 1 1 0 0 1 1 0 1 1 0 0 0 1 0 0 0 0 0 1 1 1 1 1 0 1 0 0 1 1 0 0 0 1 1 0 1 1 0 1 1 1 1 1 0 1 
0 1 1 0 0 0 0 0 0 0 1 0 0 1 1 1 1 0 0 0 0 0 1 0 0 1 1 1 0 0 1 0 1 0 0 0 1 0 0 0 0 0 1 1 0 0 1 
0 1 0 1 1 0 0 1 1 1 1 1 1 1 0 0 1 1 1 0 1 0 1 0 1 1 0 1 1 1 1 1 0 0 0 0 0 0 0 0 1 0 1 1 0 1 0 
0 1 0 0 1 1 1 1 1 0 0 0 0 1 0 0 0 0 0 1 1 1 0 1 0 0 1 1 1 1 0 0 1 0 1 0 0 0 1 1 0 1 1 0 1 1 1 
0 0 1 0 1 0 1 0 1 0 1 0 1 0 1 0 0 1 0 1 1 1 0 0 1 1 1 0 1 1 0 0 1 0 1 1 0 1 1 0 0 0 0 1 0 0 1 
1 0 0 0 0 1 1 0 0 1 1 1 1 1 0 1 1 0 0 1 1 1 0 1 0 0 0 0 0 1 1 1 1 0 0 0 1 1 0 0 0 0 0 1 0 0 1 
0 0 1 1 0 1 0 0 1 1 0 0 0 1 0 1 1 1 1 0 0 0 0 1 1 0 1 1 0 1 1 0 0 0 0 0 0 1 1 0 0 0 1 0 0 0 1 
1 0 1 0 0 0 1 0 1 0 1 0 0 0 1 1 0 1 1 0 0 1 1 1 0 0 1 1 1 1 0 0 1 1 0 1 1 1 0 1 1 0 0 0 0 0 0 
0 1 0 1 1 0 0 1 1 1 1 1 0 1 1 1 1 0 0 1 0 1 0 1 0 0 1 1 0 0 1 1 0 1 0 0 1 0 0 1 0 1 1 0 0 1 1 
0 1 0 0 0 0 0 1 0 1 0 1 1 1 1 0 1 1 0 1 0 1 1 0 1 1 0 1 0 0 0 0 0 1 0 0 1 1 1 0 0 0 0 0 1 1 0 
1 0 1 1 0 1 0 1 0 0 1 0 0 1 1 0 0 1 1 1 0 0 1 1 1 1 1 0 0 0 1 1 0 0 0 0 0 1 1 1 1 0 1 1 0 1 1 
1 0 1 1 0 1 1 1 0 1 0 1 0 1 1 1 1 0 1 0 1 1 0 1 1 0 0 0 0 0 1 0 1 1 1 0 0 0 1 0 0 0 0 0 1 0 0 
1 1 0 1 0 0 1 0 1 0 1 1 1 1 1 1 0 0 1 0 1 0 1 1 1 0 0 1 0 0 0 0 0 0 1 1 1 0 0 0 0 1 1 1 0 1 1 
0 1 1 1 0 1 1 1 1 0 0 0 1 0 1 0 1 0 1 1 1 0 0 1 0 1 0 0 0 1 1 1 1 0 0 0 0 0 1 1 0 1 1 1 0 1 0 
0 1 1 1 1 1 1 1 0 1 1 0 1 1 0 1 1 0 0 0 0 0 0 1 1 0 0 0 1 0 1 0 1 0 0 1 0 0 0 0 1 0 0 1 0 1 0 
1 0 1 1 1 1 0 1 1 1 1 1 0 0 0 0 1 1 0 1 0 0 0 0 1 1 1 0 0 0 0 0 1 1 0 1 1 0 0 1 1 0 1 0 0 1 1 
1 0 1 1 0 1 1 1 0 0 0 0 1 1 0 1 0 1 0 1 1 1 0 0 0 0 1 0 1 1 0 1 0 1 0 1 0 0 0 1 1 0 1 0 0 1 0 
0 0 0 0 0 1 0 0 0 0 1 1 1 0 0 1 1 1 0 0 0 1 0 0 1 0 1 1 0 0 1 1 1 0 1 1 1 1 0 0 0 0 0 0 0 1 1 
0 1 1 0 0 0 0 0 0 1 0 0 0 0 1 0 0 0 1 0 0 1 0 1 1 0 1 1 0 0 1 1 0 1 0 0 0 0 1 1 0 1 0 0 1 1 1 
1 0 1 0 0 0 0 0 0 0 1 1 1 1 0 1 1 0 1 0 0 1 0 0 0 0 0 1 0 1 1 0 1 1 0 0 1 1 0 0 1 1 1 0 0 1 0 
0 0 0 1 0 0 0 0 0 0 0 0 0 1 1 0 1 1 1 1 0 1 0 1 0 1 1 0 1 1 0 0 0 1 0 0 0 1 1 0 1 0 0 1 1 1 1 
0 0 1 1 0 1 0 0 1 0 1 0 0 0 1 0 0 0 1 0 0 1 1 1 0 0 0 0 1 0 1 1 1 1 0 0 0 0 0 0 0 1 0 1 1 1 1 
1 0 0 1 0 0 1 1 1 1 1 1 0 0 1 1 0 1 1 1 0 1 0 0 0 0 1 1 1 1 1 0 1 1 0 1 1 1 0 0 1 0 0 1 0 1 1 
0 1 1 0 1 0 0 0 0 0 0 0 1 0 0 0 1 1 1 1 0 0 1 1 1 0 1 0 1 0 1 0 0 1 1 1 1 1 0 0 1 1 0 1 1 0 1 
0 1 0 1 1 0 1 0 0 1 0 1 1 1 1 0 0 0 0 0 1 0 1 0 0 0 0 1 1 1 0 0 0 0 1 1 0 0 0 0 1 1 0 0 1 0 0 
1 0 1 0 1 1 1 1 1 0 1 1 0 1 0 0 1 0 1 0 0 0 0 0 1 1 0 1 0 1 1 0 0 1 1 1 0 1 0 0 1 1 0 1 1 1 0 
0 0 1 1 1 0 0 1 0 0 0 0 1 1 1 0 1 1 1 0 1 1 1 0 0 1 0 1 1 0 1 1 0 1 1 1 1 1 1 0 0 1 0 0 1 1 1 
0 1 0 0 1 0 1 1 0 0 0 1 0 1 0 1 0 1 0 0 0 1 0 1 1 1 1 0 1 0 0 0 1 1 1 1 0 0 1 0 1 1 0 0 0 0 0 
1 0 1 1 1 1 0 1 0 1 0 0 1 0 0 0 0 1 0 0 0 0 1 1 1 0 1 0 1 0 1 0 0 1 1 0 0 1 1 1 0 0 0 1 1 0 1 
0 0 1 1 0 1 0 1 0 1 0 0 0 1 0 0 1 0 1 0 1 1 1 0 0 0 1 1 0 0 0 1 0 0 1 1 1 0 1 1 0 0 0 1 0 1 1 
1 1 1 1 1 1 1 1 1 1 0 0 1 1 1 1 0 0 0 1 0 0 0 0 0 1 1 1 1 1 0 1 1 0 1 1 0 0 1 0 1 0 0 0 1 1 0 
1 0 0 1 1 0 0 0 0 1 1 0 0 1 1 1 0 1 0 1 0 1 0 1 0 1 1 1 0 0 0 1 1 1 0 1 0 0 1 0 0 0 0 1 1 1 1 
1 0 0 1 1 1 0 1 1 1 1 0 0 0 1 1 0 1 1 0 0 0 1 1 0 1 1 0 1 1 1 1 1 1 1 1 1 1 1 1 1 0 0 1 1 0 0 
0 0 1 0 0 1 0 1 0 0 1 1 1 0 1 1 0 0 0 0 0 0 1 0 0 1 0 0 1 0 1 1 0 1 0 0 1 1 0 0 0 1 1 1 1 0 0 
1 0 1 1 1 0 1 0 1 0 0 1 0 0 0 1 0 1 1 1 1 0 0 1 1 0 0 0 1 1 1 1 1 1 0 1 1 0 0 1 0 0 1 0 1 1 1 
1 1 1 1 0 1 1 0 0 0 0 1 1 0 1 0 1 1 1 1 1 1 0 1 0 1 0 0 1 1 0 1 0 0 1 0 1 1 1 1 0 1 1 0 1 1 0 
0 1 1 0 0 1 1 0 1 0 1 0 1 1 1 0 0 1 1 0 0 1 0 0 1 0 0 1 1 1 1 1 1 1 1 1 0 1 0 0 0 1 1 0 0 0 0 
1 1 1 0 0 1 0 1 0 1 1 0 1 0 0 0 0 1 0 1 1 0 1 1 0 0 1 0 0 0 1 1 1 1 1 1 0 0 1 0 1 0 0 0 1 0 0 
0 1 1 0 1 0 0 1 0 0 1 0 0 0 0 1 0 1 0 0 1 0 1 0 1 0 0 1 0 1 0 0 0 1 1 1 1 1 0 0 0 0 0 0 1 0 0 
1 1 1 0 1 1 1 0 1 1 1 1 1 1 0 0 0 1 0 1 0 0 0 0 1 0 1 0 0 0 0 0 0 1 0 1 0 0 1 0 1 1 1 0 1 0 0 
0 0 0 1 0 0 1 1 1 0 0 1 1 1 0 0 0 0 1 0 0 0 0 0 1 1 1 0 1 0 1 0 1 1 1 0 0 1 0 0 0 0 0 0 1 0 1 
1 1 0 1 0 1 1 1 0 1 1 0 1 0 1 1 1 1 0 1 0 1 1 0 1 0 1 1 1 0 1 0 1 1 0 0 0 0 1 0 0 1 1 1 0 0 1 
0 1 0 1 0 1 0 1 0 0 0 1 0 0 1 1 0 0 0 0 1 0 0 0 0 0 1 0 0 1 1 1 1 0 1 0 1 1 1 1 0 0 1 0 0 1 1 
1 1 0 1 1 0 0 0 0 0 0 0 0 0 0 1 1 1 0 0 0 1 0 0 0 1 1 0 0 0 0 0 0 0 1 1 0 0 0 0 0 0 1 0 0 0 1 
1 0 0 1 0 1 0 1 0 1 1 0 0 0 0 0 0 1 0 1 0 0 0 1 0 1 0 1 1 1 0 1 0 0 1 1 1 0 1 0 0 1 1 0 0 0 0 
1 1 1 1 0 0 0 0 1 1 0 0 0 0 0 1 0 1 1 1 0 1 1 0 0 0 1 0 1 0 1 1 0 0 1 0 1 0 0 1 1 1 1 0 0 1 0 
0 0 1 0 0 1 1 0 0 0 0 0 0 1 0 0 0 1 1 1 0 0 0 0 1 1 0 1 0 1 0 0 1 0 1 0 0 0 1 1 0 0 1 1 0 1 0 
1 1 1 0 0 1 1 0 1 1 0 0 1 0 1 0 1 0 0 0 1 0 1 1 0 0 1 1 0 1 0 1 0 1 1 0 1 1 1 0 1 0 0 0 0 0 0 
1 1 0 0 1 1 1 0 0 0 1 0 0 0 1 0 0 0 1 1 1 1 1 0 1 1 0 1 1 1 0 1 1 1 0 0 1 1 0 1 0 0 0 0 0 1 1 
0 1 0 1 1 0 1 0 0 0 0 0 0 1 1 1 0 1 0 1 1 0 1 0 0 1 0 1 0 0 1 1 0 0 0 0 0 1 0 1 1 0 0 0 1 0 1 
0 1 0 1 1 1 0 0 1 1 0 1 1 0 0 1 0 0 1 0 1 0 0 1 1 0 0 1 1 1 0 1 0 0 0 1 1 0 1 0 1 0 0 1 1 1 0 
0 1 0 1 1 0 0 0 1 0 1 1 0 0 0 0 0 1 1 1 1 0 1 0 1 1 0 1 0 1 1 0 0 0 0 1 1 1 0 1 1 0 1 0 1 0 1 
1 1 1 0 1 0 0 0 0 0 0 1 1 1 1 0 0 1 0 0 0 1 1 1 0 1 0 0 0 1 1 0 0 1 1 1 0 0 0 1 1 0 0 0 0 1 0 
0 1 0 0 0 1 0 1 1 1 0 1 1 0 1 1 1 0 1 0 0 0 0 0 0 1 1 0 0 0 0 1 1 0 1 0 0 1 1 0 0 0 1 1 1 0 1 
0 0 0 0 1 1 1 0 1 1 0 1 1 1 0 1 1 1 0 1 0 1 1 1 1 0 0 1 1 1 0 1 0 1 1 1 0 1 1 0 1 0 1 1 1 1 1 
0 1 0 1 0 0 1 0 0 0 0 1 1 0 0 1 1 1 1 0 0 1 0 0 1 1 1 0 1 1 1 1 1 1 0 1 0 0 1 1 1 1 0 1 0 0 0 
1 1 0 0 0 0 0 0 0 0 0 1 1 0 0 1 0 1 1 0 1 1 0 0 0 0 1 1 1 1 0 0 0 0 0 1 1 1 1 1 0 0 0 0 1 1 0 
0 1 0 0 0 1 1 0 1 1 1 1 0 0 0 0 0 1 0 0 0 1 1 0 1 1 0 0 0 1 1 0 0 0 0 1 1 1 1 0 1 0 1 1 1 0 0 
1 1 1 0 0 0 1 1 1 1 1 0 1 1 1 1 0 0 1 1 0 0 0 0 0 0 0 1 0 0 1 0 0 1 0 0 0 1 1 0 0 0 0 0 0 1 1 
1 1 0 1 0 0 0 0 0 1 1 0 0 1 1 1 1 1 1 1 0 1 1 1 1 1 0 1 0 1 0 0 0 0 0 1 1 0 0 0 0 0 1 0 1 0 0 
0 0 1 1 1 1 0 1 0 1 1 0 0 1 0 0 0 0 1 0 0 1 0 0 0 0 0 0 0 0 0 0 1 0 1 0 1 0 0 1 0 0 1 0 1 0 0 
1 1 0 1 0 1 0 1 1 0 0 1 1 0 1 0 0 1 0 1 0 1 1 0 0 1 0 0 0 1 0 0 0 1 0 0 1 1 1 0 0 1 1 0 0 1 1 
0 0 0 1 1 0 0 0 0 0 0 1 0 0 0 0 0 1 1 1 1 1 1 1 1 1 1 0 1 1 0 0 1 1 0 0 1 0 0 0 0 0 0 0 1 0 0 
0 1 1 0 0 1 1 0 1 0 1 0 1 1 1 0 1 1 1 1 1 1 1 1 1 1 0 1 1 0 0 0 0 0 1 0 0 1 0 1 0 0 0 1 1 1 0 
0 1 1 0 0 1 1 1 0 0 0 0 1 0 0 0 0 1 1 1 1 0 1 0 0 0 0 0 1 0 1 1 1 1 0 0 1 1 1 0 1 0 1 1 0 1 0 
1 1 1 1 1 1 0 1 1 1 0 1 1 0 0 0 0 0 0 0 1 0 0 1 0 0 0 1 0 0 1 0 1 1 1 1 0 1 1 0 0 0 0 1 0 0 0 
0 0 0 0 0 1 1 1 1 1 0 1 0 1 0 0 0 1 0 0 1 1 1 0 1 0 0 1 1 1 1 1 0 1 0 0 0 1 0 0 1 0 1 0 1 1 1 
1 0 0 1 1 0 0 1 0 1 1 1 1 0 1 1 0 1 1 0 0 1 1 0 0 1 1 1 0 1 0 1 0 0 0 0 1 1 0 0 0 0 0 1 1 0 1 
1 0 1 0 0 0 0 0 0 1 1 1 1 1 0 1 0 0 0 1 1 1 0 1 1 1 1 1 1 0 0 1 0 1 1 0 0 1 1 1 1 0 0 0 1 0 1 
0 1 0 0 0 1 0 1 1 0 0 1 0 0 1 0 1 0 1 0 0 1 0 1 0 1 1 1 1 0 0 1 0 0 1 0 0 0 0 1 0 1 0 0 1 0 1 
1 1 1 1 0 1 0 0 1 1 0 1 1 0 0 0 1 0 1 0 0 1 0 0 1 0 0 0 0 0 1 0 0 1 1 1 1 1 1 0 1 1 1 1 0 1 1 
1 1 0 1 0 1 0 0 1 0 1 0 0 0 1 0 1 1 1 1 0 0 1 0 0 0 1 0 0 0 1 0 0 1 1 0 0 0 1 1 0 1 0 0 1 1 0 
1 1 0 1 0 1 1 1 1 0 1 1 1 1 0 0 1 0 0 1 1 0 0 0 1 0 0 1 1 0 0 1 0 1 0 0 0 1 0 1 1 1 0 0 1 0 1 
1 0 0 1 1 0 1 1 1 0 0 1 1 0 0 1 0 1 0 1 0 1 1 1 1 1 1 0 0 0 0 1 0 0 1 0 1 1 0 1 0 0 1 1 1 1 0 
0 0 1 1 1 1 1 1 1 1 0 1 1 1 1 1 1 0 0 1 0 0 1 0 1 1 1 1 1 1 0 1 1 1 1 1 0 1 1 0 0 1 1 0 0 1 0 
0 0 1 0 1 0 1 0 0 0 1 1 1 1 1 1 0 0 1 1 1 1 0 1 0 1 0 1 1 0 0 1 1 0 1 0 0 0 1 0 1 1 0 0 1 0 1 
0 1 1 0 1 0 1 0 1 0 1 0 1 1 1 0 1 1 0 0 0 1 1 1 0 0 0 1 0 1 1 1 0 1 0 0 1 0 0 1 0 0 1 0 0 0 0 
1 0 1 1 0 0 1 0 1 0 0 1 1 1 0 0 0 0 0 1 0 0 0 0 1 1 1 1 1 1 1 1 0 0 1 1 0 1 1 1 0 0 0 0 0 1 1 
1 0 1 1 0 1 1 1 1 1 0 0 1 1 0 0 1 1 0 0 1 0 0 0 1 0 1 0 1 0 1 1 1 0 1 0 0 1 0 0 1 1 1 1 1 0 1 
1 1 1 0 0 0 1 1 0 0 0 1 1 0 1 0 1 0 0 0 0 0 1 1 0 0 1 0 1 1 1 0 1 1 1 0 0 0 1 0 0 1 0 1 0 0 1 
0 1 0 1 1 0 1 1 0 0 0 1 1 0 1 1 0 1 0 1 1 0 1 1 1 1 1 1 1 0 0 1 1 1 1 1 1 0 1 1 1 1 1 1 0 1 0 
0 0 0 1 1 0 1 0 1 1 0 0 0 1 0 1 0 0 1 0 1 1 1 0 1 1 1 1 1 1 0 1 1 0 1 0 1 1 0 0 1 1 0 1 1 0 0 
1 0 1 0 1 1 1 1 1 1 1 1 0 1 0 0 1 0 0 0 0 1 0 0 0 1 1 0 0 1 0 1 1 0 0 0 1 0 1 0 1 1 1 1 0 0 1 
0 0 1 0 1 0 0 1 0 1 0 1 1 0 0 0 1 0 0 0 1 1 0 1 1 1 0 1 1 1 0 0 1 0 0 1 1 0 0 0 0 1 0 1 1 0 1 
0 1 0 0 1 1 0 0 1 0 0 0 0 0 0 0 0 0 0 1 0 0 1 1 1 1 0 0 0 1 1 0 0 1 1 0 1 1 0 0 1 1 0 0 0 1 0 
0 0 1 1 0 0 1 0 1 0 1 1 1 0 1 1 0 1 0 0 0 1 1 1 1 1 0 1 1 1 0 0 1 0 1 0 1 0 1 1 0 0 1 1 1 1 0 
0 0 1 1 0 1 1 0 1 0 0 0 0 1 0 1 0 1 0 0 0 0 1 1 0 0 0 1 0 0 0 0 0 1 0 1 1 1 0 0 0 0 1 1 0 0 1 
1 0 1 1 1 1 0 0 0 0 1 1 0 1 0 0 0 1 0 1 1 0 1 0 0 0 0 0 0 1 0 1 0 1 1 1 0 1 1 0 0 0 1 1 1 1 1 
1 1 1 1 0 1 0 0 1 1 0 0 1 1 1 1 0 1 0 0 0 0 1 0 0 0 0 0 1 0 0 0 1 1 1 1 1 0 0 0 0 0 1 1 1 1 1 
0 0 0 0 0 1 0 0 0 0 0 1 1 1 0 1 0 1 1 0 0 1 0 0 1 1 0 0 1 0 1 1 1 0 1 1 0 0 0 0 0 0 0 0 0 1 1 
0 1 1 1 1 0 0 1 0 1 0 0 1 0 0 0 1 1 0 1 1 0 1 0 0 1 0 1 0 1 0 0 0 0 1 0 0 0 1 0 1 0 0 1 1 0 0 
1 1 0 0 1 0 0 1 1 1 1 1 0 1 0 0 1 0 1 1 0 1 1 0 0 0 1 1 1 0 1 0 1 0 1 1 1 0 0 0 1 1 1 0 0 1 1 
1 1 0 0 0 0 1 0 1 0 0 0 1 1 1 1 0 1 1 0 1 1 1 0 1 1 0 0 1 0 1 0 1 1 1 1 0 1 1 0 1 1 1 0 1 0 1 
0 1 1 0 0 0 0 1 0 0 0 1 0 0 0 0 1 1 0 0 0 1 0 0 1 0 1 0 1 0 1 0 0 1 0 0 1 1 0 0 0 1 1 1 0 1 0 
1 1 0 1 1 0 1 0 0 1 1 0 0 0 0 1 1 0 1 1 0 0 0 0 0 1 1 1 1 0 1 1 0 0 0 0 0 1 0 1 0 1 0 0 1 1 1 
1 0 0 1 1 0 1 0 1 0 1 0 1 0 0 1 1 0 1 1 0 1 0 1 0 1 1 1 0 1 0 1 0 0 1 1 1 1 1 0 0 1 0 0 0 0 1 
0 1 0 0 1 1 1 0 1 1 1 0 1 0 1 0 0 0 0 0 0 0 1 0 1 0 0 0 0 1 1 1 1 0 0 0 1 1 0 1 1 0 1 1 0 0 0 
1 0 0 0 1 0 1 1 0 1 1 1 1 1 0 0 1 1 1 0 0 0 1 0 1 1 0 1 1 0 0 0 0 1 0 1 0 0 0 0 1 1 0 0 1 0 0 
0 1 1 1 1 0 0 0 1 0 1 0 1 1 0 1 0 1 1 1 0 0 0 0 0 1 0 1 0 0 1 0 1 0 0 0 0 1 1 1 0 0 0 0 0 1 0 
1 1 1 0 1 1 0 0 1 0 0 0 1 0 1 0 1 0 0 1 1 0 1 1 1 1 0 0 0 0 0 0 1 1 0 0 0 1 0 1 1 1 0 1 0 0 0 
1 0 0 1 0 0 1 0 0 0 0 1 1 1 1 0 1 1 1 0 0 0 0 1 1 1 1 0 0 1 1 0 0 0 1 1 1 1 1 1 1 0 1 1 0 0 1 
1 0 0 0 0 1 0 1 1 0 0 0 0 1 1 0 0 0 0 0 0 0 1 0 0 1 0 1 1 0 1 1 1 1 1 0 1 1 0 1 0 1 0 1 0 0 0 
1 0 1 0 0 1 0 1 0 1 0 0 1 1 1 1 0 0 0 1 0 1 0 0 0 0 0 1 1 0 0 1 1 0 1 1 1 1 0 0 1 0 0 1 0 1 0 
0 1 0 1 1 1 1 1 0 1 1 1 0 1 0 0 0 1 0 0 0 0 0 0 1 1 1 0 0 0 1 0 0 0 1 0 0 1 1 0 1 1 1 1 1 0 0 
1 0 1 0 1 0 0 1 0 0 0 1 0 0 1 1 0 1 1 1 1 1 1 0 1 1 0 0 0 1 0 0 1 1 0 1 1 0 1 0 0 1 0 0 0 0 0 
0 0 0 1 0 0 0 1 0 1 0 0 1 1 0 1 0 0 0 1 1 0 1 1 1 1 1 0 1 1 0 0 0 1 1 1 1 0 0 0 0 0 0 1 0 0 0 
0 1 0 0 0 1 0 0 1 0 0 0 1 0 1 1 0 0 1 1 1 0 0 0 1 1 0 0 1 1 1 0 0 1 1 0 0 1 1 0 0 1 0 1 0 0 1 
1 0 1 0 0 0 1 1 1 0 1 0 0 0 0 1 1 1 0 0 1 1 0 1 0 1 0 0 1 1 1 1 0 0 1 1 1 1 0 1 0 0 1 0 1 0 1 
0 1 0 0 1 0 0 0 1 0 0 0 1 1 0 1 1 1 0 0 0 1 0 1 0 0 1 1 1 1 1 0 1 0 0 1 0 0 0 0 0 1 0 1 0 0 0 
0 0 1 0 0 1 1 0 0 1 0 0 0 1 1 1 1 0 1 1 1 1 1 1 0 0 0 0 0 0 0 0 1 0 0 0 1 1 0 0 1 1 1 0 0 0 0 
0 1 1 0 0 0 1 0 0 1 1 0 0 0 0 0 1 0 1 0 1 1 0 1 0 1 1 0 1 1 1 1 0 1 1 0 0 1 0 0 1 1 0 0 1 1 0 
0 1 0 0 0 0 0 0 1 1 0 1 1 0 1 0 1 1 1 0 0 1 1 0 0 1 1 1 1 1 1 0 0 0 0 1 1 0 1 0 0 1 0 1 1 0 0 
1 1 0 0 0 1 0 0 0 1 1 1 0 0 1 1 0 1 0 0 0 1 1 0 0 1 1 1 1 1 1 0 1 0 0 0 1 0 1 1 1 0 1 1 0 1 1 
0 1 0 1 0 0 1 0 1 1 0 0 1 1 0 0 1 0 0 0 1 0 1 1 0 1 0 0 1 1 1 0 0 0 0 1 0 0 1 1 0 1 1 0 0 0 1 
0 0 0 0 0 1 0 1 1 1 0 1 1 1 0 0 1 0 1 0 0 0 0 1 1 1 0 0 0 0 1 0 1 1 0 1 0 1 1 0 1 0 1 0 0 0 1 
0 0 0 0 0 0 1 0 1 1 0 1 1 0 1 1 0 0 0 1 0 1 1 1 1 0 0 0 0 0 1 0 0 0 0 1 0 1 0 0 1 1 1 0 1 1 1 
1 1 1 1 1 0 0 0 1 0 0 1 1 0 0 0 0 1 0 0 1 1 0 1 0 0 0 1 1 1 0 1 1 0 1 0 0 0 1 0 1 0 0 0 0 0 0 
0 1 1 1 0 1 1 0 1 0 0 0 0 1 0 0 1 1 1 1 1 0 1 1 0 1 0 1 1 0 0 0 1 0 0 1 0 0 1 0 0 0 0 0 1 1 0 
1 1 1 1 1 0 1 1 1 0 0 1 0 1 0 0 1 1 1 1 0 0 1 0 0 0 0 1 1 1 1 0 1 1 0 1 0 1 1 1 1 0 0 0 1 0 0 
0 0 0 0 0 1 0 1 1 0 1 0 1 1 0 1 1 0 1 1 0 0 0 0 1 0 1 1 1 0 0 0 1 0 0 0 0 1 1 1 1 1 1 0 0 1 0 
1 0 0 1 0 1 0 0 0 0 1 0 0 1 0 0 0 1 0 1 1 0 0 1 0 0 0 0 1 0 0 0 1 0 1 1 1 0 1 1 1 0 0 1 0 1 0 
1 1 1 0 0 1 1 1 1 1 1 0 1 0 1 0 1 0 0 0 0 1 0 1 1 1 0 0 1 1 0 1 1 0 0 0 1 0 0 1 0 0 0 1 0 1 0 
0 1 1 1 0 0 0 1 1 0 1 1 0 0 1 1 1 1 1 1 1 1 1 0 0 1 1 0 1 0 0 1 1 1 0 1 0 1 0 1 0 0 0 1 0 0 0 
1 1 1 0 1 0 1 1 0 1 1 0 1 0 0 0 1 1 1 1 1 0 1 1 1 0 0 0 1 0 1 0 1 0 1 1 1 1 1 0 0 1 0 0 0 0 0 
1 0 0 1 0 0 0 0 0 0 0 1 1 1 1 1 0 0 0 1 0 0 1 1 0 1 0 1 0 0 1 0 1 0 1 1 0 1 1 0 0 0 1 1 0 0 0 
0 1 1 1 1 0 0 1 1 1 1 1 1 0 1 1 1 0 0 1 1 0 1 0 1 1 1 1 1 1 0 0 0 1 0 0 1 0 0 1 1 0 0 1 0 0 0 
0 0 1 1 1 1 0 1 0 1 1 0 1 1 0 0 1 1 0 0 0 1 0 0 0 0 0 1 0 1 0 1 0 1 1 1 1 1 0 0 1 0 0 0 1 1 1 
1 1 1 0 0 0 1 0 1 0 0 1 1 0 0 1 1 0 1 0 0 0 0 0 0 0 1 1 1 1 1 1 1 0 1 0 1 0 0 1 1 0 1 1 0 0 1 
0 0 1 0 0 1 1 0 1 0 0 0 0 0 1 1 1 1 1 1 1 0 0 0 1 0 1 0 0 0 1 1 0 1 0 0 1 0 0 0 1 0 1 1 1 0 0 
1 1 1 0 1 1 0 0 0 0 0 1 1 1 0 0 0 0 1 1 1 0 0 0 1 0 1 0 0 1 0 0 1 1 0 1 1 0 0 0 1 1 0 1 0 0 0 
1 1 1 1 0 1 0 0 1 1 1 1 1 1 1 1 1 0 1 0 1 1 0 0 0 1 0 0 0 1 1 1 0 0 0 0 0 0 1 1 0 0 1 1 0 0 1 
1 0 0 0 0 0 1 0 1 0 0 0 0 0 1 1 1 1 0 0 0 0 0 1 0 0 1 0 0 0 1 1 0 0 0 1 1 1 1 0 1 0 1 1 0 1 0 
1 0 0 1 0 0 1 1 0 0 1 1 0 0 1 1 0 1 1 1 0 0 1 0 0 1 0 1 1 1 1 0 1 0 1 1 0 0 1 0 1 0 1 0 0 0 1 
0 0 0 0 1 1 0 0 0 1 1 1 0 1 0 1 0 1 1 0 0 0 1 0 1 0 0 1 1 0 0 0 0 1 0 0 0 0 0 1 1 0 1 0 1 1 0 
1 0 1 0 1 0 0 1 0 0 1 1 0 0 0 1 1 1 1 0 1 1 0 1 1 1 1 1 0 0 1 0 1 0 0 0 0 0 1 1 1 1 1 1 1 1 0 
1 1 1 1 1 0 1 1 1 1 0 0 0 1 1 0 0 0 0 1 0 1 1 0 0 1 0 0 0 1 0 1 1 0 0 0 0 0 0 1 1 1 0 0 0 1 0 
0 0 1 0 1 0 0 1 1 0 0 1 1 1 0 1 1 0 1 0 0 0 1 1 1 0 1 1 1 1 1 1 1 1 0 1 1 1 1 1 0 0 0 0 0 1 0 
0 0 1 1 1 1 0 1 0 0 1 0 1 1 1 0 0 0 1 1 0 1 0 1 1 1 0 1 0 1 0 0 1 0 1 0 1 1 0 1 1 0 1 1 1 0 1 
1 0 1 1 1 1 1 0 1 1 1 1 0 1 1 0 1 1 1 0 1 1 1 1 0 0 1 1 0 1 1 1 0 1 1 0 1 1 0 0 0 1 0 1 0 1 0 
0 0 0 0 1 0 1 1 0 1 1 1 0 0 0 1 1 0 0 0 1 0 0 1 0 0 1 0 1 0 0 1 0 1 1 0 0 0 1 1 0 1 0 0 1 0 1 
0 1 0 0 0 1 1 0 0 1 1 1 0 0 0 0 0 1 0 1 0 1 0 1 1 0 0 1 0 0 0 0 0 0 0 1 0 0 0 1 1 1 0 0 1 1 0 
1 1 0 1 0 0 1 0 1 1 1 0 1 1 0 1 1 1 0 1 1 0 1 1 1 1 0 0 0 1 1 1 1 1 0 0 0 0 1 1 1 0 0 0 0 1 1 
0 1 0 0 1 0 1 0 1 0 0 1 1 0 0 0 0 0 0 0 1 0 1 0 0 1 1 0 1 0 0 1 1 0 1 0 0 0 1 0 1 1 0 1 0 1 1 
1 0 0 0 1 1 1 1 1 1 0 1 1 1 1 0 1 1 1 0 1 1 0 0 1 0 0 0 1 0 1 0 0 0 0 0 0 1 1 0 0 0 0 0 0 1 1 
0 0 1 0 0 0 0 0 1 0 0 0 0 0 1 0 1 0 0 0 1 1 0 1 1 1 0 1 0 1 0 0 1 0 1 0 0 0 1 0 0 0 1 0 0 0 0 
1 0 1 0 1 0 1 0 1 0 1 1 1 1 0 0 0 1 0 1 1 0 0 0 1 1 1 1 0 1 1 0 1 0 0 1 0 1 1 0 1 0 0 1 0 0 0 
0 0 0 0 0 1 0 1 0 1 1 1 0 0 1 0 1 0 0 0 0 0 0 0 0 1 1 1 0 0 0 0 1 1 1 1 1 0 1 0 0 0 1 1 0 0 1 
1 0 1 0 1 1 0 1 1 1 1 1 1 1 1 1 0 1 1 0 1 1 0 1 1 0 0 0 1 1 0 1 1 1 0 0 0 0 0 0 1 0 1 1 0 0 1 
1 1 0 1 1 1 1 0 0 1 1 0 0 0 1 1 1 1 1 1 0 1 0 1 0 1 1 1 1 0 0 0 0 1 1 1 0 0 1 0 0 1 0 0 1 1 0 
1 0 0 1 0 1 1 1 0 1 0 1 1 0 0 0 1 1 1 1 1 0 0 1 1 0 0 1 0 1 1 1 0 0 1 1 1 1 0 1 1 1 1 0 0 0 0 
1 0 1 1 1 1 0 1 0 0 1 1 1 1 0 1 1 0 1 0 0 0 0 1 0 1 0 0 1 0 1 1 1 1 0 0 0 1 0 0 1 1 1 1 0 1 1 
0 1 1 0 0 1 1 1 1 1 0 1 0 1 1 0 0 0 0 0 1 0 0 0 1 0 0 0 1 1 0 1 1 1 1 0 1 0 0 1 1 1 0 0 0 0 1 
1 0 1 1 1 1 1 0 0 1 0 1 0 1 1 0 1 1 1 0 1 0 1 0 0 0 0 0 1 1 1 0 0 0 1 0 1 1 0 0 1 1 0 0 0 0 0 
1 0 0 0 0 1 1 0 1 0 0 0 0 1 0 1 0 0 1 1 1 1 1 0 1 0 0 0 0 0 0 1 0 0 1 1 1 0 1 1 0 0 0 1 1 1 0 
0 1 1 0 1 1 0 0 1 1 1 1 0 1 0 1 1 0 1 1 0 0 0 1 0 0 0 0 0 1 1 0 1 0 1 0 0 0 0 0 0 0 0 1 1 0 1 
0 0 1 1 1 0 1 0 1 1 0 0 1 1 1 1 0 1 1 1 1 1 0 1 1 0 0 1 1 0 1 1 0 0 0 1 0 0 1 1 0 0 1 0 1 0 1 
0 1 0 0 1 0 0 1 0 0 1 1 1 0 0 1 1 1 0 1 0 1 1 1 1 0 1 1 1 1 0 1 0 0 0 1 0 1 1 1 1 0 0 0 0 0 0 
0 0 1 1 0 0 1 1 1 0 0 1 1 0 0 0 1 1 0 0 0 0 0 1 0 0 1 0 1 0 0 0 1 1 1 0 1 1 0 0 1 0 0 1 0 1 0 
0 1 0 0 1 1 1 0 1 0 0 1 1 1 0 1 0 0 0 1 0 0 0 1 1 0 0 1 0 0 0 0 0 0 1 1 0 0 0 0 0 1 1 1 1 0 1 
0 1 0 1 0 1 1 1 0 1 1 1 0 0 0 1 0 1 1 0 0 0 1 1 0 0 0 1 1 1 1 1 0 0 1 0 0 1 0 0 1 1 0 1 0 0 0 
1 1 1 0 0 0 1 0 0 0 1 1 1 0 0 0 0 0 0 0 1 1 1 0 1 1 1 0 0 0 0 0 0 1 0 0 1 0 1 0 0 1 1 1 0 0 1 
1 0 1 1 1 0 1 0 1 1 1 0 1 0 0 1 0 0 1 0 1 1 0 1 1 0 1 1 1 0 1 1 1 1 0 1 0 1 0 0 1 1 1 0 1 0 1 
0 1 0 0 0 1 1 1 0 1 1 1 0 1 1 0 0 0 1 1 0 1 0 1 0 0 1 1 0 0 0 1 1 1 1 1 1 0 0 0 0 0 0 0 1 1 1 
0 0 1 0 1 0 0 1 1 1 0 1 0 1 0 0 1 1 1 1 1 1 0 0 0 0 0 0 1 1 0 1 1 0 0 0 0 1 1 1 1 1 1 1 0 1 1 
1 1 0 0 0 0 1 0 1 0 1 1 0 1 0 1 1 1 1 0 1 0 0 0 1 1 1 1 0 0 1 0 1 0 1 0 1 1 0 0 1 1 1 1 1 1 0 
0 1 1 1 1 1 0 0 0 0 0 0 1 1 0 1 1 1 1 1 1 0 0 0 1 1 0 0 1 0 0 1 0 0 1 1 1 1 1 0 1 0 1 0 0 1 0 
0 1 0 1 0 1 1 0 0 0 1 1 1 1 1 0 1 1 0 0 0 1 0 1 0 1 1 1 0 0 1 0 1 1 1 1 1 0 0 1 0 1 1 1 0 1 0 
0 1 1 0 1 0 0 0 1 1 0 0 1 0 0 0 0 0 1 0 1 1 1 0 0 1 0 0 1 1 1 1 1 0 0 0 1 0 0 1 1 1 0 1 1 1 0 
1 1 0 1 1 0 0 1 0 0 0 1 0 0 0 1 1 0 0 0 0 1 1 0 0 0 1 1 0 0 0 0 1 0 0 0 0 1 0 0 0 1 1 0 0 1 0 
1 1 0 0 1 1 0 1 0 1 0 0 1 0 0 1 0 1 1 0 1 1 1 0 1 0 0 1 1 1 1 1 1 1 0 1 1 1 1 0 1 0 0 0 0 0 0 
1 1 1 1 1 0 0 1 0 0 0 1 0 0 0 1 0 1 1 1 1 1 1 0 1 1 1 1 0 1 0 0 0 1 1 0 0 0 1 0 0 1 1 1 1 0 1 
0 0 1 1 0 1 1 1 0 1 1 1 0 0 0 0 1 1 1 0 0 1 1 1 1 0 0 1 0 1 1 1 0 0 0 0 0 1 0 1 0 1 0 1 0 1 0 
0 0 1 0 0 0 0 1 1 1 1 1 0 1 0 1 1 0 0 0 0 1 0 1 0 1 0 0 1 1 0 0 0 0 0 0 1 1 0 0 1 1 1 0 1 1 1 
0 1 0 0 0 1 0 1 0 0 0 0 0 1 0 1 0 1 0 1 0 0 1 0 0 1 1 1 0 1 1 1 0 1 0 0 1 0 0 0 1 1 0 1 0 1 0 
1 0 0 0 1 1 1 1 1 1 0 0 0 1 0 0 0 1 0 1 0 0 0 0 0 1 0 0 0 1 0 0 1 1 1 1 0 0 1 1 0 1 0 1 1 0 0 
0 1 1 0 0 0 0 1 1 0 1 1 0 0 1 1 1 1 0 0 0 1 0 0 1 1 0 1 1 0 0 0 0 1 1 0 1 0 1 1 1 0 1 0 1 1 0 
0 0 0 1 0 0 1 1 0 0 0 1 0 1 1 1 0 0 0 1 0 1 0 0 0 1 0 0 0 1 0 0 1 0 0 1 1 0 0 0 0 0 0 0 1 0 0 
1 0 1 1 0 0 0 0 1 0 1 1 0 1 1 0 1 0 0 0 0 1 1 1 1 0 1 0 0 0 1 1 0 0 1 0 1 1 1 1 1 1 0 0 1 0 1 
1 1 0 1 1 0 1 0 1 0 0 1 0 0 0 0 0 0 1 1 0 0 1 0 0 0 1 0 0 1 1 0 0 0 1 1 1 1 1 0 0 1 1 1 1 0 1 
0 0 0 0 0 0 1 0 0 0 1 0 0 0 0 0 1 1 1 1 1 1 1 1 0 0 0 1 1 0 0 0 0 0 0 1 0 0 1 0 0 1 1 0 1 0 0 
0 0 1 0 1 0 0 0 0 0 0 1 0 0 1 1 1 1 1 0 0 0 1 1 0 1 1 0 1 0 0 1 1 0 1 1 0 1 0 1 0 1 1 0 1 0 1 
1 0 0 1 0 1 0 0 1 1 0 1 1 1 0 1 0 0 1 1 0 0 1 1 0 0 0 0 1 0 0 1 1 0 0 0 0 1 1 1 0 1 1 0 0 0 1 
0 1 1 0 0 1 1 1 1 0 0 0 1 1 0 1 1 1 1 0 1 0 0 1 0 0 0 1 0 0 1 0 1 1 0 1 1 0 1 0 0 0 0 0 0 0 1 
0 1 0 1 1 1 0 0 1 0 1 0 0 0 1 1 1 1 1 0 1 0 1 0 1 0 0 1 1 1 1 1 0 0 0 1 0 1 0 0 0 0 1 0 1 1 0 
1 1 1 1 1 1 0 0 0 1 1 0 1 0 0 1 1 1 1 1 1 1 0 0 1 1 1 0 1 0 1 0 1 0 1 1 1 0 0 1 1 0 1 0 1 1 1 
0 1 0 1 1 1 1 0 1 1 1 0 0 0 0 1 0 1 1 0 0 1 1 0 1 1 1 0 0 1 1 0 0 0 1 0 1 0 1 1 1 0 0 1 1 0 0 
0 1 0 1 1 1 1 0 1 0 0 1 0 1 1 0 1 0 0 1 1 1 1 0 0 1 1 1 0 1 0 0 0 1 0 0 0 0 1 0 1 0 0 1 1 0 0 
1 0 0 1 0 1 0 0 1 0 0 0 0 0 1 1 1 0 1 1 1 0 0 0 0 1 1 0 0 1 1 0 0 0 1 0 1 0 1 1 1 1 1 1 0 0 1 
0 1 1 0 0 0 0 1 1 1 0 1 1 0 1 1 1 1 0 1 1 1 1 0 1 1 0 1 0 1 0 1 0 1 1 0 1 0 0 1 0 1 0 0 1 0 0 
0 0 0 1 1 0 1 0 0 0 1 0 0 0 0 1 1 1 1 0 0 1 1 0 0 1 0 0 0 0 0 1 0 1 0 1 1 0 0 0 0 0 0 1 1 0 0 
0 1 1 0 1 0 0 0 1 0 0 0 0 0 1 1 0 1 0 1 0 1 0 0 0 1 1 0 1 1 0 1 1 1 1 1 1 0 0 0 0 1 1 1 1 0 0 
1 1 0 0 1 1 1 1 0 0 0 0 1 1 0 0 0 1 1 1 1 1 1 0 0 0 1 1 0 0 0 1 1 1 1 1 0 1 1 1 1 0 1 1 0 0 1 
0 1 1 0 1 1 0 1 0 1 1 1 1 1 1 0 0 0 1 1 0 1 1 0 0 0 1 1 0 0 1 0 1 1 1 0 0 1 0 1 1 1 1 1 1 1 1 
0 0 1 1 0 1 0 1 0 0 0 1 0 1 1 1 1 1 0 1 1 0 0 1 1 1 1 0 0 1 0 1 0 0 1 0 1 0 1 0 0 1 0 0 0 0 1 
0 0 0 1 0 1 0 0 0 0 0 0 0 1 0 0 1 0 0 0 1 0 0 0 1 1 1 1 0 1 0 1 0 0 1 1 1 0 0 0 0 0 1 1 1 0 0 
234 47
294 18
153 40
90 39
292 24
65 8
70 2
305 32
292 4
314 29
183 37
2 2
87 11
46 42
72 17
162 31
217 23
83 42
196 10
33 27
80 22
154 10
75 41
16 15
200 41
206 16
133 25
292 9
307 8
97 17
136 42
346 26
129 28
10 25
293 18
277 39
306 35
18 39
317 23
52 41
329 15
68 46
86 39
318 29
302 8
294 6
1 21
181 12
16 7
18 35
141 23
235 31
310 37
107 24
245 9
81 17
174 5
315 8
329 40
86 27
296 21
18 29
114 35
225 41
309 6
270 39
312 14
35 45
344 46
172 40
215 13
255 32
81 14
96 18
197 11
69 2
246 24
116 1
301 22
302 42
127 6
83 16
344 33
245 39
145 8
291 37
32 8
113 26
313 16
151 47
107 38
324 27
239 22
154 12
257 44
107 20
332 5
103 17
259 1
56 33
122 28
293 37
184 45
258 22
283 14
297 6
319 45
131 41
218 18
317 3
135 18
140 35
189 19
316 16
105 18
5 19
8 17
200 38
346 37
181 27
192 31
156 16
280 4
324 44
279 4
118 25
303 1
97 16
285 42
228 12
268 45
295 22
197 16
149 32
92 46
47 5
109 30
257 32
341 26
155 13
339 47
92 30
234 1
51 16
221 26
165 37
312 45
125 2
304 7
227 13
313 33
216 29
312 26
101 31
254 4
178 24
125 35
213 12
104 17
346 14
178 21
26 24
308 36
109 29
12 41
310 14
114 34
121 26
135 11
143 25
336 15
93 27
294 43
198 28
110 37
27 11
111 13
200 28
259 4
202 10
234 26
331 17
263 12
134 11
113 14
97 9
202 4
17 4
109 40
193 20
311 23
94 1
221 44
236 24
64 34
20 1
29 4
299 31
166 7
189 7
254 27
44 21
262 29
311 11
241 33
17 11
155 30
53 6
122 42
253 22
53 40
217 26
94 14
195 39
338 43
265 7
343 27
202 1
112 5
286 44
47 5
346 24
179 34
157 31
2 32
48 13
174 39
90 2
52 35
145 5
182 45
212 11
91 42
243 40
66 35
106 38
34 37
129 20
346 9
261 32
301 7
248 8
3 22
245 14
278 7
308 42
197 35
210 20
148 2
112 2
207 14
17 30
303 39
11 28
61 40
18 42
211 26
11 41
209 40
141 44
126 34
242 47
252 6
233 9
18 43
327 4
161 47
238 32
67 40
110 40
277 21
68 19
242 40
222 3
266 21
143 44
126 11
216 12
23 19
173 46
4 25
100 31
314 42
130 38
5 46
238 15
166 24
331 41
6 28
265 33
179 33
159 14
34 38
256 46
30 26
218 33
334 38
101 5
17 46
190 1
162 41
242 39
317 12
52 35
339 13
266 41
47 39
175 14
321 26
295 37
219 5
34 13
217 22
243 9
33 41
130 39
330 37
164 7
210 8
24 11
130 13
230 8
122 15
269 37
148 35
30 20
340 40
196 2
344 13
85 33
199 4
82 19
340 7
196 11
178 8
338 30
118 45
331 32
114 12
90 39
165 14
198 8
223 1
128 9
317 10
137 17
40 7
61 45
338 13
305 27
72 2
275 36
111 28
345 8
324 25
35 1
47 14
186 38
207 45
287 14
26 21
110 47
30 6
34 37
41 17
335 1
186 28
343 12
120 41
321 38
244 2
26 23
324 14
207 41
30 3
279 4
128 28
286 26
193 26
103 37
121 15
59 29
129 9
294 46
110 44
88 9
178 35
234 10
43 24
240 42
208 18
248 22
213 31
254 32
129 18
255 4
122 46
184 46
283 20
151 42
319 41
235 12
329 44
4 33
193 23
176 5
340 3
158 22
124 17
80 9
53 6
147 12
173 22
341 12
169 21
218 24
119 40
342 35
192 34
266 46
326 47
240 30
211 24
208 34
247 44
303 40
198 32
322 46
141 4
71 23
285 24
208 36
171 30
113 4
251 43
171 17
49 5
9 25
209 1
322 32
136 37
160 15
27 4
337 47
151 17
192 11
34 4
225 13
240 14
13 2
203 5
211 25
265 19
322 33
223 44
147 12
306 16
67 3
112 19
61 10
109 11
251 22
194 41
13 12
334 12
342 44
204 19
334 29
115 1
130 26
136 5
279 46
276 11
15 45
256 29
112 3
221 14
202 16
74 9
68 4
300 21
200 39
257 44
174 44
109 28
65 7
173 29
156 45
284 20
269 43
313 23
173 26
250 34
314 1
295 26
241 28
233 31
93 15
157 45
283 19
115 9
123 30
95 13
196 4
50 7
297 41
153 23
248 15
296 18
328 37
187 28
197 23
67 1
236 17
221 25
331 7
109 43
57 21
246 15
144 34
52 9
169 11
68 19
189 45
185 26
292 34
265 28
178 32
125 32
333 46
64 7
209 24
146 33
82 5
185 19
16 24
303 24
181 20
140 37
19 19
3 17
93 9
199 37
328 20
1 13
68 30
292 37
114 43
43 20
315 3
112 12
275 44
38 13
153 5
297 43
148 28
9 37
294 18
124 3
64 20
31 2
243 18
9 1
64 29
311 3
73 29
165 4
307 38
42 26
77 8
66 44
170 23
100 7
91 27
268 14
115 24
72 2
270 16
213 19
40 7
132 21
220 24
123 39
346 39
2 33
267 44
307 3
309 23
189 1
220 32
9 9
113 6
84 37
127 29
311 13
102 3
315 45
166 2
323 39
300 24
83 44
240 21
94 8
76 37
343 43
69 16
239 15
310 14
66 38
258 14
279 4
93 40
161 14
77 34
60 33
144 32
289 21
124 30
153 3
101 28
277 14
189 31
329 11
286 47
307 17
149 18
170 12
300 19
265 43
126 20
299 25
271 21
15 46
327 37
16 38
146 8
93 3
229 9
246 47
334 2
107 36
334 42
45 47
58 47
342 2
109 21
109 10
292 45
267 32
108 25
326 3
94 46
117 22
74 27
127 6
5 10
190 32
66 20
269 13
256 43
21 25
68 44
118 25
298 8
301 20
195 19
285 39
314 33
176 12
80 26
84 45
251 28
326 24
162 7
265 27
210 1
248 33
272 43
162 31
92 36
99 25
112 12
180 27
279 43
90 37
12 2
277 38
6 18
346 28
285 13
83 27
182 42
204 45
148 12
69 41
92 37
212 22
64 23
148 1
228 28
248 45
331 22
157 27
292 41
92 11
107 40
305 2
65 45
146 28
279 13
187 3
233 11
24 4
4 25
23 26
259 41
110 27
68 30
84 33
179 13
173 35
119 36
336 31
263 30
31 38
331 39
148 9
219 32
185 19
328 6
59 39
175 14
211 43
65 36
216 36
211 4
93 5
142 8
132 2
66 4
240 10
311 46
58 21
21 1
306 25
56 20
220 19
327 23
162 21
294 14
308 43
211 1
159 18
327 2
164 42
141 17
36 27
118 28
188 7
158 27
338 15
126 28
235 41
310 10
42 47
169 3
148 43
343 10
169 18
77 10
294 47
290 28
238 34
185 11
131 40
78 6
197 28
278 6
343 46
83 8
174 39
8 25
65 35
212 11
38 19
89 44
65 28
110 21
103 11
163 7
261 31
269 7
44 6
223 12
334 37
230 6
147 28
320 1
170 8
170 27
290 43
50 18
344 25
144 33
235 5
103 13
67 12
165 27
152 31
40 20
255 7
138 43
26 4
295 31
309 39
108 28
108 33
112 39
198 10
207 9
26 6
302 11
277 38
73 20
43 27
56 31
112 32
46 16
282 9
309 40
190 22
51 7
214 44
215 34
316 6
67 21
217 8
29 26
193 36
315 11
243 17
270 36
10 25
94 29
197 1
62 38
292 46
316 20
291 38
217 11
123 37
82 44
216 1
202 2
132 16
254 7
92 41
248 12
131 24
108 9
190 22
107 17
77 40
66 26
27 38
237 27
62 15
197 23
24 11
269 42
192 17
343 33
67 43
15 30
137 39
57 28
191 47
20 32
128 26
139 17
296 4
205 26
206 12
102 29
38 45
86 10
295 31
121 32
153 15
157 19
117 44
96 15
132 3
138 28
158 14
24 35
242 40
72 31
207 20
220 23
316 31
168 27
96 35
265 13
189 45
34 19
331 17
219 10
238 44
65 13
204 43
290 37
52 42
244 35
241 31
119 44
120 41
250 21
267 35
293 32
113 29
108 5
172 12
263 20
48 1
164 41
186 8
254 18
210 18
201 13
214 37
51 21
200 2
282 31
116 24
216 39
18 34
154 23
201 6
237 26
216 27
242 15
267 16
126 1
252 27
293 15
32 7
337 34
219 10
228 22
85 35
104 17
221 41
93 39
51 15
263 9
93 39
22 39
292 5
139 6
13 19
118 18
93 6
302 21
136 2
213 25
64 42
230 10
341 26
241 11
102 41
267 36
182 24
99 44
334 34
201 31
14 32
259 32
280 32
184 14
328 3
239 22
320 34
121 25
287 8
225 16
145 44
324 12
204 29
31 3
98 35
291 8
13 4
54 9
283 4
272 31
307 33
49 2
5 14
297 43
216 13
101 14
307 3
280 8
48 22
89 37
191 10
292 21
269 45
241 47
16 32
232 7
37 23
308 28
213 19
15 21
320 45
225 14
33 5
195 29
300 13
147 10
287 31
185 46
261 38
125 27
33 28
229 12
189 47
163 30
113 41
30 32
135 1
295 7
94 44
142 5
174 40
60 43
301 10
15 28
332 38
84 3
342 47
141 40
161 32
178 40
217 2
259 8
159 38
259 42
92 37
231 12
164 13
50 14
105 28
98 6
295 14
200 36
284 37
171 24
233 41
130 35
92 35
255 28
211 36
182 20
317 11
232 43
213 39
27 4
175 26
74 23
81 47
268 7
166 13
46 3
159 27
121 9
314 17
45 27
253 10
281 22
235 26
250 38
52 32
338 45
276 14
279 13
265 13
67 40
159 34
34 38
91 31
155 23
208 45
6 9
150 40
241 44
314 27
193 4
225 30
49 31
256 29
27 8
144 11
258 11
20 23
126 10
66 30
122 47
181 1
306 2
329 8
333 46
343 39
305 15
19 31
216 15
344 40
32 1
96 31
102 45
280 43
62 30
294 20
122 8
40 37
105 14
84 17
217 3
141 36
165 31
126 28
79 20
177 40
64 18
199 31
22 24
216 36
303 43
3 41
336 28
252 2
177 5
323 11
288 20
131 44
225 12
238 44
66 40
149 36
59 1
15 37
41 34
203 45
144 26
331 21
98 33
47 31
220 15
110 31
245 25
145 6
105 46
316 7
152 17
166 36
325 7
285 40
227 20
28 11
284 1
319 1
324 16
100 36
252 35
319 35
28 10
225 27
148 12
216 37
9 8
239 16
193 12
190 17
345 38
335 8
303 8
34 4
287 33
104 10
163 10
327 2
268 15
320 18
16 15
16 15
300 37
286 17
207 40
284 7
204 31
30 11
248 9
168 39
248 44
308 39
10 28
280 17
252 47
89 3
288 31
276 28
242 32
87 30
39 34
64 18
304 40
268 44
38 26
108 32
168 25
221 38
118 33
65 10
305 36
339 39
170 20
105 21
237 16
222 31
174 35
3 26
101 26
25 4
5 21
15 41
248 47
301 12
240 33
94 4
149 36
1 21
284 38
226 14
180 15
321 5
344 21
52 22
295 34
110 24
142 35
125 4
125 24
289 9
204 13
172 18
112 40
202 5
296 30
189 30
304 27
139 12
336 1
283 41
49 32
316 31
201 24
186 9
109 27
146 8
327 22
19 24
21 1
344 35
252 21
179 35
230 14
330 13
27 17
72 44
8 31
151 44
341 42
143 9
344 24
127 23
239 22
89 3
141 31
304 9
129 29
244 23
202 15
314 2
312 11
54 40
89 22
272 6
324 34
222 27
42 7
59 28
108 38
55 9
78 41
333 44
119 16
284 2
272 31
212 8
291 4
60 13
131 1
94 4
80 4
162 42
232 17
97 42
98 2
166 13
18 44
310 38
73 4
183 13
250 34
181 26
242 21
34 5
36 39
273 11
88 1
194 20
258 2
118 2
182 28
152 44
218 16
85 28
192 28
4 38
78 18
148 43
196 10
63 29
68 10
319 44
238 47
21 3
16 14
196 32
151 31
150 22
121 40
142 47
61 21
152 6
310 3
39 45
60 44
103 5
274 36
292 9
12 3
290 44
98 20
268 4
95 46
46 23
300 16
312 37
122 18
128 22
46 9
289 22
81 12
135 45
314 21
30 36
272 42
210 5
250 13
161 2
216 2
124 44
181 16
161 20
50 24
316 46
333 43
230 19
339 12
330 32
329 46
83 27
264 7
173 17
314 17
140 46
304 38
293 7
257 27
139 37
47 11
206 35
118 6
155 10
323 9
133 43
323 16
242 45
57 41
338 39
213 26
334 32
30 6
179 37
33 12
1 27
287 21
85 35
179 5
210 4
126 41
209 27
80 18
118 32
332 36
174 4
47 14
197 33
254 32
141 22
304 8
176 18
194 46
146 46
217 33
284 32
87 33
143 29
266 30
275 15
48 32
182 7
254 41
334 37
313 41
310 38
306 32
106 29
59 9
274 21
179 5
20 37
144 21
319 37
168 44
76 16
296 36
162 27
192 16
341 21
280 18
103 31
65 47
298 14
321 15
253 15
222 25
285 26
6 14
277 42
175 21
76 28
105 7
266 22
243 11
178 26
3 21
291 26
217 11
172 14
120 25
153 5
113 5
278 40
50 5
40 5
184 31
251 10
264 1
35 32
1 18
213 27
345 9
49 47
165 29
257 21
305 45
281 14
65 1
200 39
89 16
18 29
190 19
291 35
101 42
147 18
296 30
85 17
64 22
83 21
102 14
299 10
73 21
42 19
340 37
167 14
13 25
263 27
43 26
1 31
159 26
122 20
82 37
40 3
276 36
288 5
226 20
309 6
180 7
69 11
15 42
163 37
127 22
122 39
186 26
141 21
169 9
17 13
143 32
195 42
189 11
55 38
337 41
212 16
165 29
337 47
297 6
330 38
78 17
173 8
176 29
345 13
83 47
28 38
227 8
278 13
129 20
105 1
190 4
241 33
344 46
270 6
216 34
136 6
228 17
136 6
63 10
161 16
127 37
41 22
181 35
132 21
100 37
202 29
333 12
302 16
115 33
19 9
42 23
248 32
172 45
118 27
199 40
95 22
308 1
279 38
154 43
161 42
229 7
202 3
175 43
113 38
289 32
225 32
244 27
10 10
29 15
168 44
341 17
70 22
109 28
260 13
291 22
37 35
229 3
47 43
318 8
148 11
216 2
327 18
202 40
69 12
41 46
25 20
147 44
74 9
287 31
235 20
198 14
341 41
134 15
316 28
272 11
104 38
67 47
344 40
292 37
142 47
184 34
308 9
124 17
57 23
82 32
97 19
27 42
77 3
299 21
83 47
245 12
289 45
59 12
302 39
93 15
49 20
54 4
161 3
44 9
128 43
338 12
241 24
344 40
325 11
303 11
300 3
275 32
256 26
213 14
82 30
75 39
331 9
75 43
233 9
187 33
29 16
336 6
9 13
148 5
200 11
229 9
99 24
3 47
75 40
204 31
340 27
183 43
165 13
298 25
141 28
156 14
287 15
345 28
227 5
300 45
237 44
295 25
16 39
296 35
36 4
279 7
208 27
52 5
279 15
212 13
336 29
60 33
306 31
244 29
148 17
189 36
83 2
271 28
235 46
105 30
53 9
116 23
181 30
180 34
48 9
7 9
339 2
190 25
85 43
193 38
338 43
37 15
238 44
329 20
45 34
57 21
304 30
7 44
49 1
307 13
337 5
140 45
15 8
43 33
270 26
69 41
326 26
197 13
209 11
113 6
242 13
85 16
233 9
228 46
206 13
56 31
193 25
276 13
218 44
35 17
244 12
134 29
104 43
122 41
155 13
123 28
147 43
13 37
295 6
227 44
153 27
304 40
265 8
283 19
315 46
88 43
89 39
55 41
299 26
69 7
312 28
176 46
149 9
44 30
213 20
165 1
25 43
107 18
193 15
91 26
139 2
116 12
5 2
92 2
144 37
167 6
11 37
251 5
284 14
228 17
317 37
39 39
99 44
271 1
9 19
338 28
75 1
319 12
271 36
110 14
225 5
149 14
206 15
176 11
8 17
182 8
263 34
240 20
48 5
18 12
169 13
253 31
131 35
180 35
315 5
280 22
195 1
163 7
249 19
25 22
323 43
294 10
94 19
70 34
4 47
329 13
168 37
214 13
177 31
197 9
294 31
174 35
272 18
241 10
84 40
224 32
217 20
282 30
233 15
71 39
316 17
33 43
338 34
198 13
247 14
152 22
161 40
66 43
138 32
285 45
36 23
59 32
324 3
140 14
205 46
140 45
253 20
165 14
306 45
37 7
190 39
53 19
52 24
326 40
37 2
233 25
317 40
303 14
202 32
139 33
218 10
332 10
39 15
2 14
83 29
158 2
266 35
132 38
143 8
135 32
128 33
241 7
193 2
296 2
120 36
74 31
216 24
163 24
302 34
251 20
17 36
215 14
271 21
43 41
182 5
319 26
213 3
225 8
131 28
275 21
265 31
171 17
100 35
259 42
38 11
20 8
342 9
220 24
343 32
276 7
151 46
58 2
344 10
50 28
168 27
239 32
336 42
191 7
91 24
104 11
3 18
6 29
199 20
288 37
319 28
248 24
7 33
191 46
119 20
252 36
66 37
109 32
215 25
37 4
122 10
67 20
13 16
112 38
52 39
250 12
42 11
263 3
16 12
45 41
186 39
97 26
184 46
55 6
153 22
5 23
333 47
230 1
4 9
71 10
86 5
171 44
249 41
56 9
302 25
131 47
112 18
286 12
101 8
146 19
256 35
69 15
148 37
169 40
226 31
276 20
30 5
243 32
148 47
335 15
227 2
159 1
59 46
178 7
242 24
87 39
38 43
274 44
28 11
90 31
291 11
70 27
275 15
180 13
54 36
108 27
26 31
42 40
222 19
203 37
147 27
78 23
343 19
87 41
83 15
183 19
20 24
70 44
301 14
15 16
63 8
283 8
345 43
226 41
165 43
275 27
151 17
334 13
39 14
41 7
105 16
257 17
339 3
57 2
300 9
52 43
228 12
294 21
210 3
67 40
338 35
110 14
201 40
247 23
202 37
302 46
319 9
253 43
188 2
283 11
326 38
17 45
124 15
51 14
183 39
317 24
217 21
253 6
155 6
278 27
227 46
43 14
138 15
261 36
127 39
191 24
71 39
231 2
184 37
313 40
298 1
244 22
163 29
203 3
252 29
173 33
58 11
235 5
211 46
159 8
128 28
179 29
248 46
254 4
26 19
66 30
206 23
61 18
125 37
27 16
257 43
66 4
146 45
125 44
36 29
200 13
64 25
48 20
255 5
109 25
183 11
62 40
267 47
124 36
140 20
197 39
198 43
279 20
126 7
138 19
305 40
140 10
205 1
312 5
300 28
341 41
138 28
261 38
314 3
264 28
329 5
145 15
205 44
58 45
328 14
141 14
331 44
264 46
54 28
114 40
315 9
34 3
138 25
74 1
176 3
279 33
251 24
23 31
196 35
200 35
242 33
309 45
303 18
154 27
93 2
5 28
57 8
147 42
218 14
189 23
328 34
257 22
62 12
34 46
328 17
221 42
272 39
269 5
132 27
269 21
207 47
116 20
188 40
127 7
77 23
76 40
75 6
279 44
107 46
260 33
232 28
280 34
118 21
113 38
95 10
83 9
224 30
259 44
226 28
157 11
143 46
32 47
280 27
168 21
79 32
71 30
47 3
6 24
267 20
19 46
122 36
171 44
98 10
13 22
71 4
133 8
71 11
331 32
71 43
171 26
21 5
339 19
136 16
16 10
250 1
308 9
63 30
163 3
273 15
171 9
269 37
115 10
69 11
341 46
296 12
121 37
194 6
239 11
137 13
74 32
284 2
172 37
37 5
144 40
210 9
319 4
333 39
85 3
280 38
123 6
180 10
282 38
126 10
123 43
323 23
222 13
62 25
175 10
202 43
248 23
327 27
241 10
140 27
148 23
71 43
25 26
98 11
20 21
291 27
310 10
339 38
116 10
92 46
133 47
241 9
89 40
134 45
216 35
318 24
132 32
5 19
295 2
198 7
284 25
226 33
244 31
209 34
253 43
155 26
111 42
256 10
155 47
156 32
188 36
252 2
92 11
10 41
231 25
126 10
317 8
228 37
207 7
4 3
105 36
97 25
240 13
10 2
142 3
342 28
215 33
317 1
15 28
208 9
113 26
9 30
109 8
139 30
172 3
183 17
166 20
75 20
261 14
30 36
207 21
149 30
180 22
342 47
213 39
130 26
119 7
120 14
31 21
296 10
179 1
209 9
262 37
299 45
25 15
212 27
2 33
270 17
284 41
110 11
341 4
338 1
226 31
152 20
315 30
115 41
314 32
87 4
43 3
2 25
139 20
192 14
2 26
53 37
174 4
127 25
204 47
146 39
265 44
19 32
88 34
108 11
258 23
89 43
195 33
230 37
96 1
187 1
188 3
16 40
336 17
14 17
56 44
65 47
146 14
117 43
284 46
172 36
159 19
281 37
288 44
275 6
278 47
330 21
292 16
158 22
258 36
46 24
163 23
195 43
315 43
165 47
116 35
69 30
187 47
241 13
61 40
178 30
248 46
143 10
259 15
226 45
44 27
63 35
95 38
272 18
300 14
243 7
281 46
197 37
33 34
198 43
158 28
117 22
223 39
248 39
202 9
46 22
323 14
53 7
234 18
143 44
66 31
157 43
8 25
33 1
104 22
141 39
152 18
345 37
114 1
331 20
203 6
178 24
282 4
304 46
190 3
31 1
315 38
166 3
80 10
320 27
154 1
313 26
185 16
165 35
177 22
332 10
310 30
219 43
244 22
320 47
187 33
94 10
15 10
195 24
264 11
304 10
329 12
123 11
68 31
293 24
18 12
6 16
103 41
48 40
329 28
111 18
221 36
175 46
254 4
119 1
194 2
301 38
125 15
278 19
31 39
192 45
328 12
152 30
169 30
220 6
252 30
235 15
110 19
248 22
86 12
177 7
23 7
309 8
225 2
153 25
274 32
4 25
211 46
191 29
220 6
281 45
325 4
322 31
41 23
272 9
99 26
14 17
317 20
66 6
168 29
121 5
25 2
196 37
247 10
145 4
343 9
208 5
154 37
3 26
68 8
38 15
128 22
29 23
278 15
185 27
31 39
217 47
22 4
183 23
125 40
96 27
94 47
207 23
289 11
113 38
119 46
163 32
306 39
33 33
119 34
220 12
87 25
39 32
128 15
98 9
272 31
229 26
340 16
269 26
180 28
202 13
47 33
207 37
310 39
44 24
169 3
251 19
106 43
330 15
275 11
316 35
312 24
245 42
182 3
320 7
315 33
274 22
65 24
61 5
164 28
137 19
336 11
296 7
102 5
108 4
171 16
93 27
216 43
98 18
31 34
317 36
186 1
192 10
262 28
339 8
283 31
147 10
296 17
251 16
38 47
82 24
333 22
114 43
102 16
23 11
17 40
144 23
115 6
226 39
320 10
241 1
4 5
133 9
41 12
98 47
61 4
129 46
139 46
294 23
119 20
270 46
3 5
17 2
339 13
211 3
244 9
174 15
326 26
83 30
102 40
198 47
19 24
28 18
193 33
319 7
103 27
50 23
224 25
272 34
84 9
256 8
327 26
290 12
8 45
322 22
213 15
22 7
183 6
295 3
29 25
337 26
227 21
266 39
11 29
214 13
101 18
142 30
322 4
344 15
156 23
175 8
123 25
239 19
74 5
221 5
308 21
270 21
45 32
75 3
120 5
180 46
160 46
328 26
73 2
159 5
346 31
157 25
284 23
120 4
164 8
50 6
74 17
18 43
141 18
115 27
221 3
79 30
255 39
304 35
211 18
131 2
40 8
322 17
158 8
136 4
117 10
264 25
247 37
332 19
24 4
283 5
185 25
242 17
203 19
101 1
149 44
61 6
1 6
224 15
3 23
231 29
251 34
85 36
4 40
305 20
255 31
12 25
181 18
23 32
230 41
64 44
167 42
29 7
123 32
296 44
271 43
128 21
250 40
47 32
36 35
12 8
167 42
42 33
13 35
162 35
168 1
267 43
183 3
161 15
163 30
50 16
118 28
45 21
48 36
3 21
181 12
22 5
88 45
191 35
161 6
55 2
256 35
56 24
246 15
276 29
245 34
30 4
89 37
293 35
154 22
9 30
233 23
259 17
143 15
82 12
250 32
206 14
93 9
101 5
10 12
241 37
275 34
77 23
23 46
18 36
120 31
238 19
161 42
124 15
28 40
292 12
25 12
273 43
103 7
196 28
319 47
110 3
123 29
32 15
346 23
167 32
119 25
214 38
343 23
149 25
257 44
120 23
71 38
110 9
80 10
11 9
212 6
343 1
57 21
95 38
140 35
36 5
280 33
295 45
163 44
188 13
31 9
302 47
178 20
219 37
168 9
312 34
128 34
199 29
324 35
306 2
156 34
54 25
80 42
99 27
133 2
267 18
167 42
25 32
220 22
250 3
3 14
254 23
60 20
158 45
297 8
291 27
51 41
254 36
236 28
1 41
149 18
265 47
307 37
165 3
110 19
94 12
293 15
129 32
152 20
177 41
121 11
175 9
257 15
332 12
106 47
264 46
298 36
318 29
165 3
89 31
153 5
190 38
327 37
68 19
241 42
25 10
17 22
211 37
210 14
285 43
54 10
139 34
171 15
225 2
315 12
143 44
254 18
48 11
11 8
179 10
15 45
122 23
172 47
337 22
231 28
170 40
220 7
296 46
47 29
283 8
15 24
110 35
309 35
223 19
211 16
212 13
244 7
203 8
2 31
81 20
145 18
53 28
16 44
58 24
296 36
108 39
228 30
2 11
267 8
137 20
150 40
137 4
345 3
279 22
336 40
309 17
206 14
314 7
156 31
138 44
97 42
336 13
277 19
128 46
13 30
81 37
54 44
201 37
249 37
319 13
197 23
154 37
205 38
130 33
27 12
20 16
30 13
141 12
174 15
182 30
298 39
340 20
67 23
109 38
181 38
182 25
203 47
218 35
345 45
319 16
124 21
118 5
88 36
233 19
345 27
303 14
270 8
277 47
82 39
318 38
120 40
213 20
175 19
113 8
123 25
180 24
43 13
300 35
182 4
228 21
126 8
155 10
335 3
309 38
232 10
310 5
166 39
275 30
15 28
331 45
336 5
171 18
109 13
322 36
161 35
250 9
138 31
102 42
250 32
238 35
13 40
285 25
301 10
302 47
85 34
321 42
153 22
25 20
179 28
134 14
34 44
192 25
92 7
114 38
329 40
29 44
93 25
338 11
160 9
344 15
291 30
120 7
337 22
241 38
45 18
124 42
310 36
114 43
331 24
52 6
202 33
113 43
84 38
211 35
188 45
226 38
268 22
306 12
173 28
294 34
327 23
134 15
123 21
250 24
35 10
169 33
44 22
302 6
124 6
40 25
137 29
341 11
83 37
66 41
127 20
328 46
296 21
117 38
206 24
57 38
21 1
343 12
177 21
286 33
4 36
116 18
105 40
332 16
216 28
183 43
150 36
18 32
140 40
218 16
107 19
40 3
249 44
152 45
180 18
178 32
280 45
190 18
297 3
54 17
331 24
304 4
98 26
130 3
143 28
39 42
142 16
109 26
301 11
122 32
281 35
336 26
195 12
42 7
178 4
158 31
77 28
62 19
73 8
334 6
71 25
210 12
131 25
71 17
163 21
116 30
269 34
183 23
15 9
247 9
118 21
343 2
309 16
269 17
99 40
320 16
43 23
48 46
304 36
15 18
215 20
254 29
155 37
74 4
108 7
18 31
287 35
4 11
23 2
202 21
255 9
232 27
262 16
286 21
109 21
186 32
17 37
199 26
246 14
18 5
275 14
120 38
307 16
14 13
200 25
119 10
149 46
147 30
324 9
249 32
229 27
213 17
24 3
1 18
314 19
49 19
161 22
57 16
233 44
124 25
193 32
126 12
329 26
40 15
228 24
9 22
79 29
138 6
63 27
76 27
331 46
115 7
85 25
241 12
293 37
20 12
132 6
100 15
171 17
237 5
150 11
186 28
204 36
292 4
190 20
235 33
140 4
300 17
298 16
267 15
123 27
136 39
323 36
49 43
124 7
184 37
261 7
132 29
254 27
284 46
332 7
192 36
106 45
299 41
233 3
329 1
213 38
4 33
330 31
315 23
172 5
214 6
325 20
248 33
264 44
267 27
8 29
23 12
27 33
45 7
327 42
47 9
293 15
147 20
274 1
318 13
234 2
163 34
159 24
69 32
204 15
142 4
138 13
30 33
336 9
313 34
127 46
4 28
123 29
211 46
199 39
148 23
18 2
345 45
185 34
75 26
151 17
207 31
134 43
59 28
234 35
234 38
256 30
203 8
62 16
98 8
310 10
261 27
152 16
104 4
224 27
262 13
320 5
69 18
329 29
42 21
113 1
127 42
40 45
325 35
249 19
255 31
214 43
164 14
215 14
246 8
11 45
249 47
115 24
254 18
109 28
94 36
96 27
54 28
30 2
120 46
34 23
243 10
329 18
141 35
209 46
333 3
228 37
29 15
3 4
297 20
73 42
41 26
159 41
286 1
134 41
185 45
335 17
294 35
256 34
279 7
283 20
93 4
18 6
141 44
165 31
260 1
97 42
28 2
241 2
216 10
85 10
165 22
135 40
277 19
204 21
168 19
73 28
326 24
245 36
1 37
83 43
253 14
222 9
167 24
285 34
190 16
134 31
234 30
133 9
258 11
190 5
257 2
62 7
74 3
210 16
87 29
205 25
8 13
72 37
287 34
176 1
92 3
330 44
67 42
154 4
19 29
306 41
13 21
9 5
216 30
144 1
115 17
249 38
319 11
222 47
195 45
211 19
36 38
336 19
54 30
114 31
214 20
217 14
266 43
24 45
153 19
268 37
180 4
174 13
3 30
103 19
286 20
309 33
100 41
238 46
262 39
260 30
329 5
33 40
265 5
315 14
27 41
179 30
298 32
1 24
113 41
161 34
321 45
40 45
331 34
262 23
109 45
147 2
68 39
309 4
149 4
277 33
250 16
81 6
295 43
272 24
94 39
344 45
173 15
273 40
163 26
290 43
271 32
90 7
213 28
134 24
20 19
160 31
37 4
46 1
201 42
323 16
66 44
136 26
157 2
70 17
160 15
167 12
55 23
32 29
5 1
282 17
48 11
119 7
273 15
107 21
210 36
236 23
147 24
304 26
224 45
263 8
169 17
155 21
217 3
208 10
142 18
87 47
263 40
37 46
10 23
207 5
129 35
54 44
197 16
22 8
339 45
186 16
220 18
253 30
46 6
77 40
41 35
133 45
37 35
119 26
118 18
28 8
76 19
33 2
325 6
50 43
87 7
201 33
99 44
343 4
97 19
147 9
305 44
101 26
213 18
183 32
269 16
175 4
146 1
225 17
183 41
70 47
193 18
233 28
151 41
220 27
128 11
135 18
287 26
178 46
298 5
125 10
213 22
205 17
7 29
112 19
62 45
123 46
159 37
332 41
73 16
295 42
181 47
246 9
221 36
74 39
320 46
40 16
55 22
76 45
340 9
135 28
331 39
241 3
214 12
342 19
174 45
230 42
143 21
81 12
27 32
204 19
334 40
304 20
308 46
245 19
88 43
68 42
162 40
301 38
160 11
107 19
44 18
120 41
187 37
159 7
88 7
244 31
106 13
21 18
176 3
225 45
322 11
160 36
343 23
23 46
225 9
206 33
224 9
267 32
346 7
18 34
263 33
153 5
83 39
26 2
132 45
335 35
284 33
175 2
43 13
199 4
137 15
87 22
77 24
67 22
53 34
190 22
227 21
119 12
315 28
263 13
224 35
88 44
1 20
328 13
91 2
21 15
62 21
146 25
185 40
88 4
276 15
29 41
122 29
267 13
146 21
342 10
122 15
264 16
38 13
94 12
278 13
107 39
120 42
124 35
145 8
128 29
93 44
319 38
209 3
115 10
337 3
272 19
275 38
136 12
60 24
201 24
175 46
177 35
182 9
120 41
246 12
236 38
31 26
180 13
282 36
118 30
36 34
20 2
170 15
226 8
205 42
67 37
85 26
342 7
65 33
10 11
161 5
25 16
30 11
3 28
243 4
325 29
54 45
50 18
317 18
192 27
126 35
334 46
276 25
276 28
325 42
6 19
107 43
39 21
182 38
211 41
128 13
186 32
37 29
168 43
236 6
132 44
123 26
148 26
205 36
99 8
241 27
250 24
341 39
286 12
149 4
266 29
10 21
97 16
42 26
157 38
27 36
249 2
64 8
226 17
213 35
133 21
1 29
267 34
218 33
175 45
201 12
1 33
101 4
306 3
88 11
271 41
129 20
304 23
273 21
311 10
236 13
55 9
252 8
150 41
218 33
59 31
129 7
20 11
305 19
69 3
259 9
197 45
80 29
153 34
250 8
33 47
293 43
288 14
17 35
268 21
219 13
96 12
33 12
257 37
168 9
132 23
206 43
96 27
146 7
155 43
303 25
80 39
152 4
69 43
122 22
76 14
336 16
346 43
125 4
32 37
117 32
154 39
41 42
103 42
88 12
268 42
4 18
183 43
8 33
119 39
113 42
194 12
126 16
273 20
137 7
224 5
222 29
288 10
137 45
180 1
203 33
258 23
335 8
93 33
2 25
273 12
345 7
29 39
77 21
40 47
112 12
104 43
45 10
145 10
88 45
172 10
33 1
336 10
201 6
335 34
11 5
314 33
149 36
152 7
272 41
159 21
7 11
261 17
181 31
129 46
97 34
292 28
248 34
24 28
66 34
220 22
154 45
180 46
55 26
176 20
286 33
248 12
341 46
264 46
70 19
105 30
84 35
186 30
72 12
131 19
204 4
27 6
140 8
102 43
314 33
279 39
128 40
273 29
206 42
306 10
333 47
80 2
131 8
123 42
4 24
328 40
263 37
60 24
311 15
270 16
94 32
23 38
46 19
208 1
47 10
12 13
343 27
23 18
184 27
199 39
336 14
137 36
149 13
155 5
8 9
173 6
122 31
185 43
28 45
170 46
276 4
175 47
53 30
192 39
304 17
287 45
158 21
129 13
80 19
325 6
296 31
252 35
289 23
233 28
4 44
231 46
126 34
172 19
239 29
254 43
114 4
128 42
242 47
309 9
210 7
289 35
95 45
157 17
245 14
17 4
120 22
90 35
261 36
270 21
312 13
57 33
146 35
230 4
56 6
346 35
307 27
10 17
164 29
129 4
148 17
27 35
314 31
137 18
98 46
104 34
161 14
166 34
193 28
193 11
114 1
145 42
90 12
326 15
121 2
173 6
189 3
119 19
120 14
160 20
217 8
320 17
117 41
33 23
266 23
239 6
12 39
175 40
335 1
108 3
236 36
157 32
284 10
252 28
40 45
138 31
234 10
193 12
141 37
2 8
39 45
314 47
175 1
165 35
237 19
129 22
16 44
250 10
109 16
257 22
73 19
44 12
18 29
211 41
230 26
7 13
31 37
334 28
316 6
35 36
192 25
192 4
158 27
335 43
124 24
205 42
125 22
19 33
158 3
75 7
191 6
220 33
332 21
247 35
294 41
25 38
197 31
237 43
45 1
76 31
12 5
279 32
54 4
249 15
247 45
63 22
88 42
262 28
292 4
134 7
170 3
6 17
293 24
297 29
91 15
55 28
180 15
122 27
167 4
76 32
322 31
295 37
119 27
106 4
168 3
111 20
291 19
102 18
110 45
227 3
201 29
243 41
180 30
260 36
304 14
154 44
343 15
121 12
267 22
31 28
65 17
312 27
310 34
51 11
121 27
67 26
136 16
168 28
24 44
147 24
319 33
246 23
59 30
165 24
174 6
109 24
340 31
345 5
296 24
327 22
44 42
42 24
251 21
212 43
48 15
304 32
344 18
266 46
319 16
298 38
11 39
209 8
169 21
88 7
262 13
215 43
274 10
338 38
280 20
325 10
294 1
299 24
238 29
175 12
228 45
250 39
301 1
151 28
335 40
294 14
99 43
282 19
201 24
115 2
265 2
112 19
314 29
178 22
60 30
265 42
297 4
79 45
5 40
133 4
263 20
254 13
15 3
327 35
320 8
48 34
342 33
58 28
199 45
57 27
147 43
6 24
111 21
226 44
188 45
28 5
285 39
166 26
306 24
95 2
104 29
144 34
156 46
238 22
190 36
316 19
213 41
319 10
202 31
48 47
239 20
84 10
193 5
340 13
9 17
234 24
265 15
220 10
310 33
163 41
193 43
82 4
263 31
77 6
180 43
228 13
25 38
90 28
11 38
194 30
196 22
224 13
305 22
136 2
125 3
200 29
96 9
14 22
111 38
8 37
136 32
252 16
160 10
254 3
138 3
141 21
214 47
58 8
105 43
97 17
322 43
295 41
69 22
172 3
222 4
168 47
340 39
197 30
174 8
257 23
67 19
288 26
14 5
1 19
128 21
302 27
36 44
67 40
344 28
223 36
85 34
267 30
40 16
76 39
63 21
288 28
320 35
80 17
198 4
309 47
279 8
57 14
64 34
25 23
252 21
6 35
151 40
338 8
252 33
143 38
345 17
219 28
92 28
158 1
108 13
237 41
184 46
180 9
279 35
57 10
110 36
175 19
241 46
221 2
219 9
321 23
344 30
118 19
244 47
154 25
122 28
22 30
153 15
293 7
53 36
328 28
298 10
233 26
74 43
56 8
109 9
222 45
245 41
208 22
96 8
35 32
73 2
338 27
69 41
67 4
305 38
192 14
76 19
89 27
343 34
292 15
40 33
235 19
134 44
96 40
245 36
216 12
218 15
322 2
116 15
223 45
22 7
182 45
143 12
229 46
157 8
341 12
165 37
116 44
73 8
256 39
34 12
79 8
109 16
308 8
336 35
18 39
269 7
185 16
100 10
223 43
86 6
258 19
264 7
104 4
114 43
121 43
287 39
9 32
63 41
154 22
310 45
329 1
171 4
193 39
153 19
45 10
45 40
215 21
139 17
155 21
70 32
144 10
27 26
93 14
55 4
303 39
203 46
84 39
267 38
230 23
215 23
325 35
170 43
144 15
207 35
277 31
33 40
188 29
111 34
107 38
137 25
295 38
171 27
111 21
113 45
323 1
240 21
234 46
241 23
82 44
63 15
202 9
60 47
38 22
315 25
295 13
163 15
256 3
71 40
154 43
93 6
21 44
294 22
157 19
134 8
274 12
66 32
165 45
96 32
339 22
173 13
209 5
90 6
224 5
300 7
329 45
121 29
26 28
9 35
311 40
173 27
190 39
345 42
176 1
34 41
338 38
261 26
195 28
6 24
41 5
115 44
319 12
279 1
109 32
338 41
165 36
79 2
130 32
16 40
29 38
306 11
109 5
180 19
190 14
7 33
295 21
311 24
113 26
345 28
226 25
329 42
282 47
56 24
147 15
194 30
74 4
25 37
181 7
67 15
97 2
191 24
107 22
325 27
31 10
66 23
240 6
346 4
133 15
321 33
326 19
164 16
32 23
142 20
230 31
272 9
298 31
212 21
192 15
104 13
158 20
282 11
331 12
87 31
17 10
85 20
75 4
338 5
282 25
332 31
249 6
39 8
270 11
127 32
340 10
271 7
126 15
54 15
105 38
179 4
130 41
250 9
113 42
312 37
9 20
293 17
334 36
286 9
339 1
114 45
43 25
76 27
251 46
331 42
123 18
89 44
225 7
289 16
121 33
42 29
243 11
232 30
147 24
175 13
39 13
302 3
214 13
80 46
5 20
50 37
173 40
102 40
203 13
12 11
255 9
325 4
217 8
232 35
144 16
201 34
308 22
109 13
321 3
272 36
244 18
106 14
163 27
76 33
214 21
25 15
241 39
281 18
164 32
234 28
278 23
212 40
129 21
326 37
10 15
333 19
190 9
192 20
68 12
168 38
171 16
242 39
296 24
245 6
119 17
160 43
225 45
233 23
37 17
73 44
230 28
31 16
122 25
206 31
256 6
52 47
190 22
231 40
201 36
26 3
40 42
37 33
56 38
80 3
30 14
272 17
82 5
38 36
182 42
43 43
170 6
34 34
158 37
243 37
79 36
148 10
50 27
113 15
224 30
40 1
216 30
336 15
340 21
151 30
209 18
274 14
215 1
245 13
328 47
184 43
93 13
280 46
7 34
6 39
217 6
300 4
33 28
149 23
14 16
270 23
154 18
50 37
32 1
36 34
209 11
112 31
280 3
269 37
235 21
19 7
13 23
95 36
173 16
247 1
242 13
89 23
76 17
52 24
207 45
169 40
338 12
17 17
169 8
271 11
64 7
282 8
326 42
173 1
130 21
192 5
25 5
277 24
316 15
156 29
342 23
51 8
95 18
170 29
312 29
233 29
106 15
73 18
132 12
256 8
285 44
334 31
126 11
149 30
86 2
97 11
29 7
259 24
187 16
119 16
309 46
231 18
8 7
84 28
217 20
287 13
313 12
61 36
311 22
307 18
308 25
12 15
19 21
273 10
107 14
71 37
251 2
314 7
40 1
257 1
199 1
158 5
88 17
204 9
270 45
189 40
118 33
10 10
102 18
144 38
295 41
44 37
10 33
26 24
41 35
94 44
39 31
162 29
242 14
125 25
124 22
294 23
46 46
38 40
51 19
284 12
19 26
89 40
179 22
166 7
86 12
116 14
65 21
271 20
290 5
277 34
51 26
49 39
319 22
320 1
322 26
293 7
335 44
54 46
246 27
103 24
60 28
209 36
227 22
216 19
248 33
264 27
102 32
122 15
188 33
183 14
274 35
8 11
301 23
288 46
41 26
272 25
28 1
232 45
315 22
345 13
58 35
159 3
77 28
152 3
181 2
125 45
60 37
339 22
231 9
243 41
99 12
123 9
134 39
254 11
54 36
206 34
125 31
33 27
149 31
297 10
312 23
24 4
267 8
200 31
58 42
310 7
106 10
27 34
134 38
171 6
26 7
302 9
90 46
343 41
219 34
13 30
318 25
112 29
133 37
245 46
219 17
163 16
334 44
60 11
93 5
6 6
309 40
96 10
53 23
85 7
331 45
343 37
197 15
247 46
273 4
186 43
131 38
249 44
248 9
2 11
337 12
252 19
170 14
45 13
226 19
208 11
67 39
300 9
258 34
173 33
251 44
327 46
210 19
45 35
243 42
332 12
21 36
341 5
211 18
60 42
144 42
159 47
193 9
337 1
330 25
1 44
14 22
240 47
247 45
249 45
262 7
285 21
43 5
176 20
25 12
5 41
47 35
99 10
271 26
112 5
7 29
317 41
346 41
133 22
338 47
46 2
135 7
92 46
278 38
329 8
45 3
45 18
42 38
270 19
200 19
329 29
336 38
96 31
329 30
73 27
103 47
132 26
76 18
86 31
18 16
64 26
43 7
309 19
109 19
257 4
160 3
153 35
302 24
221 44
337 32
103 33
1 29
311 4
189 7
217 8
205 36
170 34
206 39
317 21
121 7
312 31
249 18
253 30
329 2
237 23
315 46
289 24
198 4
105 28
81 6
81 15
117 18
202 3
327 22
328 34
164 36
141 36
16 18
273 36
266 6
33 46
304 32
97 44
263 24
294 18
143 41
331 22
94 14
243 36
11 13
44 32
161 17
111 29
8 44
129 14
38 44
51 11
270 13
124 22
196 10
57 20
340 19
61 13
239 33
43 10
143 15
250 31
211 30
105 8
229 10
280 13
57 12
199 38
18 30
104 36
11 10
230 17
313 19
33 17
41 24
253 47
152 18
140 43
155 38
130 43
143 13
249 47
123 18
198 9
299 12
253 12
252 45
135 5
108 26
233 40
262 44
25 44
72 5
254 25
20 7
123 22
220 1
264 5
330 28
30 25
229 22
187 10
300 39
301 23
257 5
46 16
265 20
65 38
69 7
106 11
216 47
88 27
259 43
108 45
117 34
152 41
131 11
116 38
61 4
229 30
43 41
104 13
54 34
100 10
98 13
285 42
224 15
114 24
148 35
28 9
51 27
179 21
156 39
37 43
241 43
87 2
2 41
123 20
219 40
125 32
32 33
239 26
50 12
15 22
328 27
264 5
102 5
332 31
281 22
241 34
18 36
298 9
228 5
302 17
222 31
298 24
182 1
167 6
302 16
291 17
111 36
221 43
172 21
47 47
307 8
7 39
50 39
56 1
53 25
179 39
133 3
177 18
197 22
302 6
72 38
84 32
296 12
100 28
344 40
210 11
304 11
33 18
94 4
265 22
295 41
180 23
322 25
165 42
17 16
253 12
214 10
327 42
71 20
212 7
286 19
225 37
151 13
288 17
170 35
198 7
75 7
80 35
71 46
115 41
60 23
122 23
44 12
118 39
21 7
254 25
126 39
244 16
253 2
82 27
153 45
23 39
57 25
172 20
7 32
196 37
79 2
251 12
88 41
158 5
207 3
66 17
139 1
214 22
129 11
116 21
127 39
184 13
170 10
255 46
214 45
37 16
230 19
31 5
126 43
88 12
184 17
331 23
66 10
168 47
171 32
207 39
51 26
219 15
264 31
125 10
95 28
126 18
29 21
96 10
200 25
276 3
140 25
49 3
60 25
10 4
10 24
164 9
248 29
34 38
25 3
170 16
252 38
234 3
322 30
182 3
120 27
120 20
105 18
156 30
38 39
71 11
217 11
299 3
264 9
306 11
24 27
186 25
266 18
61 27
107 38
30 24
254 27
89 6
298 20
102 46
181 12
312 14
55 3
128 13
300 37
154 4
124 34
121 11
27 9
175 18
303 22
276 1
44 30
329 1
81 9
33 29
237 47
321 19
18 37
66 32
125 26
59 11
31 14
169 31
55 34
1 36
36 21
276 37
231 14
296 23
339 37
72 19
156 35
231 4
136 42
220 36
6 37
67 17
100 17
303 6
260 45
185 7
4 14
123 44
213 22
45 18
10 6
328 46
287 33
102 4
330 35
64 39
214 1
237 2
59 35
2 38
165 32
90 37
65 8
89 14
280 24
191 42
292 26
213 23
181 27
70 18
94 17
6 42
297 12
46 3
210 43
207 41
97 19
90 5
274 12
248 4
124 29
337 22
119 9
78 37
193 41
122 39
72 12
336 37
293 44
173 29
192 3
325 5
337 30
78 33
24 1
174 38
282 43
157 13
297 16
84 34
132 21
195 41
154 12
229 28
129 39
12 5
206 13
126 10
273 15
180 31
326 28
260 44
186 46
175 41
188 35
37 34
219 38
71 43
194 3
126 32
30 12
302 33
228 27
339 46
213 24
298 15
20 46
18 8
334 25
311 11
216 19
317 30
338 32
299 46
235 22
227 4
279 29
293 25
238 45
335 40
326 23
270 13
180 1
163 16
336 34
145 43
193 21
72 46
231 44
12 4
133 39
103 21
9 21
158 14
148 27
256 30
100 19
239 3
75 38
18 36
151 28
346 28
299 25
55 15
307 4
280 26
15 38
252 12
59 41
2 29
169 44
10 37
310 38
190 41
116 40
70 24
268 34
103 37
346 9
47 21
42 23
227 12
16 20
168 3
67 36
249 13
167 17
241 25
322 11
329 26
136 28
164 6
26 12
237 35
241 42
139 47
228 12
160 39
261 33
109 16
85 9
332 36
265 28
49 36
152 44
96 16
12 24
120 36
41 35
20 5
225 36
23 13
82 47
307 19
215 4
339 31
235 38
223 12
91 15
120 15
220 2
228 23
275 17
323 21
35 32
185 14
259 42
74 14
291 34
10 31
267 29
315 43
63 30
26 31
159 17
121 16
166 28
195 18
227 3
327 39
132 28
30 5
56 2
337 11
247 45
322 4
28 34
182 45
132 23
136 36
47 10
121 18
152 18
337 11
112 38
77 18
201 45
159 18
193 38
256 43
238 9
282 26
77 12
228 12
118 27
171 20
248 34
120 11
93 45
321 23
151 34
201 32
316 13
93 46
186 12
96 7
254 44
81 24
79 36
233 33
190 16
10 6
338 17
14 4
55 3
318 17
147 47
25 22
300 2
265 33
321 30
24 38
338 47
171 7
23 1
13 4
125 41
335 15
212 7
310 33
135 43
127 13
313 17
112 2
106 16
341 37
76 27
252 16
254 21
61 43
38 8
28 42
228 23
209 39
62 34
268 33
252 26
5 36
118 6
156 27
305 38
143 20
331 38
320 19
324 5
207 26
38 6
311 24
270 22
117 47
127 16
77 26
102 13
293 46
76 32
269 39
282 1
209 5
338 26
198 25
244 22
269 5
344 13
112 11
76 26
62 36
16 2
106 5
142 4
10 46
260 17
38 37
96 30
322 19
76 7
11 29
215 39
334 6
218 5
18 18
81 1
93 30
199 23
70 31
46 7
152 34
246 42
245 9
140 27
207 33
330 12
102 37
280 14
95 22
64 44
237 32
188 25
330 42
30 11
113 30
18 8
171 26
64 2
62 11
281 23
12 21
123 20
303 22
101 7
331 39
62 22
215 2
74 19
38 41
283 2
26 40
151 33
329 34
217 44
98 15
90 21
77 8
50 13
118 39
138 1
46 22
244 6
257 40
13 40
342 7
97 32
240 30
293 4
185 40
246 19
214 25
266 17
21 28
87 2
8 45
131 3
115 25
266 38
255 29
9 1
114 32
148 23
332 47
138 23
344 16
131 21
151 20
319 45
105 33
308 6
100 1
343 36
293 21
148 12
128 1
245 9
123 33
282 12
7 8
80 23
239 21
325 14
15 36
128 35
328 40
14 37
160 39
80 5
51 43
260 9
199 37
43 4
96 21
215 21
289 7
49 47
115 12
55 15
326 6
217 23
4 15
224 3
203 35
276 43
295 13
204 34
96 35
205 45
104 2
262 40
218 11
103 5
258 46
327 6
145 38
292 29
156 6
271 2
129 18
153 37
317 33
186 4
172 1
316 31
292 43
223 42
251 40
330 3
145 37
94 20
62 35
116 11
5 3
267 41
194 16
323 24
220 44
130 17
146 16
236 12
85 14
99 40
311 25
14 46
234 24
336 17
157 6
3 41
246 30
148 33
20 21
169 29
249 8
84 16
141 24
303 45
327 35
104 44
287 5
70 15
153 47
310 21
101 6
70 15
143 47
12 2
310 26
203 44
311 28
9 26
114 2
159 41
41 34
130 44
52 36
22 30
183 2
193 8
138 44
177 37
11 14
136 35
107 22
244 29
167 33
41 23
157 5
181 42
338 20
85 17
158 31
327 35
266 41
324 18
249 30
182 18
269 4
163 14
127 1
105 40
188 45
285 31
190 25
202 38
54 32
111 3
232 18
62 21
88 46
61 28
175 37
68 46
94 5
204 32
6 32
104 12
12 45
341 20
229 46
340 5
152 34
246 47
267 11
343 36
246 2
20 47
344 25
285 23
242 34
146 36
17 47
104 34
140 42
64 35
31 37
321 10
346 20
175 5
314 26
263 26
77 1
177 22
208 30
193 1
72 4
244 38
197 40
186 34
155 21
265 27
310 17
190 3
227 31
338 12
281 7
102 15
322 19
121 24
94 11
289 36
23 35
190 13
307 35
38 21
15 7
4 2
128 24
31 25
326 12
317 14
25 41
250 42
260 47
189 12
211 3
136 25
211 31
317 7
98 8
147 18
65 17
14 27
20 45
196 31
172 21
80 28
182 9
169 18
188 10
295 6
281 2
110 24
60 45
200 31
117 34
277 1
87 30
270 28
326 42
149 8
196 12
75 17
132 20
24 11
276 20
145 17
202 46
170 46
153 21
154 16
138 29
183 41
234 20
60 24
177 21
76 23
303 42
256 6
221 34
26 9
320 4
45 30
14 19
4 1
329 2
80 35
316 10
334 24
218 9
249 32
274 13
21 8
94 2
162 34
190 8
267 2
254 8
313 27
333 40
336 9
24 13
41 16
64 17
21 37
137 6
203 28
79 10
3 34
192 11
7 11
202 28
12 47
141 8
238 32
254 22
176 47
4 46
104 47
145 12
110 10
228 18
327 20
103 19
314 13
216 45
104 42
334 38
131 38
140 43
5 5
28 36
302 41
231 12
88 25
298 32
296 30
118 38
41 26
289 14
325 5
27 17
47 1
142 21
132 23
49 13
89 37
219 24
85 11
189 3
244 5
281 15
138 26
210 20
222 20
238 6
150 33
283 39
126 41
63 13
183 33
113 5
109 32
25 24
297 16
236 45
5 23
161 32
25 38
163 34
332 18
31 4
280 30
73 28
62 45
25 30
308 10
178 20
256 3
273 39
288 8
15 33
164 14
92 4
27 47
320 12
293 5
176 35
194 23
142 20
246 18
3 34
302 27
300 25
264 36
199 21
92 13
239 34
343 13
147 36
302 1
269 25
6 37
25 27
345 17
177 9
257 5
214 25
29 8
68 7
39 29
218 1
326 39
247 22
186 15
173 12
246 19
139 17
146 1
172 4
39 5
102 5
206 47
202 42
226 8
125 20
209 38
223 2
94 15
117 36
257 11
171 18
167 12
243 29
134 18
49 38
258 42
193 47
319 7
229 15
78 20
319 10
82 9
281 31
224 28
323 19
46 25
26 47
15 21
311 22
299 32
158 10
139 41
84 47
189 6
242 47
151 4
3 15
15 12
39 18
240 39
3 45
96 3
337 11
323 22
169 18
191 34
335 6
43 26
301 28
21 20
212 18
6 31
320 13
186 39
12 18
106 39
279 9
170 46
295 47
329 38
86 11
16 33
189 4
127 4
282 13
130 21
9 7
134 19
199 17
71 43
263 38
129 23
246 10
102 34
318 16
96 44
205 42
38 5
67 34
16 7
325 9
248 4
202 47
12 34
22 34
322 20
100 26
268 28
68 4
112 13
50 45
207 38
96 2
102 43
283 38
206 22
7 4
172 15
193 5
137 23
71 3
285 11
256 15
314 23
55 33
202 41
119 14
37 40
135 46
137 21
283 47
132 32
344 4
81 30
112 18
130 9
339 12
169 41
315 29
77 18
204 23
83 14
221 25
141 28
142 38
110 40
335 20
269 30
43 34
257 9
161 30
291 1
319 21
196 37
80 44
90 20
312 15
217 34
71 8
215 41
325 34
242 14
176 14
76 22
84 38
1 25
315 32
208 38
45 6
42 39
217 4
280 5
268 17
326 15
250 17
86 24
243 9
267 47
160 5
188 34
256 40
208 21
318 18
342 30
87 7
104 31
205 37
221 38
253 25
12 13
316 25
128 9
295 39
126 15
335 22
242 21
342 28
332 23
278 41
198 28
342 39
207 24
319 18
245 18
298 9
274 41
109 22
222 2
60 26
249 21
240 29
179 42
118 21
154 30
279 20
168 42
217 23
111 21
346 12
278 41
260 20
232 4
4 10
34 16
122 18
325 20
239 37
42 28
176 28
45 39
94 27
214 6
83 14
136 42
149 20
163 26
130 22
248 17
31 47
309 29
87 7
147 17
128 36
145 24
127 32
93 28
181 14
63 38
306 24
47 38
184 42
18 21
345 4
189 24
11 44
174 40
66 18
173 16
232 40
212 39
24 18
199 15
75 10
91 45
131 40
142 42
129 16
298 41
194 43
139 10
79 26
162 14
336 24
163 44
128 16
184 36
162 6
332 5
285 35
63 31
302 46
22 13
120 7
85 9
322 22
202 37
254 13
33 31
150 11
231 5
341 35
14 42
112 12
268 26
273 42
27 10
234 13
232 3
140 24
248 1
66 5
114 39
207 7
76 6
291 31
150 13
41 36
222 34
124 13
345 2
90 32
176 6
233 1
57 39
177 19
7 35
144 2
27 16
2 4
229 17
231 13
185 39
326 34
135 25
329 33
152 7
307 47
313 43
194 17
230 33
40 32
194 8
119 38
189 9
286 14
79 8
304 11
265 42
311 23
97 6
54 32
205 30
109 30
109 16
93 7
182 23
84 22
215 24
273 42
344 10
217 27
121 21
24 3
115 14
252 42
114 2
140 18
319 18
315 20
237 29
124 27
324 4
22 15
131 26
270 5
178 42
46 37
120 30
220 11
237 13
13 35
209 36
167 47
295 24
64 43
246 27
64 19
263 14
12 3
323 38
298 30
304 18
29 3
299 27
113 13
137 28
148 42
219 37
186 47
124 11
278 26
293 34
313 8
92 13
20 40
187 37
124 47
137 41
320 45
55 21
288 9
29 23
276 9
278 27
43 42
154 28
118 40
170 43
141 7
100 24
175 37
247 38
170 26
89 31
87 35
202 7
200 32
296 21
265 26
247 47
8 9
159 22
231 37
178 2
75 28
290 47
307 19
166 40
147 22
329 5
65 15
293 8
253 37
230 20
312 15
104 2
242 8
90 7
65 41
209 6
74 46
103 3
284 34
121 43
83 44
69 19
321 14
233 30
219 11
289 19
176 10
86 30
299 8
232 6
133 18
207 31
268 35
44 1
288 43
308 8
153 33
14 29
155 26
136 21
88 27
262 9
346 27
15 22
94 12
227 21
143 44
176 46
105 7
190 24
239 15
66 36
60 46
78 43
275 27
222 21
144 44
173 28
146 11
101 12
308 2
180 26
239 30
226 38
133 17
330 16
179 35
211 36
250 29
206 47
93 41
222 4
238 27
221 14
135 38
269 16
286 20
226 32
246 26
97 22
193 21
257 22
308 9
93 15
91 20
240 43
76 16
63 21
224 25
55 6
322 38
101 8
270 43
282 1
344 2
53 27
24 26
323 3
123 19
226 46
127 41
269 12
345 9
112 11
26 19
127 18
32 1
308 2
326 23
179 42
186 28
165 11
328 24
165 43
147 30
110 45
37 28
258 16
211 32
16 39
272 46
290 25
140 15
56 10
272 44
300 10
168 11
312 44
213 41
112 10
315 25
64 23
196 44
246 21
13 33
187 8
62 47
68 11
262 1
169 1
181 17
309 15
190 40
325 24
219 4
72 41
69 11
261 38
154 16
66 4
68 36
308 24
247 30
277 32
258 14
55 17
128 30
27 33
215 42
88 38
213 34
77 14
279 29
229 30
218 40
13 45
165 7
93 35
335 16
274 7
223 17
279 30
7 33
194 20
71 40
235 29
183 17
85 28
325 15
333 4
226 31
61 13
225 13
109 10
171 41
215 40
269 26
82 41
145 19
169 15
233 24
76 37
244 14
194 16
43 10
79 24
34 5
26 5
256 44
251 20
302 17
257 11
56 32
175 26
322 37
266 34
93 12
190 27
258 41
49 33
245 41
310 30
33 8
106 30
317 36
209 30
130 18
162 22
254 32
326 9
208 27
105 43
240 34
229 3
218 10
312 1
40 4
229 33
273 44
312 32
161 18
100 46
336 14
166 37
149 10
112 2
158 18
295 44
14 10
163 26
48 28
327 36
161 4
193 32
155 1
45 4
127 30
145 6
104 18
118 22
86 5
308 14
39 36
17 40
78 38
70 17
227 29
6 21
169 43
240 34
23 10
235 26
225 28
247 14
234 42
16 47
117 24
267 22
253 11
87 4
346 40
286 21
294 30
259 27
102 23
302 24
41 11
246 28
123 22
24 32
293 11
240 1
25 25
161 17
202 13
118 11
289 7
295 38
172 17
23 28
192 30
342 43
306 24
190 33
144 14
333 37
88 35
34 40
200 13
179 22
146 36
141 23
302 10
264 46
283 1
95 23
30 34
257 32
229 32
49 40
74 25
104 38
159 45
252 45
88 18
193 47
289 23
7 31
71 8
330 12
33 33
22 11
346 39
265 35
291 35
333 47
278 16
267 31
223 7
150 17
346 8
132 15
19 44
98 40
282 9
112 3
300 6
240 16
157 16
185 2
135 12
257 11
25 13
4 38
186 40
147 43
176 38
213 46
39 27
185 25
346 5
275 27
267 38
85 33
90 6
251 20
218 34
162 35
74 25
171 2
297 9
328 3
34 6
290 36
59 11
96 10
337 20
133 13
205 42
334 35
142 27
64 27
100 17
20 22
191 4
165 26
272 45
84 23
33 3
342 1
287 1
163 16
269 11
278 24
115 34
174 43
271 37
324 45
160 43
225 25
52 15
193 3
178 11
115 45
293 40
298 45
235 37
318 15
104 6
147 39
69 47
37 10
41 33
97 14
11 19
104 47
129 5
61 19
23 34
251 16
62 36
123 28
123 44
122 38
56 33
264 35
289 40
146 27
86 6
37 5
344 19
174 31
19 7
70 29
205 19
72 43
202 8
28 31
160 17
293 43
125 17
127 1
75 36
9 11
150 39
247 42
16 43
261 45
166 6
266 37
160 27
308 6
318 11
15 17
282 12
214 6
64 47
48 18
79 15
75 29
205 5
265 20
18 35
153 13
204 21
309 40
176 23
301 7
208 37
269 47
250 19
193 15
300 46
222 17
300 35
27 15
308 30
60 39
313 5
25 2
52 6
108 33
10 46
341 41
311 44
178 17
310 38
85 41
61 10
195 45
26 7
123 26
226 13
104 17
108 18
216 26
283 23
314 42
221 27
207 8
194 14
223 28
162 40
294 9
247 10
20 13
13 5
186 7
322 11
16 24
252 3
201 45
139 20
39 25
60 12
303 1
276 25
37 10
141 31
119 7
62 19
307 25
8 1
20 29
171 11
300 7
275 19
132 15
155 12
91 25
279 27
167 41
77 19
138 38
275 34
150 14
221 22
246 42
104 20
43 36
198 42
97 38
211 3
36 21
202 11
46 30
230 36
131 46
124 47
111 39
113 41
294 18
157 26
94 21
297 23
319 39
345 8
192 38
105 45
98 28
238 5
318 14
343 44
98 39
176 36
214 21
217 8
216 3
66 29
295 39
288 10
271 44
146 26
22 18
57 47
262 5
227 41
336 12
240 7
194 18
215 13
212 26
167 23
85 47
157 13
249 42
168 23
301 24
293 3
272 26
271 36
295 14
207 29
314 30
29 15
288 8
232 32
306 30
48 45
216 15
275 32
128 38
247 21
40 33
289 42
212 21
106 21
291 47
248 27
265 46
60 13
59 16
132 21
173 10
28 35
282 12
73 33
34 3
27 13
255 33
48 24
230 42
145 26
243 33
237 24
82 3
279 9
129 17
235 22
268 36
21 16
205 28
14 38
345 42
294 6
184 46
340 20
194 35
223 10
300 26
73 31
129 37
174 10
81 37
78 40
22 21
175 45
106 25
30 8
272 17
32 41
151 34
64 7
296 7
61 29
12 36
19 6
300 43
216 41
291 3
54 6
188 6
327 33
308 9
218 30
294 1
103 46
39 36
119 9
308 30
261 29
25 5
150 5
321 15
116 45
295 19
29 5
104 13
62 37
192 38
89 32
23 35
314 44
79 44
127 33
326 32
177 31
142 7
258 37
187 40
174 31
28 29
225 33
220 9
31 18
171 14
289 41
26 9
237 18
5 42
296 13
302 18
10 18
57 46
119 46
83 23
318 41
37 29
99 1
169 44
304 19
27 12
111 25
36 37
206 46
296 21
204 37
329 47
11 27
150 7
122 9
19 28
11 31
166 20
227 46
344 46
148 20
36 4
23 45
249 16
167 40
317 32
42 8
12 45
169 12
331 8
218 34
151 38
37 7
33 14
6 17
101 16
188 1
103 41
289 19
321 20
77 8
11 3
87 22
282 14
158 46
51 27
16 15
186 46
37 9
18 3
296 36
260 26
12 18
59 34
306 2
106 42
77 6
10 36
22 40
143 26
232 24
65 21
92 9
321 28
303 29
265 42
49 30
186 36
300 47
245 41
339 34
139 26
207 11
270 27
251 4
70 43
307 2
199 17
202 41
242 39
232 28
241 28
227 7
31 4
246 32
124 19
235 43
150 11
16 45
14 33
64 3
137 22
194 21
196 21
332 37
323 8
114 12
316 29
16 41
177 10
257 12
239 14
157 12
237 27
49 33
26 23
196 1
63 23
60 25
95 6
277 23
244 6
133 15
180 38
317 29
160 30
51 38
274 40
181 17
87 12
178 41
233 43
15 32
111 1
254 6
319 37
307 26
125 19
238 17
175 12
113 21
307 12
284 31
291 44
153 7
49 24
204 43
45 4
211 31
173 43
68 36
27 41
4 44
3 9
303 13
291 17
317 20
225 45
280 43
116 25
265 46
322 19
273 27
129 16
173 41
115 14
338 42
148 9
49 3
26 34
8 43
283 29
235 2
206 42
217 37
76 39
94 47
167 4
271 34
107 38
15 38
155 32
35 33
303 47
59 40
197 21
245 4
180 24
296 41
97 28
136 35
174 14
50 34
328 34
149 23
316 32
88 15
216 26
324 32
287 2
47 18
174 42
176 21
9 28
237 37
343 22
1 12
297 21
205 25
310 43
284 14
190 10
162 20
26 36
315 16
60 1
144 20
1 33
118 40
71 34
125 27
344 36
177 5
194 43
132 47
255 37
167 37
228 45
288 26
236 31
319 29
70 13
252 43
105 17
114 20
203 4
114 19
86 46
47 8
187 46
92 40
115 29
248 8
254 31
307 37
102 42
317 24
152 41
285 8
198 3
88 17
212 24
239 35
317 11
324 30
111 6
186 13
124 27
168 16
38 39
343 46
150 12
280 42
223 31
161 6
114 46
207 21
225 6
322 22
344 20
40 46
162 11
300 4
260 22
168 3
313 46
111 28
103 30
39 42
169 37
177 26
275 11
1 42
90 24
167 17
63 34
219 40
274 17
241 18
89 42
208 11
172 8
61 35
153 33
295 20
21 30
12 3
145 40
172 20
57 30
108 10
209 29
207 43
185 46
69 6
92 26
17 34
168 6
122 43
181 3
129 5
194 4
304 26
48 33
212 11
241 10
128 23
33 31
257 29
326 2
145 47
312 29
142 8
230 33
284 15
101 14
325 28
318 42
91 42
307 12
335 29
262 8
100 23
216 46
174 5
86 30
40 30
261 47
284 41
244 37
9 42
334 22
170 21
104 19
295 1
215 43
83 13
110 44
201 16
312 43
91 37
254 22
16 7
128 9
62 41
196 14
92 26
308 40
1 6
260 17
336 16
108 18
59 31
237 20
38 22
247 37
316 9
36 13
14 29
86 1
218 31
89 7
258 40
200 27
311 47
234 33
64 31
112 29
195 10
177 47
246 40
19 40
65 28
64 8
331 5
91 18
272 45
173 20
7 14
288 30
200 19
310 36
232 13
145 2
279 40
196 33
292 13
124 23
120 9
12 35
16 14
160 41
329 24
57 10
103 19
235 9
25 43
313 9
337 20
169 11
297 11
261 6
329 12
161 7
201 21
44 44
212 11
290 44
333 44
102 26
13 5
35 25
266 4
15 33
269 1
113 18
9 9
228 9
159 43
126 1
185 39
321 28
313 2
23 18
277 31
242 41
127 27
27 38
157 8
126 3
132 45
135 34
181 27
16 22
219 29
250 21
43 35
67 42
183 47
132 19
164 41
325 28
183 46
118 30
311 38
292 6
221 3
179 23
190 12
255 18
339 28
32 5
217 5
277 33
137 8
44 17
331 41
68 8
240 14
256 42
264 41
60 30
145 39
259 18
154 7
210 16
254 15
205 16
236 11
177 13
167 40
209 28
272 1
238 42
289 7
227 6
250 38
278 15
284 21
66 31
21 14
219 40
193 15
269 14
65 13
