69 68 281
1 1 1 1 0 1 0 0 0 1 0 0 0 1 1 0 1 0 1 1 1 1 0 0 0 1 1 1 1 0 1 0 0 1 0 1 0 0 1 0 1 0 1 1 1 0 1 1 1 1 1 1 0 1 0 0 1 0 0 1 0 0 1 1 1 0 1 0 
0 0 0 1 1 1 1 1 0 1 1 1 1 0 1 0 1 1 0 0 0 1 0 0 0 0 0 0 0 0 1 1 1 0 1 1 0 0 1 1 1 1 0 1 1 0 0 1 0 1 1 1 0 0 0 1 0 0 1 0 1 1 1 0 1 0 1 1 
1 1 1 1 1 0 0 0 1 0 0 1 0 1 1 1 1 0 1 1 0 0 0 0 0 1 0 0 1 0 1 0 0 1 1 1 0 1 1 0 1 1 0 1 1 1 1 1 0 0 1 0 0 0 0 0 1 0 0 0 1 1 0 1 0 1 1 0 
0 0 0 1 1 0 1 1 1 1 0 0 0 0 1 0 0 1 0 1 0 0 0 0 1 1 1 0 1 1 1 1 1 1 1 0 1 0 0 1 0 1 0 0 1 0 0 1 0 0 1 1 1 1 0 1 0 0 0 1 1 1 0 1 1 1 1 0 
0 0 0 0 0 1 1 0 1 0 1 1 0 1 0 1 1 1 1 0 1 1 0 1 1 1 0 1 0 0 1 1 0 1 1 1 1 0 1 1 1 0 1 0 0 0 1 0 0 0 1 1 0 1 0 1 0 0 0 1 1 0 0 0 0 0 0 1 
0 1 0 1 0 1 1 1 1 0 1 0 0 0 1 1 0 0 1 0 0 1 1 1 0 1 1 0 1 1 1 0 1 0 1 1 0 0 0 1 1 1 0 0 1 0 0 1 1 0 0 0 0 0 0 0 0 0 1 1 0 0 1 0 1 1 0 0 
0 1 0 1 0 1 0 1 1 1 0 1 1 1 0 0 0 1 0 1 0 0 1 0 0 1 0 1 1 1 0 0 0 0 0 1 0 0 0 1 1 1 0 1 0 1 0 1 0 0 0 0 0 1 1 0 1 1 1 1 1 0 1 1 0 1 1 1 
1 1 1 1 0 0 0 0 0 1 1 1 0 1 1 0 0 1 0 1 0 1 1 0 1 0 1 0 0 1 0 0 1 1 1 0 0 1 1 1 1 0 0 0 0 1 1 0 0 0 0 0 0 1 0 0 0 1 1 0 0 1 0 1 0 0 0 0 
0 0 1 1 1 0 1 1 0 1 1 0 0 1 1 0 1 1 1 1 1 0 0 0 0 1 0 1 0 0 1 0 0 1 1 0 0 1 1 1 0 1 1 1 1 1 0 1 0 1 0 1 0 0 0 0 0 1 1 0 1 1 1 0 0 0 0 0 
0 1 1 1 0 1 0 1 1 0 0 1 1 0 0 1 0 1 1 1 1 1 1 1 0 0 0 0 0 0 0 1 0 1 0 1 1 0 0 1 0 0 1 1 0 1 1 0 1 1 0 0 1 0 1 1 1 1 1 0 0 0 0 0 0 0 1 1 
1 0 1 0 1 1 1 0 0 1 0 1 1 0 1 1 1 0 1 0 0 0 1 1 0 0 0 1 0 0 1 1 1 1 1 0 0 0 1 1 1 1 0 0 0 1 1 1 0 1 0 1 1 0 1 1 0 0 1 0 0 1 1 1 0 0 1 0 
1 1 1 0 0 0 0 1 0 1 1 0 0 0 0 0 0 0 0 0 1 0 1 0 0 1 1 1 0 1 1 1 0 0 0 1 1 1 1 1 1 0 0 1 1 0 0 1 1 0 0 1 1 1 1 1 0 1 0 1 1 1 1 1 0 0 0 0 
1 1 1 1 1 0 1 1 0 1 1 1 0 0 1 1 1 0 0 0 0 1 0 1 0 0 1 0 1 0 1 1 0 1 1 0 0 1 1 0 0 1 1 0 0 1 0 0 0 1 1 0 1 1 0 1 0 0 0 0 1 0 1 0 0 1 1 0 
1 0 1 0 1 1 1 0 1 1 1 1 0 0 1 1 1 0 0 0 1 0 1 0 1 0 0 1 1 1 0 1 0 1 1 0 0 1 1 1 1 0 1 1 1 1 1 0 0 1 0 1 0 0 1 0 1 0 1 0 1 1 0 1 1 0 0 1 
1 1 0 0 0 0 1 0 0 1 0 0 0 0 0 1 1 0 1 0 1 1 1 1 1 0 0 0 0 0 0 0 0 1 0 0 0 0 0 1 0 0 0 0 1 1 1 0 0 1 1 1 1 0 1 0 0 1 1 0 1 1 1 0 1 0 0 1 
1 1 1 1 1 0 0 0 1 1 1 0 1 1 1 0 1 0 1 1 0 0 1 1 0 0 0 1 0 0 1 0 1 1 1 0 0 0 1 0 0 0 0 0 0 0 0 1 0 0 0 0 0 1 1 1 1 1 0 1 1 1 0 0 0 0 1 0 
1 1 0 1 0 0 0 1 1 1 0 0 1 0 1 0 0 0 1 0 1 0 1 1 0 1 0 1 0 0 1 0 0 1 0 0 0 1 0 0 1 0 0 0 0 0 1 0 0 0 0 1 0 0 1 0 0 0 1 0 0 0 0 1 1 0 0 1 
0 0 0 1 0 0 1 0 0 1 1 1 0 1 0 1 0 1 1 1 1 1 0 1 0 0 1 0 0 0 1 1 1 0 0 1 1 1 0 1 1 0 1 1 0 1 0 1 1 0 1 0 0 1 1 1 0 0 1 0 1 1 0 1 0 1 0 1 
1 1 0 0 1 1 0 0 0 1 1 1 1 1 0 1 0 1 0 1 0 0 1 1 0 1 1 1 1 1 1 1 0 1 1 1 0 0 0 1 1 0 0 1 0 0 1 0 1 1 0 1 0 0 0 1 0 0 1 0 0 0 1 0 0 1 0 0 
0 0 1 1 1 0 0 0 0 0 1 1 1 1 0 0 0 1 1 1 1 0 0 1 0 1 1 0 1 0 1 0 1 1 0 0 1 1 1 1 1 1 1 0 1 0 1 1 0 0 1 0 1 1 0 0 1 0 1 1 1 0 1 0 0 1 0 1 
0 0 0 1 1 1 0 0 0 0 0 0 1 0 0 0 0 1 0 0 0 1 0 0 1 1 0 1 1 1 0 1 0 1 1 1 1 1 1 0 0 1 1 1 1 1 1 0 0 1 1 0 1 1 1 1 1 0 1 1 1 1 1 0 1 0 1 1 
1 0 0 1 0 0 0 1 0 1 0 1 1 0 1 0 1 1 1 0 1 1 1 0 1 1 1 1 0 1 0 1 0 1 0 1 0 1 0 0 0 0 1 1 1 0 1 0 0 1 1 1 0 0 0 0 1 0 0 1 0 1 1 0 1 0 0 1 
0 1 1 0 1 1 1 1 1 1 1 1 0 1 0 1 0 0 0 1 1 0 1 0 1 1 1 1 1 1 1 1 0 0 0 1 1 1 1 0 0 0 0 0 1 0 1 1 1 0 0 1 1 0 0 1 0 1 0 0 1 0 0 0 0 0 0 0 
0 0 1 0 0 1 0 0 1 0 0 1 1 1 0 0 1 0 0 0 1 1 1 1 1 1 0 1 0 0 1 1 0 0 0 1 0 0 0 0 1 1 0 0 1 1 1 0 0 0 0 0 0 1 0 1 0 1 0 0 0 0 1 1 1 1 0 0 
0 1 1 0 1 1 0 1 1 0 0 1 0 1 1 0 1 0 0 0 1 0 1 0 0 1 1 1 0 0 0 0 0 1 1 0 0 1 1 0 1 0 0 0 1 1 0 0 0 0 1 0 0 0 0 1 1 1 1 0 1 0 0 0 0 1 0 1 
1 0 0 0 0 1 0 0 1 0 1 1 1 1 0 1 0 1 1 0 1 0 0 0 0 1 1 1 0 1 1 0 0 0 0 1 0 0 1 0 0 1 1 0 0 0 0 0 1 0 1 0 0 1 1 1 1 1 0 1 1 1 0 1 1 1 0 0 
1 0 0 0 0 1 0 1 1 0 0 0 1 1 1 1 0 0 1 0 0 0 0 0 1 1 0 1 0 1 0 0 1 0 0 0 1 0 1 0 1 1 1 1 1 0 0 0 1 1 1 0 1 0 0 1 1 0 0 1 1 1 1 1 0 1 1 1 
1 0 0 1 0 1 1 1 1 0 1 0 1 1 0 0 0 0 0 1 0 1 1 1 1 1 1 0 1 1 0 0 0 1 0 0 1 1 1 0 0 0 1 1 0 0 1 0 0 1 1 0 0 0 0 1 0 1 0 0 1 0 0 1 1 1 0 1 
1 1 1 1 0 0 1 0 1 0 1 1 1 1 1 1 1 1 0 0 1 0 1 1 0 0 0 1 0 1 0 0 1 1 0 0 0 0 1 0 0 0 0 0 1 0 0 1 1 0 0 1 0 0 1 1 1 0 1 1 0 0 1 1 0 1 0 1 
0 1 0 1 1 0 1 1 0 1 1 0 0 0 1 1 0 0 0 1 0 1 0 0 0 0 1 0 0 0 0 1 0 1 1 1 0 1 0 0 0 0 1 1 1 1 1 1 1 1 0 0 1 1 0 0 0 1 1 0 0 1 1 1 0 0 1 1 
1 1 1 0 1 1 0 1 0 1 1 1 0 0 0 1 0 0 1 1 0 1 1 0 1 0 1 1 0 1 1 0 0 0 1 0 1 1 0 0 0 1 0 1 1 1 0 1 1 1 0 0 1 1 0 1 1 1 1 1 1 0 0 1 1 1 1 1 
0 0 0 0 1 0 1 0 1 0 1 0 0 0 1 0 0 0 1 1 1 0 1 0 0 1 1 1 0 0 1 1 1 0 0 0 0 0 1 1 0 1 1 0 1 1 0 0 1 0 1 1 1 0 0 0 1 1 1 0 1 1 1 0 0 0 1 1 
1 1 1 1 1 0 0 0 1 0 0 0 1 1 1 1 1 1 0 1 1 0 1 0 1 1 0 0 0 1 1 0 0 1 0 0 0 1 0 1 0 0 0 1 0 1 1 0 1 1 0 1 0 0 1 0 0 1 0 0 0 1 0 0 0 0 1 0 
1 0 1 1 0 0 0 1 0 1 0 1 0 1 1 1 0 0 0 1 0 0 0 1 0 0 1 1 1 0 0 1 0 1 0 1 1 0 0 1 1 1 0 0 0 0 0 0 1 1 1 1 1 1 1 0 0 0 1 1 0 1 0 1 1 0 0 0 
1 0 1 0 1 1 0 0 0 0 0 0 1 1 1 1 1 1 0 0 1 0 0 1 1 1 1 0 0 0 0 0 0 0 1 0 0 0 0 1 1 1 1 0 1 0 1 0 0 1 0 1 0 0 0 0 1 0 1 1 1 0 0 0 0 1 1 0 
1 0 1 0 1 0 0 1 1 0 0 0 0 0 0 1 1 0 0 0 0 0 1 1 1 1 1 1 0 0 1 0 0 0 0 0 0 1 1 1 0 0 1 1 0 1 1 0 1 1 0 0 0 0 0 1 0 1 0 1 1 0 1 1 0 1 0 1 
0 0 1 1 1 0 0 0 0 0 1 0 0 1 1 1 0 1 0 1 0 0 0 1 1 0 1 0 0 0 0 0 1 1 0 1 0 0 0 1 0 1 1 0 0 1 0 1 1 1 0 0 1 1 0 1 1 1 1 1 0 1 0 0 0 1 1 0 
1 1 0 0 0 0 0 1 1 1 0 1 1 0 0 0 1 0 0 0 1 0 0 1 0 0 1 1 0 1 1 1 0 1 1 1 0 0 1 1 1 1 0 0 1 1 1 0 0 1 1 1 1 0 1 1 1 1 0 1 1 1 0 0 1 1 0 1 
0 0 1 1 0 0 1 0 1 0 1 1 0 1 1 0 1 0 0 1 0 0 0 1 0 1 1 0 0 0 0 0 0 0 1 0 0 0 0 1 0 1 1 1 1 1 1 0 0 0 0 0 1 1 0 1 1 1 0 1 1 1 0 1 0 0 0 0 
0 0 1 0 0 0 0 1 0 1 1 1 0 0 1 1 1 0 1 1 0 0 0 0 1 0 1 1 0 0 1 0 0 0 1 0 0 0 1 1 1 1 0 0 0 1 1 0 0 0 0 1 1 0 1 0 0 0 1 1 1 1 1 0 1 0 1 0 
1 0 1 0 1 1 1 0 1 1 1 1 0 0 0 0 0 1 0 1 0 0 1 1 1 1 0 1 0 1 0 1 1 0 0 1 1 1 1 1 1 0 0 1 1 0 0 0 1 0 0 0 1 0 1 1 1 0 1 0 1 1 1 1 1 0 1 0 
1 0 1 0 1 1 0 1 1 0 0 0 1 0 0 0 1 0 1 1 0 1 1 1 0 0 1 0 1 0 1 0 1 1 1 0 0 0 0 0 0 1 1 1 0 1 1 1 0 1 0 1 1 1 1 1 0 1 1 1 0 1 1 0 0 0 0 1 
1 0 0 1 0 1 0 0 1 1 1 0 0 1 1 1 1 0 0 1 0 0 1 1 0 0 0 0 1 1 1 0 1 1 0 0 1 0 0 1 1 1 1 0 0 1 0 1 0 0 0 1 0 1 0 0 1 1 1 1 0 1 1 0 0 1 1 1 
0 1 0 0 0 1 1 1 0 1 0 1 1 1 0 1 1 1 0 1 1 0 1 1 0 0 1 1 1 1 1 1 1 0 1 1 0 1 0 0 1 1 1 1 0 1 0 0 1 0 0 1 0 1 1 1 1 0 0 0 0 1 0 1 1 1 0 0 
1 1 0 1 0 0 0 0 0 0 1 1 0 1 0 0 0 1 0 0 1 0 1 0 1 1 0 1 1 1 1 1 1 0 0 1 1 0 1 1 1 0 1 1 0 0 1 1 1 0 0 0 0 0 1 1 0 0 0 0 1 0 1 1 1 1 1 1 
0 1 1 1 0 1 1 1 1 1 0 0 0 0 0 0 0 0 1 1 1 0 0 1 1 1 1 1 1 0 1 1 0 1 1 0 0 1 0 1 1 1 1 0 1 0 1 1 1 1 1 1 0 1 1 0 0 0 0 0 1 1 1 0 0 1 0 0 
1 0 1 1 0 0 1 0 0 1 0 1 0 1 0 0 1 0 1 0 0 1 1 0 1 0 1 1 0 0 1 0 0 0 1 0 1 1 0 0 1 1 0 0 1 1 1 1 0 1 1 0 0 1 1 1 1 0 0 0 1 0 0 1 1 1 0 1 
0 0 1 1 0 0 0 0 1 1 1 0 0 1 0 0 0 0 1 0 1 1 0 1 1 1 0 1 1 0 1 0 0 1 0 0 1 0 1 1 1 1 1 1 1 0 1 0 1 0 0 0 1 1 0 1 0 1 1 1 0 0 0 0 0 1 0 1 
0 1 0 1 1 0 0 0 0 0 1 1 1 0 1 0 1 1 1 1 0 1 0 0 1 0 0 0 0 0 0 1 1 1 0 0 1 0 1 1 0 0 0 0 0 0 0 1 1 0 0 0 1 0 1 0 1 0 1 0 0 0 1 1 0 0 1 0 
1 0 0 0 1 0 1 0 0 0 0 1 0 0 0 1 1 1 1 0 1 0 0 1 1 0 0 1 0 0 0 1 1 0 0 1 1 1 0 1 0 1 0 0 0 1 1 0 0 1 1 1 0 1 0 0 0 0 1 0 1 1 0 1 0 0 1 0 
1 1 0 0 0 0 1 1 0 0 0 1 0 1 1 1 0 1 1 1 1 0 1 0 1 1 0 0 1 1 0 1 1 0 1 0 1 1 0 1 1 1 1 1 0 0 0 1 0 0 0 1 1 1 1 0 0 1 1 0 0 1 1 1 0 1 0 1 
0 0 0 0 0 0 1 1 0 1 0 0 1 1 1 1 0 0 0 1 0 0 1 0 0 0 0 1 0 0 0 0 1 0 0 1 0 1 0 1 0 1 0 0 1 0 1 1 0 1 0 1 1 0 1 1 1 1 1 0 0 1 0 1 1 1 0 1 
1 1 1 0 0 0 0 1 1 0 0 1 1 0 1 1 1 1 1 0 1 0 1 0 0 1 1 1 1 1 1 0 0 1 1 1 0 0 1 0 1 1 1 0 1 1 1 1 1 0 0 1 0 1 0 1 0 1 1 1 0 0 1 0 0 1 0 0 
0 0 0 0 1 1 1 1 0 0 0 0 1 1 0 0 1 1 0 0 0 0 1 1 1 1 0 0 1 1 1 0 0 0 0 0 0 1 1 1 0 0 1 1 1 0 0 0 0 0 1 0 0 0 0 1 0 0 1 1 0 1 0 0 1 0 0 1 
0 1 0 0 0 0 0 0 1 1 1 0 0 1 0 0 1 1 1 0 0 1 1 0 1 0 0 0 1 1 0 1 0 0 0 0 0 0 0 0 1 1 0 0 1 0 1 0 1 1 1 0 1 0 0 0 0 0 1 0 0 1 1 0 0 0 0 1 
1 0 1 0 1 1 0 1 0 1 0 1 1 0 1 1 1 1 0 1 1 1 0 1 0 1 1 1 1 1 1 1 0 1 1 0 1 1 1 0 1 1 1 0 0 0 0 1 0 1 0 1 1 0 0 0 1 1 1 1 1 0 0 0 1 1 1 0 
1 1 0 1 0 0 1 1 0 1 1 1 0 1 0 1 0 0 0 0 1 1 1 0 0 1 1 0 0 0 0 0 0 1 0 1 0 0 0 1 1 1 1 0 1 0 1 0 1 1 1 0 0 0 0 1 0 0 0 1 0 1 0 1 0 0 0 1 
0 0 1 0 1 0 0 0 1 0 0 0 1 1 1 0 0 0 1 1 1 1 1 1 0 1 1 1 0 1 0 1 0 1 0 0 0 0 1 1 0 1 0 0 0 1 1 0 1 1 0 0 0 1 0 0 0 1 0 0 1 0 0 0 1 1 0 0 
1 1 1 1 1 0 0 1 0 1 1 1 0 0 0 1 1 1 0 0 1 1 1 1 1 1 0 1 1 0 0 0 0 1 1 0 0 1 1 1 1 1 0 0 1 1 1 0 1 1 1 1 1 1 1 1 0 0 0 0 0 0 1 0 1 1 0 0 
0 0 0 1 1 1 0 1 1 0 0 0 0 1 0 0 0 1 1 0 1 0 1 1 0 1 0 0 0 0 1 1 0 0 1 0 1 0 0 1 1 0 1 0 1 0 1 0 0 1 0 0 1 1 1 1 1 0 0 1 1 0 1 1 1 1 1 0 
0 1 1 1 1 0 1 0 0 0 0 1 1 1 1 0 0 1 1 1 1 0 0 0 0 1 0 0 0 0 0 0 0 0 1 1 1 0 1 1 1 1 0 0 1 1 1 0 1 1 1 0 0 1 0 1 1 0 1 0 1 1 1 1 0 1 1 0 
0 0 0 0 1 0 0 0 0 1 1 0 0 0 1 0 0 1 1 1 0 1 0 1 1 0 0 1 0 0 1 1 0 0 1 1 0 1 0 1 1 1 1 0 1 0 1 1 1 1 0 1 1 0 1 1 1 0 1 0 0 0 0 0 0 0 0 0 
1 0 0 0 0 0 0 1 0 1 1 1 0 1 0 1 0 1 1 1 1 1 0 1 0 1 0 1 0 0 0 1 0 0 1 1 0 1 1 0 1 1 0 1 1 1 0 0 0 1 1 0 0 0 0 1 0 1 0 1 1 0 1 0 0 0 1 1 
0 1 1 1 0 0 1 1 0 0 1 0 1 1 1 1 0 1 1 1 0 1 1 1 1 0 1 1 1 1 1 1 0 0 1 0 1 0 1 1 1 0 0 0 1 1 1 0 1 0 0 1 1 0 0 0 0 0 1 0 1 0 0 1 0 1 0 1 
1 1 0 0 0 1 1 1 0 1 0 1 1 0 0 0 1 0 0 1 1 0 0 1 0 0 1 0 1 0 1 1 0 1 1 0 0 0 1 1 0 1 0 1 1 1 1 1 1 1 1 0 0 1 1 0 0 0 1 1 0 1 0 0 0 0 1 0 
0 0 0 1 0 0 0 1 1 1 1 0 0 0 0 1 0 0 1 1 0 1 1 0 1 0 0 0 1 0 1 1 0 0 0 0 1 1 0 0 0 0 1 0 0 1 1 1 1 1 0 0 1 0 0 1 1 0 1 0 1 0 0 1 1 1 0 0 
1 1 0 0 1 1 0 1 1 0 1 1 0 0 0 1 1 1 0 1 0 0 0 1 0 1 0 1 1 0 1 1 1 1 1 1 0 1 0 0 1 1 0 1 1 0 0 1 1 0 0 1 0 1 1 1 0 1 0 0 0 0 1 0 1 0 0 1 
1 0 1 1 0 1 1 0 0 1 0 1 1 1 1 0 1 0 1 0 0 0 0 1 0 0 0 0 1 1 1 0 0 0 0 1 1 1 1 1 1 1 1 0 1 1 0 1 1 0 1 1 1 1 1 0 1 1 1 0 1 1 0 0 1 1 1 1 
0 1 0 0 0 0 0 0 1 1 0 0 0 1 1 0 1 0 1 1 1 1 0 1 1 1 0 1 0 0 1 1 1 1 1 0 0 1 0 1 1 1 0 1 0 1 0 1 1 1 1 1 0 0 0 1 1 1 1 1 1 0 1 0 0 1 0 0 
68 17
46 62
42 31
35 12
68 6
6 30
45 59
52 19
17 55
43 5
24 19
16 52
55 20
52 43
51 65
12 13
54 10
24 1
38 24
34 9
66 50
18 10
19 50
65 37
50 45
15 30
16 55
6 52
68 61
11 11
36 30
65 44
13 55
63 18
58 13
4 46
12 13
36 47
38 46
30 14
9 50
67 62
34 64
67 31
14 30
36 43
41 66
41 41
63 38
36 3
22 28
6 51
29 19
2 45
18 13
31 68
23 11
40 19
17 41
63 7
65 42
68 50
24 10
55 68
18 32
42 58
25 20
23 58
55 35
26 14
16 30
54 27
20 2
7 18
36 11
59 68
64 50
12 42
50 63
52 17
40 9
68 21
48 11
20 21
5 39
24 40
20 28
50 45
3 60
28 2
53 8
34 12
11 65
53 42
17 60
21 10
51 42
18 42
20 62
68 59
38 19
46 43
51 67
25 1
44 6
10 18
47 62
16 31
31 29
68 67
39 67
26 33
26 32
19 47
69 41
46 29
48 3
63 42
51 23
55 50
61 21
53 66
46 54
51 27
64 26
29 47
31 55
61 42
2 24
26 62
6 16
42 11
15 3
37 27
7 48
29 63
59 50
2 27
58 59
46 33
37 14
17 25
47 22
51 63
58 15
28 7
20 40
37 47
47 49
28 15
45 48
53 57
67 2
6 38
25 68
67 13
1 51
50 49
1 28
19 12
15 12
51 7
39 43
68 36
65 52
27 22
28 35
27 34
34 33
10 48
23 47
60 6
27 52
47 59
39 9
19 60
29 8
3 36
29 26
26 43
57 46
20 57
21 43
6 43
8 15
24 68
21 9
69 58
18 32
37 59
29 31
46 68
9 3
22 43
67 63
52 40
56 18
20 52
50 16
32 56
25 46
31 31
39 26
57 3
57 19
3 55
32 4
35 45
48 9
46 18
66 40
12 28
42 30
16 67
48 55
54 42
49 36
20 27
19 41
5 49
34 55
31 41
13 52
14 14
6 37
16 40
28 35
49 17
8 41
27 32
31 44
58 10
66 13
17 41
7 68
2 39
59 46
51 33
35 17
48 33
11 44
15 48
28 4
26 18
66 24
13 64
3 67
67 17
37 56
43 36
60 45
18 8
47 9
3 19
23 57
52 55
57 64
49 5
38 29
37 27
19 42
30 32
21 38
36 31
27 50
21 68
43 55
48 62
16 8
5 8
28 33
54 42
48 35
63 20
29 20
56 25
64 55
45 19
27 34
52 19
49 22
