36 96 201
0 0 0 0 0 0 1 0 1 0 0 0 0 1 0 1 1 0 1 0 0 1 1 0 0 1 1 1 0 0 1 1 1 0 1 1 1 1 0 0 0 1 1 0 0 1 0 0 0 1 1 1 0 1 0 0 1 0 1 1 1 0 0 1 1 0 1 0 1 0 1 0 0 0 1 1 1 1 0 1 0 1 1 0 0 1 0 1 0 0 1 0 1 1 1 1 
1 1 1 1 1 1 0 1 1 0 0 1 0 0 0 1 0 0 1 1 1 1 1 0 0 1 0 0 0 1 1 1 1 1 1 0 0 1 1 1 0 1 1 0 0 1 0 1 1 1 1 1 0 0 1 0 0 0 0 1 1 1 1 0 0 0 1 0 0 1 0 1 1 1 0 0 0 0 1 0 0 1 1 1 0 1 0 1 0 1 0 0 1 0 1 0 
0 1 1 0 0 1 0 1 1 1 1 0 1 0 0 1 0 1 1 1 0 1 1 1 1 0 0 0 1 0 0 1 0 1 0 0 0 1 0 1 1 0 1 1 1 0 1 1 0 0 1 1 1 0 0 0 1 1 0 1 0 0 0 1 0 1 0 0 1 0 0 0 0 1 0 1 1 0 1 0 1 0 1 1 1 0 0 1 1 1 0 1 1 0 0 1 
1 1 0 1 1 0 1 0 1 1 0 0 0 0 0 0 0 1 0 0 1 1 0 1 1 1 0 0 1 1 0 0 0 1 1 1 0 1 1 1 0 0 1 1 1 1 0 1 1 0 0 0 1 1 0 0 0 1 0 0 0 0 0 0 0 1 1 0 0 1 0 0 0 0 0 0 1 0 1 0 1 0 0 1 0 0 0 0 1 1 0 1 1 1 0 1 
0 1 0 1 0 1 0 0 1 0 1 1 1 0 1 1 1 1 1 0 0 0 0 1 1 1 1 1 0 1 0 1 0 1 0 0 0 1 1 1 1 1 0 1 0 0 0 0 0 0 0 0 0 1 0 1 1 0 1 0 0 1 0 1 1 1 1 0 1 0 1 1 1 1 0 0 1 0 0 0 1 0 0 1 1 1 1 1 1 0 0 0 1 1 0 1 
0 1 1 1 0 1 1 0 1 1 1 0 1 0 1 0 1 1 1 1 1 1 0 0 0 1 0 1 0 0 1 1 0 1 0 1 1 1 1 0 1 0 1 0 0 1 0 0 1 1 0 1 1 0 1 0 1 0 1 0 0 1 1 0 1 1 1 1 0 0 0 0 1 0 0 1 1 0 1 0 1 1 1 1 1 1 1 1 1 0 1 0 1 0 0 1 
1 1 0 1 0 0 1 1 0 0 0 1 1 1 0 1 0 1 1 1 0 0 0 0 1 1 0 1 0 1 0 0 0 1 1 1 0 1 0 1 0 1 0 0 1 1 1 1 1 1 0 1 0 0 0 1 0 1 1 1 1 1 1 1 0 0 0 0 0 1 1 0 0 1 1 0 0 1 0 0 1 1 1 0 0 1 1 0 1 1 1 1 1 1 1 0 
0 1 1 0 0 0 0 0 0 1 1 1 1 1 1 1 1 0 1 0 1 1 1 0 1 1 0 1 0 0 0 1 0 0 0 1 1 0 1 0 1 0 1 0 1 0 0 0 0 0 0 1 0 0 1 1 1 1 1 1 1 0 0 0 1 1 1 0 1 1 1 1 0 0 1 0 0 1 0 1 1 0 1 1 0 1 1 1 1 1 0 0 1 1 0 1 
0 0 0 1 1 1 0 1 0 1 1 1 1 0 1 1 1 1 0 0 1 0 0 1 0 0 1 0 0 1 0 0 0 0 0 1 0 1 0 0 0 0 1 1 1 1 1 0 1 0 0 1 0 1 1 0 0 1 0 1 1 1 1 1 0 1 1 0 1 0 0 0 0 0 1 1 1 1 1 1 1 1 1 1 1 1 0 0 1 0 1 0 0 1 0 0 
1 1 0 0 1 1 0 0 1 0 0 1 0 1 1 0 0 0 0 1 0 1 1 1 0 1 1 1 0 1 1 1 0 1 0 0 0 0 0 0 1 0 0 1 1 0 1 1 1 1 0 1 0 1 0 1 0 0 0 1 1 1 0 0 0 0 1 0 1 1 0 0 1 0 0 0 1 1 1 1 1 0 0 1 0 0 1 1 1 0 1 0 0 0 0 0 
1 0 1 1 0 1 1 1 1 0 1 0 1 0 0 0 1 1 1 0 1 1 1 1 1 1 1 0 0 0 0 0 0 0 1 1 0 1 1 1 0 1 1 1 0 1 0 0 1 0 1 0 0 0 1 1 1 1 0 0 0 1 0 1 1 0 1 0 1 0 0 1 1 1 1 0 0 1 0 0 0 1 1 1 1 1 1 0 1 1 0 0 1 1 1 1 
0 1 0 1 0 0 1 0 0 0 0 0 0 1 0 0 0 0 1 0 0 1 0 0 0 1 1 0 0 1 1 0 0 0 0 0 0 1 0 1 0 0 1 1 1 1 1 0 0 0 0 1 1 1 0 0 1 0 1 1 0 0 0 1 0 1 0 1 1 1 1 0 1 0 1 1 0 0 0 1 0 0 0 1 1 0 1 0 1 1 1 1 1 1 0 0 
0 1 0 1 0 0 0 1 0 0 0 0 0 1 1 0 1 1 0 0 0 1 1 0 1 0 1 0 0 0 1 1 1 1 0 1 1 0 1 0 1 0 1 0 0 0 0 1 0 1 0 0 0 0 0 1 0 0 0 1 0 1 1 1 1 0 0 0 1 0 1 1 1 0 0 0 1 0 0 0 0 0 1 0 1 1 1 1 1 0 0 1 0 1 1 1 
1 0 0 0 0 1 1 0 1 1 1 1 1 0 1 1 0 1 1 0 0 1 0 1 0 1 0 0 1 1 1 1 1 1 1 1 1 0 1 1 0 0 0 1 1 0 0 0 0 1 1 1 1 1 0 1 0 1 0 0 0 1 0 1 0 0 1 1 1 1 0 1 1 0 1 0 1 0 1 1 1 0 1 1 1 1 0 1 0 0 0 1 0 0 1 1 
1 0 1 0 1 1 0 1 1 1 0 1 1 1 1 0 1 1 0 0 0 0 0 0 1 1 1 1 1 1 0 1 0 1 0 1 0 0 1 1 1 1 1 0 0 0 0 0 1 1 0 1 1 1 0 0 0 1 1 0 0 0 1 0 0 0 0 0 1 1 1 1 1 1 0 1 1 0 0 0 1 0 1 0 1 0 0 1 0 1 1 0 1 0 0 1 
1 0 1 1 1 1 0 0 0 0 0 1 0 0 0 1 0 1 1 1 1 0 0 0 0 1 1 1 1 0 1 0 0 1 0 0 0 0 0 0 1 0 1 0 1 0 0 1 1 1 0 1 0 0 1 1 0 1 0 1 0 0 1 1 1 0 0 0 1 1 0 1 1 0 1 0 1 0 1 1 0 0 1 0 1 0 0 0 1 1 0 0 1 1 0 1 
1 0 1 1 1 0 0 0 1 1 0 0 0 1 1 1 0 1 0 0 1 1 1 0 1 1 1 1 1 0 1 0 1 1 0 1 1 0 1 1 0 1 0 1 1 0 1 1 1 1 0 0 0 0 1 1 1 1 0 1 0 1 0 0 0 1 1 1 0 0 0 0 1 1 1 1 1 1 1 0 0 0 1 0 1 1 0 0 1 1 0 0 1 0 0 0 
1 1 0 0 1 0 1 0 0 0 1 0 1 1 1 0 1 0 0 1 0 0 0 1 1 1 1 0 0 0 1 0 1 0 1 0 1 1 0 1 0 0 1 0 0 1 1 1 1 0 1 1 1 0 1 0 1 1 0 0 0 0 1 0 1 1 0 1 0 0 1 0 0 0 1 1 1 1 1 1 1 1 0 0 1 0 1 0 0 0 1 0 1 1 1 1 
1 1 1 0 1 1 0 1 1 1 1 0 1 0 0 1 0 0 0 1 1 1 1 1 0 1 1 0 0 0 1 1 0 0 0 1 0 1 0 0 0 1 0 0 0 1 1 0 1 0 1 0 1 1 1 0 1 1 0 0 0 1 0 1 1 0 1 0 1 1 1 0 0 0 0 1 1 0 0 0 0 1 0 1 1 0 0 1 0 0 1 1 1 0 1 1 
1 0 0 1 1 1 1 1 0 1 1 1 0 0 0 1 0 1 1 1 0 0 1 0 1 0 1 0 1 0 0 1 1 1 0 1 1 1 0 1 1 1 1 1 1 1 1 1 1 1 1 1 0 1 0 0 1 0 0 1 1 0 0 0 0 1 1 1 1 0 0 1 0 1 1 1 1 0 1 1 0 0 0 0 0 1 1 1 1 1 1 0 1 0 0 0 
1 1 1 1 1 1 1 0 1 1 1 1 1 0 0 0 1 0 0 1 1 0 0 1 1 0 0 1 0 1 1 0 0 0 0 1 0 1 1 1 1 1 1 0 1 1 0 1 1 0 1 1 0 0 1 1 1 1 0 1 1 0 0 0 0 0 0 1 0 1 0 0 1 1 0 0 1 0 0 1 1 1 1 1 0 1 1 1 0 0 1 1 1 1 1 0 
1 0 0 0 0 1 0 1 0 1 0 1 0 1 0 1 1 1 1 0 0 0 1 1 0 1 1 1 1 0 1 1 1 1 1 1 1 1 1 0 1 1 1 0 0 1 1 0 0 1 0 1 1 0 1 0 0 0 0 1 0 0 0 1 1 1 1 1 0 0 0 1 1 1 1 1 0 1 1 1 0 1 0 0 1 0 0 1 1 1 0 1 1 0 0 0 
0 1 1 1 0 1 1 1 1 1 0 1 1 1 1 1 0 0 0 1 1 0 0 0 0 0 1 0 1 1 1 1 1 1 1 0 0 0 0 0 1 1 1 0 0 0 1 0 0 1 0 0 0 1 1 1 0 1 1 0 0 0 1 0 1 0 1 1 1 0 1 0 0 1 1 0 0 1 1 0 1 0 0 0 1 1 1 0 0 0 1 1 1 1 0 1 
0 1 1 1 0 0 0 1 0 1 0 0 0 0 0 0 0 0 0 0 1 0 0 1 1 0 1 0 1 0 0 1 1 0 1 1 1 0 0 0 1 1 1 0 1 0 1 0 0 0 0 0 1 0 1 1 0 0 1 0 1 0 1 0 1 0 1 1 1 1 0 0 0 0 0 1 1 0 0 0 0 0 1 0 0 0 0 1 1 1 1 1 0 0 1 1 
0 1 0 1 0 0 0 0 0 1 1 1 1 0 0 1 0 0 1 0 1 0 0 1 1 1 1 1 1 1 1 0 0 0 0 0 0 1 1 1 1 0 0 0 1 1 1 1 1 0 1 1 0 0 0 1 0 0 1 0 1 1 1 1 0 0 0 0 0 0 1 0 1 0 1 1 1 1 1 1 1 0 0 1 0 1 0 0 0 1 1 0 1 0 1 1 
1 0 1 1 1 0 0 0 1 0 1 0 0 1 0 1 0 1 0 0 1 0 0 0 1 1 1 1 1 0 1 0 1 0 1 0 1 0 0 0 1 0 0 1 1 0 0 1 1 0 1 1 1 1 0 1 1 1 1 1 0 1 1 0 0 0 0 1 1 1 1 1 0 1 1 1 0 0 1 0 1 0 1 1 1 1 0 0 1 1 0 0 0 1 0 0 
1 0 0 1 1 0 1 1 1 1 0 0 1 0 1 0 1 0 0 0 0 1 1 0 0 1 0 0 1 1 1 1 0 0 1 0 1 1 1 0 1 1 0 0 1 0 1 1 0 0 1 0 0 1 0 0 1 1 1 1 0 0 0 1 0 0 0 0 0 0 1 1 1 0 1 0 0 1 1 0 0 0 1 1 0 1 1 0 0 1 1 0 0 1 0 0 
0 1 1 0 1 0 0 0 0 0 1 0 1 0 0 1 1 0 0 0 0 0 1 0 0 1 0 0 1 0 1 0 1 0 1 0 1 0 1 1 1 0 1 1 1 1 1 0 0 1 1 0 1 1 0 0 0 1 1 1 0 0 1 1 0 0 0 0 1 0 0 1 0 1 0 1 1 1 0 0 1 0 0 0 1 1 0 0 1 1 1 1 1 1 0 0 
1 1 1 1 1 1 1 0 0 1 0 0 0 1 1 0 1 0 1 1 1 1 1 0 0 1 0 1 1 1 0 0 1 1 0 1 1 0 1 1 1 1 0 1 1 1 0 0 1 1 0 1 0 1 1 0 1 0 1 1 0 0 1 1 0 1 0 0 0 1 1 0 1 1 0 0 1 0 1 0 0 1 1 0 1 1 1 0 0 1 0 1 1 1 1 1 
1 0 1 1 0 1 1 1 1 0 0 0 0 1 1 0 1 1 1 0 1 0 1 0 0 1 1 1 1 0 1 1 0 1 0 0 0 0 0 1 0 1 0 1 1 0 0 0 0 0 0 1 0 1 0 0 1 0 0 0 0 1 1 1 0 0 1 0 1 1 0 0 0 0 0 1 0 0 0 0 0 0 1 0 1 0 1 0 0 0 1 1 0 1 1 1 
0 1 1 1 0 1 1 1 1 0 0 1 1 1 1 0 0 0 1 0 0 0 0 0 0 0 0 0 0 1 1 0 1 0 0 1 0 0 1 0 0 1 0 1 1 0 1 0 1 1 0 0 1 0 1 1 0 1 1 1 0 1 1 0 0 1 0 1 1 1 0 1 1 0 0 1 1 0 0 0 1 0 0 0 1 0 0 0 1 0 1 0 1 0 1 1 
1 0 1 1 0 1 0 1 1 0 1 0 1 1 0 0 0 1 1 0 1 1 1 1 0 1 0 0 0 1 1 0 1 1 1 0 1 0 1 0 0 0 1 0 1 0 1 1 0 0 1 1 0 0 1 0 1 0 1 0 0 0 0 0 1 0 0 0 1 0 1 0 0 0 0 1 0 1 1 0 1 0 1 1 1 1 0 0 1 1 1 0 0 1 1 0 
0 1 0 1 0 1 1 1 1 0 0 0 0 1 1 1 0 0 0 0 0 1 1 1 0 0 0 0 1 1 0 1 0 1 0 0 1 0 1 0 1 0 1 1 0 1 1 0 0 1 0 1 1 0 0 1 0 1 0 0 0 0 0 0 1 1 0 1 1 1 0 0 1 0 1 1 1 0 1 0 1 1 0 0 1 1 0 0 0 0 0 1 0 0 1 0 
1 0 0 0 1 0 1 1 0 0 0 0 0 0 1 1 0 1 0 0 0 1 1 1 1 1 1 1 1 1 1 0 0 0 0 0 0 0 0 1 0 1 1 0 0 1 1 1 1 1 0 1 1 0 1 1 0 0 1 0 0 0 0 1 1 0 0 0 0 1 1 0 0 0 0 0 0 0 1 0 0 0 0 1 1 1 1 0 0 0 1 1 0 1 0 1 
0 0 0 1 0 0 1 1 0 0 0 0 1 0 1 1 1 1 0 1 0 0 1 0 1 0 1 1 0 1 0 0 0 0 0 1 1 0 0 1 0 1 1 1 1 0 0 1 0 0 1 1 0 0 0 1 1 1 1 0 1 1 0 0 0 0 0 0 0 1 1 0 0 0 0 1 1 0 0 0 0 0 1 0 0 0 0 0 0 1 1 0 0 0 1 0 
1 1 1 0 0 0 0 0 0 1 0 0 1 1 0 0 1 1 1 0 0 1 0 1 1 0 1 1 0 0 0 1 0 1 1 1 0 0 0 1 1 0 1 1 1 0 0 1 0 0 0 1 1 1 0 0 0 1 1 1 0 1 1 1 0 0 1 1 1 0 1 0 1 1 0 0 0 1 1 0 0 0 0 0 0 0 0 0 1 1 1 0 1 1 0 0 
21 38
25 38
18 78
14 1
26 37
15 22
31 43
29 72
12 65
15 85
33 61
22 58
3 60
2 15
9 82
11 10
16 12
35 79
20 27
14 71
8 51
35 86
22 82
33 3
21 66
11 8
32 73
27 5
35 64
19 17
18 67
21 62
16 65
20 77
26 30
31 61
9 31
12 92
8 82
35 6
23 18
25 23
24 84
10 51
24 26
35 50
12 7
1 55
28 9
10 26
33 8
27 44
27 42
6 18
34 36
18 30
14 90
18 35
21 18
9 46
36 72
11 47
4 16
2 23
15 36
16 96
27 39
23 61
23 22
33 64
17 77
13 43
18 56
21 35
11 81
8 79
36 55
10 86
8 86
21 63
25 39
10 9
29 83
13 30
26 58
16 75
23 49
4 60
31 72
2 83
29 61
3 95
25 40
30 91
29 44
6 35
23 70
28 29
6 60
24 15
9 49
33 9
22 55
9 1
25 27
35 90
5 81
13 25
19 37
24 87
20 78
10 66
1 48
33 36
33 91
5 11
29 79
36 86
4 43
24 22
4 12
9 40
7 49
17 46
15 25
7 22
15 10
36 21
10 83
3 70
9 52
6 35
8 65
22 77
16 70
17 35
29 72
1 62
11 36
6 69
11 4
12 88
35 2
18 72
5 44
26 14
32 65
8 31
33 96
35 10
8 69
10 62
21 56
3 32
16 26
4 8
32 60
29 66
6 13
23 28
36 71
20 86
28 18
22 96
1 35
3 17
32 36
7 95
29 92
32 44
32 86
13 39
30 75
34 37
5 63
7 47
21 48
10 48
31 2
22 28
5 21
27 20
13 12
34 14
27 39
31 66
23 49
10 60
32 29
36 38
24 67
25 19
23 31
34 62
15 56
16 34
19 75
15 43
10 51
4 96
35 64
