67 63 519
0 0 0 0 1 1 1 1 1 1 0 0 1 0 0 0 1 0 1 1 1 0 1 0 1 0 1 0 1 1 1 0 1 0 0 1 0 0 1 1 1 1 1 0 0 1 0 0 0 0 1 1 0 0 1 0 0 1 1 0 0 0 1 
0 1 0 0 0 0 1 0 0 0 1 1 0 0 0 1 1 0 1 1 1 1 1 1 1 0 0 1 0 1 0 0 0 0 0 0 1 1 0 0 1 0 1 1 0 1 1 0 1 1 0 0 1 0 0 0 1 1 1 0 1 0 1 
0 1 0 0 1 0 1 0 0 1 0 0 1 1 1 1 0 1 1 0 1 0 1 1 1 1 0 1 1 0 1 0 0 1 0 0 1 0 0 1 0 1 0 0 1 0 1 0 0 0 1 0 1 0 1 0 1 0 0 1 1 1 0 
1 0 1 1 1 1 0 0 1 1 1 1 1 0 0 1 0 1 0 0 1 1 0 0 0 1 1 1 1 1 1 0 0 1 0 1 0 1 0 0 1 0 1 1 0 0 1 0 0 0 1 0 0 0 1 1 1 1 0 1 1 0 1 
1 0 0 0 1 0 1 1 0 1 1 1 0 1 0 1 1 1 1 0 0 1 0 1 0 1 0 1 0 1 1 1 1 0 0 1 1 0 1 0 1 1 1 1 1 1 1 0 0 0 1 0 0 0 0 1 0 0 1 1 0 0 1 
1 0 0 0 0 1 1 1 0 0 0 0 1 1 0 0 0 1 1 0 0 0 1 1 0 1 1 1 1 0 0 0 0 0 0 1 0 1 0 0 1 0 0 1 0 0 0 0 1 0 0 0 1 0 1 0 1 1 1 1 0 0 1 
1 1 1 1 0 0 1 0 1 1 0 0 0 1 1 0 0 1 1 1 0 1 0 1 0 0 1 0 1 0 1 0 1 1 1 1 1 1 1 0 1 1 0 0 0 1 0 0 1 0 1 0 1 0 0 1 0 1 1 0 0 0 1 
0 1 0 0 0 1 1 1 0 0 0 1 0 0 0 1 1 1 0 1 0 1 1 0 1 1 1 0 1 0 1 1 1 0 0 1 0 1 0 1 0 1 1 0 1 1 0 0 1 1 0 1 1 0 1 1 1 0 1 0 0 0 1 
1 1 1 1 0 0 0 1 0 1 1 0 1 1 0 0 1 0 1 1 0 1 1 1 1 0 0 1 0 0 0 0 1 0 1 1 0 1 1 1 0 1 1 0 1 0 1 1 0 1 1 0 0 0 0 1 1 0 1 0 0 0 1 
1 0 0 1 0 0 0 1 0 0 0 0 1 0 1 1 0 1 0 0 1 1 1 0 1 0 1 0 1 0 1 0 1 0 1 0 0 0 0 1 1 1 1 0 0 0 1 0 0 0 1 1 0 1 0 0 1 0 0 0 0 0 0 
0 0 0 1 0 1 0 0 1 1 1 0 0 0 1 1 1 1 0 1 0 0 0 1 1 1 1 0 0 0 0 0 0 1 0 0 0 1 1 1 0 0 0 1 0 1 0 0 0 1 1 0 1 0 0 1 0 1 0 1 1 0 1 
0 0 1 1 0 1 0 0 0 0 1 1 1 1 0 1 1 0 1 1 0 1 1 0 1 0 0 0 1 0 0 1 1 1 0 1 1 0 0 1 0 1 1 1 1 1 1 1 1 0 0 0 0 0 1 0 1 0 1 1 0 0 1 
1 1 1 1 0 0 0 1 1 1 0 0 0 1 1 1 1 1 0 0 0 0 1 0 1 1 0 1 0 0 1 1 1 0 0 1 0 0 1 0 0 1 0 1 1 1 0 1 1 0 0 0 1 1 1 0 0 0 1 0 1 1 0 
1 0 1 1 0 1 1 0 0 0 1 0 0 0 1 0 1 0 0 1 1 1 1 1 1 1 0 0 1 0 1 0 0 0 0 1 1 0 1 1 0 1 0 1 0 1 0 0 0 1 1 1 1 1 0 0 1 0 1 0 0 1 0 
0 0 1 1 1 1 1 1 1 0 1 1 1 0 0 0 0 1 1 1 1 0 1 1 1 0 0 0 0 0 0 0 1 0 0 1 0 0 0 1 0 0 0 0 1 0 1 1 1 0 1 1 0 1 0 0 1 0 0 1 1 0 1 
1 0 0 1 0 0 1 0 1 1 1 1 1 0 1 0 0 1 0 1 0 1 1 0 0 0 1 0 0 0 0 0 1 0 1 1 0 1 0 1 1 1 0 0 0 0 1 0 1 1 0 0 0 1 1 0 1 1 0 1 0 0 1 
0 0 1 0 1 0 1 0 0 0 1 1 0 1 1 1 1 1 0 0 0 1 1 0 1 1 0 0 1 1 0 1 1 1 0 0 1 1 1 0 0 1 0 1 0 0 0 0 0 0 1 0 1 1 0 0 1 1 1 0 0 1 0 
1 0 1 1 1 0 1 1 0 1 0 0 1 0 1 0 1 0 0 1 1 1 1 1 1 1 1 1 0 0 1 1 0 0 1 1 1 1 0 1 1 0 1 0 1 0 1 1 0 1 0 1 0 0 1 0 0 1 1 1 0 1 0 
0 0 1 1 0 0 1 0 1 1 1 0 1 0 0 1 1 1 1 0 0 0 0 1 0 0 1 0 1 1 1 0 0 0 1 1 1 0 1 1 0 1 1 0 0 1 0 1 1 0 0 1 0 0 1 0 0 1 0 0 1 0 0 
1 0 1 0 0 1 1 1 0 0 0 0 0 1 0 1 1 1 1 0 1 0 0 1 0 1 0 0 1 0 0 1 1 1 1 0 0 0 0 0 0 0 0 0 0 0 0 1 0 0 0 0 0 1 0 1 0 0 0 1 0 0 1 
0 1 0 1 0 1 1 0 0 1 0 0 1 0 1 0 1 0 1 0 0 1 0 1 1 0 0 1 1 1 0 1 0 1 1 0 0 0 0 0 0 1 1 1 1 0 0 0 1 1 1 0 0 0 0 0 1 0 0 0 0 1 1 
0 0 1 1 0 0 1 0 0 0 1 0 1 0 1 0 0 0 0 1 1 1 1 0 1 1 1 0 0 1 0 0 0 0 0 1 1 0 1 1 0 1 1 0 1 0 1 1 1 0 1 1 1 1 1 1 1 1 0 1 1 1 0 
0 1 0 0 0 0 0 0 0 1 0 1 0 0 0 0 0 0 1 0 0 0 1 0 1 1 1 1 0 0 0 0 0 1 0 0 1 0 0 0 0 0 1 0 1 0 0 1 1 0 0 0 0 1 0 0 1 1 1 1 0 0 1 
0 1 0 0 0 1 0 0 0 0 0 1 0 0 0 0 0 0 1 1 1 0 1 0 0 0 0 0 1 0 1 0 1 1 0 1 0 1 1 0 0 1 0 0 0 1 0 0 0 1 0 1 0 0 1 0 1 1 1 1 0 1 1 
1 1 1 0 1 1 0 1 0 1 1 0 1 0 1 1 0 0 0 0 1 1 1 1 0 1 1 0 0 0 0 1 0 0 1 1 0 1 1 0 1 1 1 0 0 0 1 0 0 1 0 1 1 0 0 1 1 0 1 1 0 0 0 
0 1 1 1 0 0 1 0 1 1 0 1 1 0 1 0 1 0 1 0 0 0 0 0 1 1 0 0 1 1 0 0 1 1 0 0 1 1 1 0 1 0 1 1 0 0 1 1 1 0 0 1 1 1 1 0 1 0 1 1 1 1 0 
0 0 0 1 1 0 1 1 0 0 0 0 0 1 1 0 1 0 0 0 1 1 1 0 0 1 0 1 1 0 1 1 1 1 1 1 0 0 0 0 1 1 1 1 1 1 0 1 1 1 1 0 1 1 1 1 1 1 1 0 0 0 1 
1 0 0 0 0 1 0 0 0 0 1 1 0 0 0 1 0 0 1 1 1 0 1 1 0 0 1 0 0 1 0 0 0 0 0 0 0 1 1 1 1 0 0 0 0 1 1 1 1 1 0 0 0 1 1 0 0 0 1 0 1 1 1 
0 0 0 1 1 0 0 1 0 0 0 0 1 0 1 1 0 1 0 1 0 1 1 0 0 1 1 0 1 1 1 1 0 0 1 1 1 0 1 1 1 0 0 0 0 0 1 0 1 0 0 1 1 1 0 1 1 1 1 1 0 1 0 
1 0 1 0 0 1 1 1 0 1 1 1 0 1 0 1 1 0 1 0 0 1 0 1 1 1 1 0 1 1 0 1 1 0 1 1 1 0 1 1 0 1 1 0 0 0 1 0 1 0 0 1 1 0 0 0 1 0 1 0 0 0 0 
1 0 0 0 1 0 0 0 0 0 0 0 0 0 1 1 0 1 0 1 0 1 1 0 0 1 0 1 0 1 1 1 0 1 0 1 0 1 0 1 1 0 1 0 0 1 0 0 1 1 0 1 1 0 0 0 1 1 1 0 0 0 0 
0 1 0 0 0 0 0 0 0 1 0 0 0 1 1 1 1 1 1 1 0 1 1 1 0 0 0 1 0 1 1 1 1 0 1 0 1 0 0 0 0 0 1 0 1 0 1 0 0 1 0 1 1 0 0 0 0 0 1 0 0 0 0 
0 0 0 1 1 1 1 0 0 1 1 1 1 1 0 0 1 1 1 1 1 0 1 0 1 1 0 1 1 0 0 0 0 1 1 0 1 0 1 1 0 1 0 0 0 0 1 1 1 1 0 0 1 1 0 0 0 0 1 0 0 0 0 
1 1 1 1 0 0 0 0 1 0 1 0 0 1 0 0 0 0 1 0 0 0 1 0 0 1 1 1 0 1 1 1 1 1 1 0 1 0 0 1 0 0 1 1 0 1 0 1 1 0 0 0 0 1 0 0 1 0 0 1 1 0 1 
0 1 0 1 1 0 1 0 0 1 0 1 1 1 0 0 0 0 1 1 1 0 1 0 1 1 0 1 1 1 1 1 0 0 0 1 0 1 1 0 0 1 1 0 1 1 1 0 0 1 1 1 0 1 1 0 0 1 1 1 1 0 1 
1 1 0 1 1 0 1 0 1 0 0 1 0 1 0 0 0 0 0 0 1 0 0 1 0 1 0 0 1 0 1 1 1 0 0 1 0 0 1 0 0 1 1 0 1 0 0 0 0 0 1 0 0 0 1 0 0 1 0 0 1 1 1 
1 0 1 0 1 1 0 0 0 1 0 1 0 0 0 0 1 1 1 0 0 1 1 1 0 1 0 0 1 1 0 1 0 0 0 1 0 1 0 0 0 0 0 0 1 1 0 0 0 0 1 1 0 0 1 0 1 1 0 1 1 1 1 
1 0 1 0 0 0 1 1 1 0 0 0 1 1 1 0 0 1 0 1 1 0 1 1 1 0 1 0 1 1 0 1 1 1 0 0 1 0 0 0 1 0 1 0 1 0 0 0 1 0 1 1 1 0 0 1 1 0 0 1 1 0 0 
0 0 1 1 0 1 0 1 1 0 0 1 1 0 1 0 0 0 1 1 0 0 0 0 1 0 0 1 1 0 0 1 1 1 0 0 1 1 0 1 0 0 0 0 1 1 0 0 0 1 0 1 1 0 0 0 1 1 1 0 0 0 0 
0 0 1 0 0 1 1 0 1 0 1 0 1 0 1 0 0 1 0 0 1 1 1 0 0 1 0 1 0 1 1 0 1 1 1 1 1 1 0 1 1 1 1 1 0 1 0 1 1 1 0 0 1 1 0 0 0 0 0 0 0 0 0 
0 1 1 1 0 0 1 1 1 1 0 0 1 1 1 0 0 1 1 1 0 0 1 0 0 0 1 0 1 0 0 0 0 1 1 1 1 1 0 0 1 0 0 1 1 0 0 0 0 0 1 1 1 0 0 1 1 1 1 1 0 0 1 
0 0 0 1 0 0 0 1 0 0 0 0 1 1 1 0 1 1 1 0 0 1 0 0 0 1 1 0 1 1 1 1 1 0 0 1 1 1 0 0 1 0 1 1 1 0 1 0 0 0 0 0 1 0 0 0 0 1 0 1 0 0 1 
1 1 0 1 0 0 0 1 0 0 0 0 1 1 0 1 0 1 1 1 1 1 0 0 0 1 0 1 1 0 1 0 0 0 1 1 0 0 1 1 1 0 1 1 1 1 0 0 1 0 0 1 1 0 1 1 1 0 1 1 1 1 0 
1 0 1 1 1 0 0 0 1 0 1 0 0 1 0 0 0 1 1 0 0 1 1 0 1 0 0 1 0 0 1 1 0 1 1 0 0 1 0 0 0 1 0 0 0 0 1 1 1 0 0 1 0 1 1 1 0 1 1 0 0 1 1 
1 1 0 0 0 1 0 0 0 0 1 0 1 0 0 1 1 0 0 1 1 0 0 0 1 1 1 0 1 1 1 0 0 1 1 1 1 0 0 1 0 1 1 1 0 0 0 0 1 1 1 0 0 0 1 1 1 0 0 0 0 1 0 
1 0 1 1 1 1 0 1 1 1 1 0 1 1 0 1 0 1 0 0 1 0 1 0 0 1 1 1 1 0 0 1 0 1 1 1 0 0 1 0 0 1 0 1 1 0 0 1 1 1 0 0 0 0 1 1 0 1 1 0 1 1 0 
1 1 1 1 0 1 1 1 1 0 0 1 1 0 1 1 1 1 1 1 1 1 1 0 0 0 1 1 0 1 0 1 1 1 0 1 1 1 1 1 1 0 0 1 1 1 0 1 1 0 1 0 0 0 1 1 1 0 1 1 0 0 0 
1 0 1 0 1 1 0 0 1 0 0 0 0 1 1 1 0 0 1 0 1 1 1 1 0 1 1 0 1 1 1 1 0 1 0 1 1 1 0 1 1 1 1 0 0 0 0 0 1 0 1 1 0 0 1 1 0 1 1 1 1 0 1 
0 1 1 0 1 1 1 0 0 1 1 0 1 1 1 0 1 0 0 1 0 0 0 1 1 1 1 1 0 1 1 0 1 1 1 0 1 0 0 1 1 0 1 0 1 0 1 0 1 0 1 1 0 1 0 1 1 1 0 0 0 1 1 
0 1 0 1 1 1 1 1 0 0 1 0 1 1 0 1 1 0 1 0 0 1 1 0 0 1 1 0 0 1 1 0 0 0 0 0 1 1 1 1 0 1 0 0 1 1 1 0 1 1 1 0 1 1 1 1 1 0 1 1 0 1 0 
1 1 1 0 0 1 1 0 1 1 1 1 0 0 1 1 1 1 1 1 0 0 0 0 1 0 0 1 1 1 0 1 0 1 1 0 1 1 1 0 0 1 0 0 0 0 1 0 0 0 0 1 1 1 0 0 0 0 0 0 0 1 0 
1 0 1 0 0 0 1 1 0 1 1 1 0 0 1 1 1 0 0 0 0 1 1 1 1 1 1 0 0 1 1 1 0 0 0 0 1 0 0 1 1 1 0 1 0 1 0 0 1 1 0 0 0 1 1 0 1 1 0 1 1 0 0 
0 1 0 0 0 1 1 0 0 0 0 0 0 0 0 0 0 1 1 1 1 1 0 1 1 0 1 0 1 0 0 0 1 0 1 0 0 0 0 1 0 0 1 0 0 0 1 0 1 0 1 1 1 0 1 0 1 1 0 1 0 1 0 
0 1 1 1 0 1 1 1 1 1 0 0 1 1 0 0 0 0 1 0 1 1 1 1 1 1 1 0 0 1 1 0 0 1 1 1 1 1 0 1 1 1 1 1 1 1 1 0 1 1 1 0 1 1 0 1 0 1 0 1 0 1 0 
0 1 1 0 1 0 1 0 0 0 0 0 1 1 1 1 1 1 0 1 1 0 1 0 0 0 1 0 0 1 0 0 0 0 1 0 0 1 1 1 1 1 0 0 1 0 1 0 0 1 1 0 0 1 1 1 0 0 1 1 1 0 1 
0 0 1 0 1 1 1 1 1 1 0 1 1 1 0 0 1 1 0 1 0 1 0 1 1 0 0 1 0 1 1 0 0 1 1 1 0 1 1 0 1 1 1 1 1 0 1 0 0 0 0 0 1 1 0 1 1 0 1 0 0 1 1 
1 1 0 1 0 0 1 1 0 1 0 1 0 0 0 0 0 0 0 0 0 1 0 1 0 0 0 0 0 1 0 1 0 1 1 1 0 1 1 1 0 0 0 1 1 1 0 0 0 0 0 0 0 1 0 0 0 0 1 1 1 1 1 
1 1 0 1 1 1 1 0 1 0 0 0 1 0 0 0 0 0 1 0 1 0 0 0 0 0 1 0 1 0 0 0 0 0 1 0 0 1 0 0 1 1 1 0 0 1 1 1 1 1 1 0 0 0 0 1 0 1 1 1 0 1 1 
0 0 1 0 0 1 0 1 1 1 1 0 0 1 0 1 0 1 1 0 1 1 0 1 1 0 1 0 0 0 0 0 1 0 0 1 1 1 0 1 0 1 0 1 1 0 1 1 0 0 1 0 1 1 0 1 0 0 0 0 0 1 1 
1 0 1 0 1 1 1 1 0 0 1 0 0 0 0 0 1 0 1 1 0 1 1 0 1 1 1 0 1 1 0 1 1 1 0 1 0 1 1 1 0 0 1 1 1 0 0 1 1 0 1 0 1 0 1 0 1 0 0 1 0 0 1 
0 1 1 1 1 0 1 1 0 1 1 1 0 1 0 0 1 0 1 0 0 0 1 0 1 1 0 0 0 0 0 0 0 1 1 0 0 0 0 0 1 1 1 1 1 1 0 1 0 0 0 1 1 1 1 1 1 0 0 1 1 0 0 
0 0 1 1 1 0 0 1 1 0 1 0 1 1 1 0 1 0 1 0 1 1 1 1 0 0 1 1 0 0 0 1 0 0 1 0 0 1 1 0 0 1 0 1 0 0 1 1 1 1 1 1 0 0 0 0 1 0 0 0 0 1 1 
0 0 0 1 0 1 1 1 1 0 0 0 0 1 1 0 1 0 1 1 1 1 1 0 0 1 1 1 1 1 0 1 0 1 0 1 0 1 1 0 0 0 1 1 0 1 0 0 1 0 0 0 0 1 0 0 0 1 1 1 1 1 1 
0 0 0 0 1 0 1 1 1 1 0 0 0 0 0 1 1 0 0 0 0 0 0 1 0 1 0 0 0 0 1 0 1 0 1 1 1 1 0 0 0 1 1 1 1 1 0 1 0 0 0 1 1 0 0 1 0 0 0 0 0 1 0 
1 0 1 1 0 1 0 0 0 0 1 0 1 0 0 0 0 1 1 1 1 1 0 0 0 0 0 1 0 1 0 1 0 1 1 1 1 1 0 0 0 1 1 1 0 0 1 1 1 0 0 0 1 1 1 1 1 1 0 1 0 0 0 
0 1 0 0 1 1 0 0 0 1 1 0 0 0 1 1 1 0 0 1 0 1 1 1 0 1 0 1 0 1 0 0 1 1 0 1 1 0 1 0 0 1 1 0 0 1 0 1 1 0 0 1 1 1 1 0 0 0 1 1 0 0 1 
1 0 0 0 1 0 0 0 1 0 1 1 1 0 1 1 0 0 1 1 1 1 1 0 1 1 1 0 1 1 1 1 0 1 0 0 0 1 1 1 1 1 1 1 1 1 0 0 0 0 1 1 0 1 1 1 1 1 0 1 1 1 0 
62 13
16 17
20 3
45 25
41 61
57 51
64 22
38 44
2 25
64 48
63 4
17 34
52 49
62 23
59 16
54 57
11 57
37 44
12 3
36 46
31 14
60 2
55 7
1 13
37 39
28 61
17 7
15 44
6 55
37 58
2 34
11 3
53 33
1 23
10 40
53 8
47 52
58 39
13 50
41 54
61 21
50 28
27 40
32 28
23 35
13 8
43 60
59 50
37 63
51 36
40 33
57 17
64 18
20 11
61 17
23 53
48 4
56 60
14 8
4 2
21 6
59 27
41 7
33 60
58 9
54 48
10 17
22 13
33 4
31 39
49 36
47 49
22 2
39 32
67 21
20 47
61 27
19 47
67 19
64 44
32 61
32 14
53 33
54 61
18 18
32 9
28 7
52 6
56 61
25 18
59 45
12 45
2 48
55 5
12 62
1 59
8 38
37 57
65 3
14 6
67 43
40 23
36 41
57 40
46 46
36 12
39 3
62 2
67 2
23 8
56 6
60 52
24 32
31 2
47 50
30 6
15 3
48 62
61 47
38 53
26 46
34 11
53 11
39 62
57 5
65 39
56 52
11 8
40 47
11 4
64 46
46 47
51 44
23 8
3 15
45 4
25 11
35 14
7 4
20 11
49 51
16 34
12 10
29 60
36 27
49 8
41 54
55 3
53 17
8 54
7 45
32 35
7 48
29 37
37 35
39 55
33 4
64 26
62 62
37 39
29 3
25 62
17 32
1 60
54 15
22 17
25 47
64 58
65 42
11 13
53 57
1 57
30 22
27 36
41 61
45 18
44 52
39 9
67 9
67 51
57 27
14 3
8 27
5 27
61 20
5 45
33 41
56 33
53 31
29 55
55 27
22 46
25 44
32 36
49 11
20 62
18 34
12 10
42 12
56 35
25 28
43 22
45 32
9 3
58 39
49 5
47 62
29 17
65 29
51 44
60 54
15 37
21 1
28 19
33 59
43 8
28 29
42 33
33 14
61 28
54 24
4 42
6 25
6 5
31 59
50 4
63 37
4 45
27 51
35 10
58 36
44 63
27 19
61 26
56 41
67 44
29 16
49 24
32 43
38 41
3 4
57 40
5 5
67 47
36 44
4 56
43 57
41 57
62 41
5 52
30 40
23 9
31 3
40 16
55 28
22 36
16 33
47 1
49 63
62 18
65 18
19 4
28 32
17 31
43 8
13 22
46 53
63 29
33 58
37 20
4 31
11 58
10 55
63 57
2 63
65 15
39 23
38 3
23 25
25 22
64 41
36 55
9 13
28 54
27 63
64 59
64 1
50 56
28 49
51 28
34 29
36 10
53 24
5 9
16 14
20 61
7 20
61 22
27 3
8 7
51 7
28 57
63 23
1 46
11 62
5 56
27 42
2 48
3 26
36 38
61 35
58 48
1 2
59 44
38 21
41 16
19 50
8 58
43 8
19 51
50 10
35 52
45 24
39 42
62 27
46 55
66 48
48 57
46 10
32 14
18 17
14 24
23 15
53 61
1 13
42 50
8 57
14 58
38 11
36 41
21 41
14 46
4 7
21 16
40 18
23 56
13 15
21 48
67 63
6 42
54 7
47 4
4 13
50 10
13 37
64 61
23 45
61 19
11 53
67 62
47 36
48 49
2 22
35 33
61 10
42 8
20 60
23 48
8 14
37 46
2 44
18 44
56 48
40 44
34 3
9 10
67 6
26 2
53 48
4 49
19 56
62 32
14 53
65 62
34 4
4 45
65 42
7 1
28 58
35 4
25 57
48 61
41 1
41 49
15 35
35 43
60 16
45 57
60 58
51 55
41 54
6 16
34 37
54 1
59 19
49 32
12 31
15 29
39 28
30 9
42 56
41 20
55 27
20 27
14 18
13 34
52 45
5 29
58 38
20 54
1 3
30 10
27 61
67 53
30 33
1 15
55 55
61 54
10 34
50 14
56 7
36 7
41 49
1 30
31 52
64 39
55 17
59 9
34 26
35 10
67 22
57 13
18 39
8 24
20 42
44 27
54 31
32 46
35 10
35 27
46 25
47 28
67 6
24 38
17 63
16 38
8 5
63 10
65 18
55 61
50 29
5 24
51 12
8 38
20 35
11 27
17 30
55 42
20 39
4 52
62 16
46 52
63 14
27 62
25 62
9 37
30 33
30 27
61 36
38 26
15 38
15 57
8 29
1 16
67 63
65 56
32 2
48 32
30 49
40 11
45 12
26 39
58 15
46 3
15 33
55 4
53 25
36 38
31 31
19 59
11 46
66 47
15 52
14 13
40 60
28 4
2 10
15 44
63 6
36 4
45 29
3 62
20 37
9 61
39 34
49 54
58 6
16 48
66 2
