91 26 445
0 0 1 1 1 1 1 0 1 1 1 0 1 0 0 0 1 0 1 1 1 0 1 0 1 1 
1 0 0 1 1 1 0 0 0 1 0 0 0 1 0 0 1 0 0 1 0 0 0 1 0 1 
1 0 1 0 0 0 1 1 1 0 1 0 1 1 1 1 1 0 0 0 1 0 0 0 1 0 
1 1 1 0 0 0 1 0 0 0 0 0 0 1 0 0 1 1 0 1 1 1 1 1 1 1 
0 0 1 0 0 1 1 0 0 0 1 0 0 1 0 0 0 0 0 0 0 1 1 0 0 0 
1 1 1 0 1 1 0 0 0 0 0 1 1 1 0 1 1 0 0 1 0 1 0 1 1 1 
0 0 1 1 0 0 1 0 1 0 0 0 0 1 1 1 1 1 1 1 1 1 0 0 1 0 
1 1 0 0 1 0 1 0 1 1 1 1 1 0 0 1 1 0 1 0 0 1 1 0 1 0 
0 0 0 0 1 1 1 0 0 1 0 1 0 0 1 0 1 1 0 0 0 1 0 0 0 1 
1 1 1 0 1 0 0 1 1 1 0 0 1 1 1 0 0 1 1 1 1 0 1 0 1 0 
1 1 0 0 1 1 0 1 0 1 1 0 0 0 1 1 1 1 1 0 0 0 1 0 1 1 
1 0 1 0 0 0 0 0 1 1 0 1 1 1 0 0 1 0 1 0 1 0 0 0 1 0 
0 0 1 1 1 0 1 1 1 1 0 1 0 1 0 1 0 1 1 0 1 0 0 1 1 0 
1 1 0 0 1 1 0 1 1 0 0 1 0 1 0 0 1 1 1 1 1 0 1 0 0 0 
0 0 0 1 1 0 0 1 1 0 1 1 0 1 1 1 1 1 0 0 1 0 1 1 1 0 
1 1 0 0 0 0 1 0 0 0 1 1 1 0 1 0 1 1 0 0 1 1 1 0 0 0 
0 0 0 1 1 0 0 0 0 0 1 0 1 0 1 1 0 0 0 0 1 0 1 1 1 0 
1 0 1 1 1 1 1 0 0 1 1 0 1 1 0 1 1 0 1 0 1 0 0 1 1 1 
0 0 0 0 1 1 1 1 1 1 0 1 1 0 1 0 0 1 0 1 1 1 0 1 0 0 
0 1 0 1 1 0 0 1 0 0 1 1 0 0 0 0 0 0 0 1 1 0 1 1 0 0 
1 1 0 1 1 0 1 0 1 1 1 1 1 1 1 1 0 1 1 1 0 1 1 1 1 0 
0 1 1 1 1 0 1 1 0 0 1 1 1 0 1 1 1 0 0 0 1 0 1 0 0 1 
1 1 0 1 0 1 1 1 1 0 1 0 1 0 0 1 1 0 0 0 1 0 0 0 1 1 
0 1 1 1 0 0 0 0 0 1 1 1 0 1 0 0 0 0 1 1 1 1 1 0 1 0 
1 1 0 1 1 1 0 1 1 0 1 0 0 1 1 1 0 1 0 0 1 0 0 1 0 0 
0 1 0 1 0 0 0 0 1 0 1 0 1 0 0 1 1 0 1 0 0 0 1 0 0 0 
0 1 0 1 1 0 1 0 1 0 1 0 0 1 1 1 0 0 0 0 0 1 0 0 1 0 
1 0 1 0 0 1 0 1 1 0 1 0 0 1 1 1 0 1 0 1 0 0 1 0 0 0 
0 1 0 0 1 0 0 1 1 1 0 1 1 1 1 1 1 0 0 1 1 1 1 0 1 1 
0 0 1 0 1 0 1 0 1 1 1 0 1 0 0 0 1 1 0 0 1 0 1 1 0 1 
0 1 0 1 0 0 1 1 1 0 0 0 0 1 1 1 0 1 1 1 0 0 1 0 1 0 
1 0 1 0 0 0 1 1 1 0 0 0 0 0 1 0 1 0 0 0 1 1 0 1 0 0 
0 0 1 0 0 1 1 1 0 1 1 0 1 0 1 1 1 1 1 1 0 1 0 1 0 1 
1 1 1 1 1 1 1 0 1 1 1 0 1 1 0 1 1 1 1 0 0 1 0 1 1 0 
1 0 1 0 1 1 1 1 0 0 0 1 0 1 0 1 1 0 1 1 0 0 0 1 1 0 
1 0 0 0 1 0 1 1 0 1 1 1 1 0 0 1 0 1 0 1 0 1 0 0 1 1 
1 1 0 1 0 1 1 0 0 0 1 1 1 0 0 0 1 1 1 0 1 0 1 1 1 1 
1 1 1 0 0 1 0 1 1 1 1 1 0 0 0 1 1 1 0 1 1 1 1 0 1 1 
1 1 1 1 0 0 1 1 1 0 0 0 0 0 1 1 1 1 0 1 0 1 0 1 1 1 
0 1 0 1 1 0 1 1 1 1 1 0 1 0 0 0 0 0 1 1 0 0 1 0 0 1 
0 0 1 1 0 0 0 1 0 0 0 0 1 1 0 0 1 0 1 1 0 1 1 1 0 0 
0 1 0 0 1 0 0 0 0 1 0 0 1 1 1 1 1 1 0 0 0 0 0 0 0 0 
1 1 1 0 1 0 0 0 1 0 1 1 1 1 0 0 1 0 1 1 1 1 0 1 1 0 
0 1 1 1 0 1 1 0 0 1 0 0 0 1 0 1 1 0 1 1 1 0 0 1 0 1 
1 0 0 0 1 0 0 0 1 0 0 0 1 0 1 1 0 1 0 1 0 1 1 1 1 1 
1 0 1 1 0 0 1 0 1 0 1 1 0 0 0 1 0 1 0 0 1 0 0 1 0 0 
0 0 1 0 1 0 0 0 1 0 0 0 1 1 1 0 1 1 0 1 1 1 0 0 1 0 
0 0 1 0 0 0 1 1 1 0 1 0 0 0 1 1 1 1 1 0 0 1 0 0 0 1 
0 1 1 1 0 0 1 0 0 1 0 0 0 1 1 0 0 0 1 1 1 1 1 0 0 1 
1 1 0 1 0 1 0 1 0 0 0 0 0 0 1 1 0 0 0 1 1 0 1 1 1 1 
0 1 1 1 0 1 0 0 0 1 0 1 1 0 1 1 0 1 1 1 0 1 1 0 0 1 
1 0 0 1 1 1 0 0 1 1 1 1 0 1 0 1 0 1 0 1 1 0 1 0 0 1 
0 1 1 1 1 0 0 0 1 1 1 1 0 0 1 0 1 0 1 0 1 1 0 1 0 0 
0 0 0 0 1 0 1 0 0 1 0 1 0 1 1 1 0 1 0 1 1 0 1 0 0 1 
0 1 1 0 0 1 0 0 1 1 0 1 0 1 1 0 1 0 0 1 0 0 1 0 1 0 
0 0 1 1 1 1 0 1 1 1 1 1 1 0 1 1 1 0 0 0 0 1 1 0 1 0 
1 1 0 0 0 0 0 0 0 1 0 0 0 1 0 0 0 1 1 0 0 1 0 1 0 1 
1 1 1 1 1 1 1 0 1 1 1 0 0 1 0 0 0 0 0 1 0 1 0 0 0 1 
0 0 0 1 1 1 0 0 0 0 0 0 1 0 1 0 0 0 0 1 0 0 0 0 1 1 
1 0 1 1 0 1 0 0 1 0 1 1 0 0 1 0 1 0 0 0 1 1 0 0 1 0 
1 0 0 1 0 1 0 0 0 0 1 0 1 0 1 0 1 1 1 1 1 1 1 0 1 0 
1 0 1 0 1 1 0 1 1 0 0 1 0 0 0 1 0 1 0 1 0 0 1 0 0 0 
1 1 0 1 1 0 0 0 0 0 0 0 0 0 1 0 0 0 1 0 0 1 1 0 0 1 
0 0 1 1 1 1 1 1 1 1 0 1 0 0 0 0 0 0 0 1 0 0 1 1 0 0 
1 1 1 1 1 1 1 1 0 1 1 0 0 0 0 0 1 0 1 0 0 0 1 1 1 1 
1 1 0 1 1 0 0 1 1 1 1 0 1 1 1 0 1 0 1 1 1 0 1 0 1 0 
1 0 0 1 1 0 1 0 0 0 0 0 0 0 0 0 1 0 1 0 1 0 1 1 1 1 
0 1 1 0 0 0 0 0 1 1 1 1 1 0 0 0 1 1 1 1 1 1 1 0 1 1 
1 1 1 0 1 0 1 1 0 0 0 0 0 1 0 1 0 1 0 1 0 0 0 0 0 0 
0 0 0 1 0 0 1 1 0 0 0 0 0 0 1 0 1 1 0 0 0 1 1 0 0 1 
1 1 1 1 0 0 0 1 1 1 0 0 1 0 0 0 1 0 1 1 1 1 0 0 0 0 
1 1 1 1 1 0 0 0 1 0 0 0 0 1 1 0 0 1 0 1 0 0 1 1 0 1 
1 0 1 1 1 1 0 0 1 0 0 1 0 0 0 0 1 0 0 0 1 1 0 1 0 1 
0 0 0 0 0 0 0 1 1 0 1 1 0 1 0 0 1 1 0 1 1 1 0 0 1 0 
1 1 1 1 0 1 1 0 1 1 1 0 0 1 1 0 0 1 1 0 0 0 0 0 1 1 
1 1 0 1 1 0 0 1 1 1 1 1 1 1 0 0 1 0 0 1 1 1 0 0 0 1 
0 0 1 0 0 1 0 1 0 0 0 1 0 1 1 1 0 1 0 0 1 1 0 0 1 1 
1 1 1 1 1 0 0 1 0 1 0 0 0 1 1 0 0 0 0 1 1 0 0 0 1 0 
1 0 0 0 0 0 0 1 0 0 1 0 1 0 1 0 1 0 1 0 1 1 0 0 0 1 
0 0 1 1 0 1 1 1 1 1 0 1 1 0 0 1 0 0 1 1 0 1 0 1 1 0 
1 0 0 0 1 1 0 1 0 1 0 0 1 0 1 1 0 0 0 1 0 0 1 0 0 1 
0 0 1 0 1 1 0 0 1 1 0 1 1 0 1 0 1 1 0 1 1 0 1 0 0 0 
0 1 1 0 0 0 1 0 0 1 1 0 1 1 0 0 1 1 1 1 0 0 0 0 0 0 
1 1 1 0 1 1 1 0 1 0 0 1 1 0 0 0 0 1 1 0 1 0 1 1 0 1 
0 1 1 0 0 0 1 0 1 0 1 0 0 1 0 1 0 1 0 0 0 1 0 0 1 1 
0 1 0 1 1 0 0 1 0 1 0 0 1 0 0 0 0 1 0 0 0 1 0 0 0 0 
0 1 0 0 0 1 1 1 1 1 1 0 1 0 1 1 1 1 1 1 1 1 0 0 0 1 
0 0 1 1 1 1 1 1 0 1 0 1 0 0 0 1 0 0 0 0 0 0 0 1 1 1 
1 0 1 1 1 1 0 1 1 1 1 1 1 1 1 1 0 1 1 1 0 1 1 0 1 1 
0 1 0 0 1 1 1 0 1 0 0 1 0 0 1 0 0 0 1 0 1 1 0 1 0 1 
0 0 0 1 0 1 0 1 0 1 1 1 0 1 1 1 1 0 0 0 0 0 1 0 1 1 
73 17
91 2
50 15
39 9
3 6
38 5
18 7
26 3
31 5
74 7
29 20
39 1
64 25
20 17
10 3
84 7
9 10
71 22
57 10
58 23
62 26
3 25
53 5
89 11
16 18
62 4
6 25
85 5
84 4
86 16
80 13
70 20
77 15
45 25
89 8
84 20
59 22
37 22
75 24
15 17
63 25
16 25
86 14
30 4
25 19
20 6
27 25
47 6
59 9
17 19
64 4
52 22
80 26
82 5
86 5
55 5
60 26
31 15
66 10
74 11
31 25
62 9
44 14
16 10
82 26
13 4
27 12
62 12
69 2
61 12
90 14
66 14
87 7
19 14
48 24
52 2
60 22
73 4
62 18
52 1
46 16
78 16
72 10
33 8
33 7
63 5
28 16
54 21
11 2
43 3
31 8
33 14
27 6
41 5
14 12
50 6
20 5
77 25
30 7
18 26
71 11
77 13
47 13
75 4
90 25
90 18
38 3
52 16
24 26
58 11
86 24
79 10
75 15
83 8
14 9
26 4
64 11
56 21
59 15
43 17
13 19
36 5
32 20
42 16
8 7
16 20
60 11
9 20
40 8
82 18
10 1
6 3
48 16
25 13
61 13
23 6
35 11
18 23
73 19
59 9
25 17
65 17
68 21
22 12
12 3
38 13
50 5
81 19
76 3
37 7
13 6
56 8
28 1
74 20
57 3
66 4
34 12
57 21
34 15
68 23
44 4
76 6
13 15
75 26
65 3
32 6
91 23
29 23
68 20
88 1
18 2
36 22
17 12
53 13
18 12
22 20
35 14
40 25
57 13
24 14
57 9
73 26
27 12
69 17
50 22
76 15
84 1
43 18
45 19
29 7
10 8
71 15
1 10
8 25
11 1
59 21
69 1
52 7
63 17
72 3
46 23
5 16
72 25
5 13
45 5
46 3
20 18
22 1
23 10
28 14
25 23
29 17
53 13
87 21
63 14
23 14
19 11
62 16
34 19
49 21
17 10
55 12
64 23
53 10
15 4
82 1
71 25
18 5
46 19
36 3
65 26
82 1
46 11
90 7
13 9
3 21
2 18
38 21
75 1
81 8
20 17
84 10
39 2
58 9
3 19
84 12
20 19
58 19
78 2
46 14
2 4
9 14
55 11
31 25
45 17
60 15
4 21
88 15
62 14
76 18
22 11
15 14
1 19
65 4
14 11
9 7
34 3
26 6
35 9
1 22
88 9
50 18
76 21
54 8
18 6
71 23
45 5
88 1
30 3
49 3
80 15
45 6
30 4
75 1
58 7
4 7
48 20
44 17
81 9
87 15
25 13
38 3
83 16
58 1
27 2
65 21
80 21
90 26
20 21
29 18
24 14
91 14
52 24
71 9
79 11
66 12
87 5
69 24
63 1
40 14
9 16
89 16
40 11
69 23
76 10
14 22
50 14
44 18
18 6
22 16
91 20
6 19
49 6
55 19
82 16
78 20
1 18
16 14
90 14
89 19
85 26
18 6
84 16
77 11
70 25
54 15
90 13
80 26
25 9
26 15
27 16
51 8
74 16
72 23
24 25
8 8
46 8
13 24
78 10
33 2
63 15
67 23
17 13
35 20
90 11
59 20
39 3
48 10
52 4
29 17
31 16
71 12
51 20
13 18
40 13
39 24
43 23
71 5
17 22
55 26
48 9
79 24
18 11
50 23
72 25
13 17
59 21
18 13
31 14
28 6
76 2
76 5
82 9
76 8
42 24
38 14
9 6
47 22
61 24
52 19
18 5
3 12
80 17
84 20
1 16
2 20
45 23
76 5
44 20
37 23
83 12
24 1
15 15
72 24
63 21
88 14
21 6
25 24
35 17
23 15
41 23
76 25
45 5
59 3
34 8
58 2
46 19
85 6
49 24
43 7
41 5
38 2
22 13
77 22
85 20
11 9
84 12
36 18
49 25
1 22
44 16
72 13
62 15
58 25
79 17
52 4
73 23
84 17
25 6
9 2
29 2
24 4
11 24
81 23
73 25
