56 94 574
0 1 1 1 1 0 1 0 0 0 0 0 0 0 1 0 0 1 0 0 1 0 0 0 0 0 0 1 1 1 0 1 1 1 1 0 1 0 0 0 0 1 0 1 1 1 0 0 0 0 1 0 0 1 0 1 1 1 1 1 1 1 0 0 1 1 0 1 0 0 0 1 0 0 0 1 1 0 1 1 0 0 1 1 1 1 0 0 0 1 0 0 0 1 
1 1 1 0 1 1 1 0 1 1 0 0 0 1 1 0 0 1 0 0 0 1 0 0 0 0 0 1 1 1 1 1 0 0 1 0 1 1 1 1 1 1 1 1 0 1 0 0 0 1 1 1 0 1 0 0 0 1 0 0 0 0 1 1 1 0 0 0 0 1 1 0 0 0 1 0 1 1 1 1 0 0 0 1 1 1 1 1 0 1 1 1 0 0 
0 1 0 0 0 1 0 1 0 0 0 0 1 0 1 0 1 0 0 0 0 1 1 1 0 1 0 1 0 0 1 1 1 0 0 0 0 1 1 1 0 0 1 1 1 0 1 1 0 1 1 1 0 0 0 1 0 0 0 0 0 1 0 1 1 0 0 0 0 1 1 0 0 0 0 1 0 0 0 1 1 0 1 1 1 0 0 0 1 1 1 1 0 0 
0 1 1 1 0 1 1 0 1 1 1 0 1 0 1 0 0 0 0 0 0 1 0 1 0 1 0 1 1 0 0 1 1 1 0 1 1 1 0 0 1 0 0 1 1 1 0 0 1 0 0 0 1 1 1 0 0 0 1 1 0 1 1 0 1 1 0 1 1 0 0 0 0 1 0 0 1 1 0 0 1 1 1 0 0 1 1 1 0 1 1 1 0 0 
0 1 1 0 0 0 0 1 0 0 0 0 0 1 1 0 1 0 0 1 0 1 1 0 0 0 0 0 0 1 1 1 0 0 0 0 0 1 0 0 1 1 0 1 1 1 1 0 0 1 1 0 0 0 0 0 0 1 0 0 1 0 1 0 0 1 0 1 1 0 1 1 0 0 0 1 1 1 1 1 1 0 0 0 1 1 1 0 0 1 0 0 1 1 
0 1 0 1 0 0 1 1 1 1 1 1 1 1 1 1 1 0 1 0 1 1 0 1 1 0 1 0 0 0 1 1 0 0 1 1 0 0 1 1 1 0 1 1 1 1 0 0 0 0 1 1 1 1 1 1 0 0 1 1 0 0 0 0 1 1 1 0 0 1 0 1 1 1 1 0 1 1 1 0 0 1 0 0 1 1 1 1 1 1 0 1 0 0 
0 1 0 0 1 0 0 1 1 1 0 0 0 1 1 0 1 0 1 1 1 1 0 0 0 1 0 1 1 1 1 1 0 1 1 1 1 1 0 1 1 0 1 1 1 1 0 0 1 1 0 0 0 0 1 1 1 0 0 1 0 1 1 1 0 0 0 0 0 0 0 1 0 1 0 1 1 0 0 1 0 1 1 1 0 1 0 0 1 1 1 1 0 1 
0 0 0 1 1 0 1 0 1 1 1 0 1 0 1 1 1 0 1 1 0 0 1 1 1 1 1 1 1 1 0 1 0 1 1 0 0 0 1 1 1 1 1 0 0 1 1 1 1 1 1 0 1 1 0 0 0 1 0 1 0 0 1 1 1 1 0 1 1 0 1 0 1 0 1 0 1 0 0 0 0 1 0 0 1 1 1 0 0 1 0 1 1 0 
0 1 1 0 1 1 0 0 1 0 0 0 1 0 1 1 0 1 0 0 1 1 0 0 1 0 1 0 0 1 0 1 0 1 0 0 0 0 0 1 0 0 0 1 1 1 1 1 1 1 1 0 1 1 0 1 1 1 1 0 0 0 0 0 0 1 1 0 0 0 1 1 0 0 1 0 1 0 1 0 0 0 0 0 1 1 0 1 1 1 0 1 1 1 
0 0 0 1 0 0 0 1 1 0 1 0 1 0 1 1 0 0 0 1 1 0 0 1 0 1 1 1 0 1 1 0 0 0 1 0 1 0 0 0 0 0 0 1 0 1 0 0 0 0 0 1 0 0 1 1 0 1 0 0 0 0 1 0 0 0 1 1 1 0 1 0 0 0 0 0 1 1 0 0 1 0 1 0 1 1 1 0 0 1 0 0 1 0 
0 0 0 0 0 1 1 1 0 0 1 1 0 0 1 1 0 0 1 0 1 0 0 1 0 1 0 1 0 1 1 1 0 0 0 0 0 0 0 0 0 0 1 1 1 1 0 1 0 1 1 1 0 0 1 0 1 0 1 1 1 0 1 1 0 1 1 0 1 0 1 1 0 0 0 0 1 0 1 1 0 0 1 1 0 1 0 1 0 1 0 1 0 0 
1 0 0 0 0 1 0 0 0 0 0 1 0 0 0 0 0 0 0 1 0 1 0 0 1 1 0 1 1 1 0 0 1 1 1 1 1 1 0 1 1 1 0 0 0 0 0 1 1 0 0 0 0 1 1 1 1 0 1 1 1 0 0 1 1 1 1 1 1 0 0 1 1 1 1 1 0 0 0 1 0 1 1 0 0 1 0 0 0 0 1 0 0 1 
1 1 1 1 1 0 0 0 0 1 0 0 1 1 0 0 0 1 1 0 0 0 0 0 0 1 1 1 0 1 0 0 0 0 0 1 0 1 0 0 1 0 1 0 1 1 0 1 0 0 1 1 0 0 0 0 1 0 1 1 1 0 1 1 1 1 0 1 1 1 1 0 0 0 1 0 0 1 0 0 0 0 0 1 1 1 1 1 1 1 1 0 0 1 
1 1 1 1 0 0 1 0 1 0 0 0 1 0 1 0 0 1 1 0 1 0 0 0 0 0 1 0 0 0 0 1 0 0 1 1 1 1 1 1 0 1 0 1 0 1 1 1 0 0 1 1 1 0 0 1 1 0 1 1 0 0 0 1 1 0 0 1 1 1 1 0 1 0 1 1 0 0 1 0 1 0 1 0 0 0 0 0 1 1 0 0 0 1 
0 0 0 0 1 1 1 0 0 0 0 1 0 1 0 0 0 0 1 1 1 1 0 0 1 0 0 1 1 0 1 0 0 0 0 0 1 0 0 0 0 0 0 0 1 0 0 1 0 1 0 1 0 0 1 0 1 0 0 0 1 0 1 1 1 1 0 0 1 1 1 1 1 0 0 0 1 0 1 1 0 0 0 0 1 0 1 1 1 1 1 0 1 1 
1 0 0 1 0 1 1 1 1 1 0 1 0 1 1 1 1 0 0 0 1 1 1 0 1 1 1 0 1 0 1 1 1 0 1 0 0 1 0 0 0 0 0 0 0 1 0 0 1 0 0 1 1 1 1 1 1 0 0 1 0 1 0 0 1 0 0 0 0 1 1 1 1 0 1 1 1 1 1 0 0 1 0 0 0 0 0 1 0 1 0 0 0 1 
0 1 1 0 0 1 0 1 1 1 0 1 1 1 0 1 1 0 0 1 0 1 0 0 1 1 0 1 0 0 1 0 0 1 0 0 1 1 1 1 1 0 1 1 1 1 1 1 1 1 0 1 1 1 1 1 0 1 0 0 1 0 1 1 0 1 0 0 0 0 1 0 0 0 0 1 1 1 1 0 0 1 0 0 0 1 0 0 0 0 0 0 0 1 
1 0 1 1 0 0 0 1 0 0 1 0 1 0 0 0 0 0 1 0 0 0 0 0 1 1 0 1 0 0 0 1 1 1 0 1 0 1 0 1 0 1 1 1 0 1 1 0 0 1 0 1 1 1 1 0 0 0 1 0 1 0 1 0 1 1 0 1 1 0 1 1 1 0 1 0 1 0 1 0 1 0 0 1 1 0 0 1 1 0 0 0 1 0 
0 0 1 0 0 0 1 1 1 1 1 1 1 0 0 1 1 1 1 0 0 0 0 1 0 0 0 0 0 1 1 0 1 1 1 0 0 0 0 0 1 1 0 0 0 1 0 1 0 1 0 1 1 1 0 0 0 0 1 0 0 0 0 1 0 1 0 0 1 1 1 1 1 0 0 0 1 1 1 1 1 1 0 1 0 1 1 0 1 0 0 0 1 0 
0 1 0 1 1 1 0 1 1 1 0 1 1 0 1 1 1 0 0 1 0 0 0 0 0 1 0 0 0 1 0 1 0 0 0 0 0 0 0 1 0 0 0 1 1 0 1 0 0 0 0 0 0 1 0 1 1 1 0 1 1 1 1 0 1 1 0 1 0 0 1 1 1 0 0 0 1 0 0 0 0 1 1 1 1 0 0 0 1 1 1 0 1 0 
1 0 0 1 0 0 1 0 1 1 0 0 1 0 1 1 1 0 1 1 1 0 0 1 1 0 0 1 0 1 0 0 1 1 0 0 1 0 1 1 0 1 1 1 1 1 1 1 0 0 1 0 1 0 1 1 0 0 1 0 0 0 0 0 0 0 1 0 1 1 0 0 0 0 0 1 1 1 1 0 0 1 1 0 0 0 0 0 0 0 0 0 0 0 
1 1 1 0 0 0 1 1 0 0 0 1 1 0 1 0 1 0 1 0 1 1 1 0 1 1 0 1 1 1 1 0 1 1 0 1 1 0 1 0 1 1 0 0 0 1 0 1 0 0 1 1 1 1 1 1 0 1 1 0 1 0 0 1 0 0 0 0 0 0 1 1 1 1 1 0 1 0 0 1 1 1 1 1 0 0 0 0 0 1 0 1 0 1 
0 1 0 0 1 1 0 1 0 0 1 0 0 0 0 1 0 1 0 0 0 1 0 1 1 1 1 1 0 0 1 0 1 0 0 0 0 1 0 1 1 1 1 1 0 0 1 0 1 1 0 0 0 0 1 1 1 1 1 0 0 1 0 0 0 0 0 1 1 1 1 0 0 1 0 1 0 1 1 0 0 0 1 0 1 0 1 1 1 1 0 1 0 0 
0 0 1 0 0 1 1 1 0 1 1 1 1 0 1 1 0 0 0 0 1 1 0 1 1 1 0 1 0 0 1 1 1 0 1 0 0 0 1 0 1 0 1 1 1 0 0 1 0 0 0 0 0 0 1 0 1 1 1 1 1 1 0 0 1 0 0 0 0 0 0 0 0 0 0 0 1 1 0 0 1 0 1 1 0 0 1 0 1 0 1 0 1 1 
0 1 0 0 1 0 0 1 1 0 0 1 1 1 1 0 0 0 1 0 1 1 1 1 1 1 0 0 1 1 0 0 0 0 0 0 1 1 0 0 0 1 1 1 1 0 0 1 0 0 1 1 1 1 0 1 0 0 0 1 0 0 0 0 0 1 0 1 0 1 1 0 0 1 1 1 1 0 1 0 1 1 0 0 0 1 1 1 1 0 1 0 0 0 
0 0 0 0 0 0 1 0 1 1 1 1 0 1 0 1 0 0 0 1 0 1 1 0 1 1 1 1 1 0 0 0 0 1 1 1 1 1 0 0 0 1 1 0 0 1 0 0 0 0 0 0 0 0 1 1 1 1 1 0 0 1 1 1 1 1 1 1 1 0 0 0 0 1 1 0 1 0 0 0 1 0 0 1 0 1 1 0 1 0 1 0 1 1 
0 1 0 0 1 1 1 1 1 1 1 1 0 0 1 0 0 1 1 0 0 1 0 0 0 0 1 0 0 1 1 0 0 0 0 0 0 0 1 1 0 1 1 1 0 1 1 1 1 0 0 1 1 1 0 0 0 0 0 0 0 0 0 0 0 1 0 1 1 0 1 1 0 1 0 0 1 1 1 0 1 1 0 1 1 0 0 0 0 0 1 0 0 0 
1 0 1 1 0 0 1 1 1 1 0 0 0 0 0 1 1 0 1 1 0 0 1 0 0 0 0 1 0 0 0 1 0 1 1 1 1 0 1 0 0 1 1 0 1 1 0 1 1 1 0 1 0 0 1 1 1 0 0 0 0 1 0 1 1 1 1 1 1 1 1 0 0 1 1 0 0 0 1 0 1 1 1 0 1 0 0 0 1 1 1 1 1 1 
0 1 0 0 0 0 1 1 0 1 0 0 1 0 1 0 0 1 1 1 1 0 0 1 1 0 1 1 0 0 1 1 1 0 1 1 1 1 1 0 0 0 1 0 1 1 0 1 0 0 1 1 0 1 1 1 0 1 0 0 1 0 0 1 1 1 1 0 1 0 0 1 0 0 1 1 1 0 1 1 0 0 1 1 1 1 0 0 0 0 0 1 0 0 
0 1 1 0 0 1 1 1 0 1 0 1 0 0 0 1 0 0 1 1 1 1 0 0 1 0 1 0 1 0 0 1 1 0 0 1 1 1 0 1 0 1 1 0 0 0 1 1 0 0 1 0 0 0 1 0 0 0 0 1 1 0 1 0 1 0 0 0 1 0 1 1 0 0 0 0 1 1 1 1 0 0 0 0 0 0 1 1 0 0 1 0 0 1 
0 1 0 1 1 0 0 0 1 0 1 1 1 1 0 1 1 1 0 1 1 1 1 1 1 1 1 0 1 0 1 1 0 0 1 1 1 1 1 0 0 0 1 1 1 0 0 1 1 1 1 1 0 0 1 0 1 0 0 1 1 1 0 1 0 0 0 1 0 1 1 1 1 1 1 1 0 0 1 1 1 0 1 0 0 0 0 0 1 1 1 0 0 1 
0 1 1 0 0 0 1 0 1 1 1 1 1 0 1 1 0 1 1 0 0 1 0 1 1 1 0 1 1 1 1 1 1 1 0 0 0 0 1 1 0 0 1 0 1 0 0 0 1 1 0 1 0 0 1 0 1 1 0 0 0 0 1 1 0 0 0 1 0 1 1 0 0 0 0 0 1 1 0 1 0 0 0 1 1 1 0 0 0 1 0 1 1 0 
1 1 1 0 0 0 0 1 1 1 0 1 1 1 1 0 0 0 1 1 1 1 1 1 0 1 1 1 0 1 0 1 1 1 1 1 0 1 1 1 0 0 0 0 1 1 0 1 1 1 0 1 1 1 0 0 0 1 0 1 0 0 0 1 0 0 0 0 1 1 1 0 1 0 0 0 0 0 1 0 0 1 0 1 0 0 1 1 0 1 1 0 1 1 
1 0 1 0 1 0 1 1 1 0 1 0 0 1 1 1 0 0 1 0 1 0 1 1 0 0 1 0 0 0 0 0 0 1 1 0 0 1 0 1 1 1 1 1 0 1 1 1 0 1 1 0 0 1 0 0 0 1 0 1 1 1 1 0 1 1 1 1 0 1 1 1 0 1 1 1 0 1 1 1 1 0 0 0 0 1 0 0 0 1 0 1 0 0 
0 0 0 1 0 1 1 0 1 0 0 1 0 0 0 1 0 1 1 1 1 1 1 1 0 0 0 0 0 0 1 1 0 0 1 0 1 1 1 0 0 1 1 1 0 1 0 1 1 1 0 0 0 1 1 1 1 0 0 0 1 0 1 1 1 1 0 1 0 0 0 1 1 1 1 1 1 1 1 0 1 0 0 0 0 1 0 1 0 1 1 0 0 0 
0 0 0 0 1 1 0 0 0 1 0 0 1 0 0 0 1 0 1 1 0 1 0 0 0 0 0 0 0 0 0 1 1 0 0 1 0 1 1 0 1 1 1 1 1 1 0 1 0 1 0 1 0 1 0 0 0 1 0 1 1 0 1 1 1 0 0 1 0 0 1 1 1 0 1 1 0 0 0 1 0 0 0 0 1 1 1 0 1 1 1 1 1 1 
0 1 0 0 1 1 1 0 1 1 1 1 1 0 0 1 1 0 1 0 0 0 0 1 1 0 1 0 1 1 0 1 1 0 0 0 0 1 1 1 0 1 1 0 0 1 0 0 1 1 1 1 1 1 1 1 1 1 1 0 1 1 0 1 0 0 0 1 0 1 0 0 1 0 1 1 1 0 0 1 0 1 0 1 0 1 0 0 1 0 1 1 1 1 
1 1 0 0 1 1 1 0 0 0 1 0 1 1 0 0 0 0 1 0 1 0 0 0 1 1 0 1 1 1 1 0 1 1 0 1 1 0 0 1 1 0 0 1 1 1 1 0 1 1 0 1 0 0 0 0 0 0 1 1 1 0 0 1 0 0 0 1 1 1 0 1 1 0 0 0 1 0 1 0 0 0 0 1 1 0 1 1 0 1 1 1 1 0 
1 1 0 0 1 0 1 1 0 0 0 0 1 0 1 1 0 0 1 1 0 0 1 1 1 1 0 0 1 1 0 0 0 0 0 0 1 1 1 0 1 0 1 0 0 0 1 1 1 1 1 0 1 0 0 1 1 1 0 1 1 1 0 1 1 0 0 0 1 1 1 0 0 1 0 0 0 0 0 1 1 1 0 0 0 0 0 0 0 0 1 0 0 1 
0 1 1 1 1 0 1 1 1 1 0 0 0 0 0 0 0 0 1 0 0 0 1 1 1 1 1 1 1 1 0 0 1 0 0 1 0 1 0 0 1 1 1 1 0 0 1 0 1 1 0 0 1 0 1 0 0 0 1 0 0 0 1 0 1 1 1 0 1 1 1 0 0 0 0 0 0 1 1 0 1 0 0 0 1 0 0 1 1 1 1 1 0 1 
0 1 0 0 1 0 0 0 1 1 0 0 1 1 0 0 0 0 0 1 0 1 0 1 1 0 0 1 0 1 1 0 0 0 0 1 1 1 0 1 1 0 0 1 0 1 1 1 1 0 0 0 0 1 0 1 0 1 0 0 1 1 1 0 0 1 1 1 0 1 0 0 1 0 1 1 0 0 0 0 0 0 1 0 1 0 1 0 0 0 1 0 1 0 
1 0 1 1 1 0 1 0 0 1 0 1 1 0 0 0 1 0 0 0 0 1 1 0 0 1 0 1 1 0 0 0 1 0 1 1 0 0 1 0 1 1 0 0 0 1 0 1 1 1 0 1 0 1 1 1 1 0 0 0 0 1 1 1 0 0 0 1 1 0 0 1 1 0 1 0 0 1 0 0 0 1 1 0 1 1 0 0 1 1 1 1 0 1 
1 1 1 1 1 0 0 0 1 0 0 1 0 1 1 0 1 0 0 1 0 0 0 0 1 0 1 1 1 0 0 0 1 0 0 1 0 1 1 1 1 0 0 1 0 0 0 0 1 0 1 1 1 1 1 0 1 0 0 0 1 1 1 0 0 0 1 0 0 1 0 1 1 1 1 1 1 0 0 0 1 0 1 1 1 1 0 1 0 1 1 1 1 0 
1 1 1 1 1 0 0 0 1 0 0 0 1 1 1 1 1 0 1 0 0 0 0 1 1 0 1 1 0 0 0 1 1 0 1 1 1 0 1 0 0 1 1 0 0 0 1 1 0 0 1 1 1 0 1 0 1 1 1 0 0 1 1 1 1 0 0 0 1 1 0 0 1 0 1 1 1 1 1 1 1 1 0 0 0 0 0 1 0 0 1 0 0 1 
1 1 1 1 1 1 0 1 1 1 1 1 1 0 0 0 0 0 0 1 1 1 0 0 0 0 1 1 0 0 0 0 1 1 1 1 1 1 0 0 1 0 0 1 0 1 0 1 0 1 1 0 0 1 0 0 0 1 1 1 1 1 1 0 1 0 1 1 1 1 1 0 0 1 1 1 0 1 0 1 1 1 0 1 1 1 0 1 1 0 0 1 1 0 
1 0 0 1 0 1 0 1 1 0 0 0 1 1 0 1 0 0 0 0 0 0 1 1 0 1 0 0 1 1 1 1 0 1 0 0 0 1 1 1 0 1 0 1 0 1 1 1 0 0 0 0 1 0 0 0 0 1 1 0 1 1 0 0 0 0 0 0 0 0 1 0 0 1 1 0 0 1 0 0 1 0 1 0 0 1 1 1 0 1 1 1 1 1 
0 0 0 0 0 1 1 0 1 1 1 0 1 1 0 1 0 1 0 1 1 1 0 1 1 0 1 1 1 0 0 0 0 0 0 0 1 0 1 1 0 1 1 0 0 1 1 0 1 0 1 0 1 1 1 1 1 0 0 0 0 1 0 1 1 1 1 1 0 0 1 0 0 0 1 1 1 1 1 1 0 1 1 1 1 1 1 1 0 0 1 0 0 0 
0 0 0 1 0 0 0 1 0 0 0 0 1 0 1 0 1 0 1 1 0 0 0 0 0 1 1 0 1 1 1 1 0 1 0 0 1 0 0 0 1 1 1 1 1 0 0 0 1 1 1 1 0 1 1 0 0 0 1 0 0 0 1 0 0 0 0 0 1 1 0 0 1 1 0 1 1 1 1 0 1 0 0 0 1 0 1 0 0 0 0 1 0 1 
0 0 0 1 1 1 1 1 1 1 0 0 0 0 1 1 0 0 1 0 1 1 1 1 1 1 0 1 1 0 1 0 1 0 0 1 1 1 0 0 0 0 1 0 0 0 1 1 1 1 1 0 1 0 0 0 0 1 1 0 1 0 0 0 0 0 0 1 1 0 1 1 0 1 0 0 1 1 1 1 0 0 1 0 1 1 0 1 1 0 1 0 1 0 
1 1 0 0 0 1 1 0 0 1 0 1 1 1 1 1 0 1 1 1 1 0 0 1 0 0 0 1 1 1 0 0 1 0 0 0 0 1 1 1 0 0 1 1 0 1 1 1 0 0 1 1 0 0 0 1 0 0 0 1 1 1 1 0 0 1 1 1 1 0 0 0 1 0 0 1 1 0 0 0 1 0 0 0 0 1 0 1 1 0 0 1 1 0 
1 1 1 0 0 1 1 0 1 0 1 1 0 0 0 1 1 1 1 0 1 1 0 1 0 0 0 1 1 0 0 0 0 0 0 0 0 0 1 1 0 0 0 1 0 0 1 0 1 0 0 0 1 1 1 0 1 1 1 1 0 0 0 1 1 1 1 1 0 1 0 0 1 0 0 1 0 0 0 1 1 1 0 0 0 0 1 1 1 0 0 0 0 1 
0 1 0 1 1 0 1 1 0 1 1 0 1 0 1 1 0 1 0 1 1 1 0 1 0 1 1 0 0 1 0 0 0 0 1 1 1 1 0 0 1 1 0 1 1 0 0 0 1 0 1 1 1 1 1 1 1 0 0 0 0 1 0 0 1 0 1 1 1 0 1 1 0 0 1 0 0 1 0 1 1 0 1 0 0 0 1 0 1 0 0 0 0 1 
1 1 1 1 1 1 0 0 1 0 0 0 0 1 1 0 0 0 0 0 0 1 1 1 1 1 0 0 0 1 1 0 1 0 0 0 0 0 0 1 1 0 1 0 1 1 0 1 1 1 0 1 1 0 0 1 1 1 1 0 0 0 1 1 1 0 1 0 1 1 1 1 0 0 0 0 0 1 1 0 0 0 1 1 1 1 0 1 0 0 0 0 1 1 
0 1 1 1 1 1 0 1 1 0 1 0 1 0 1 1 0 0 1 1 1 0 1 1 0 1 0 0 1 0 1 0 0 1 0 0 0 1 1 1 0 1 0 1 0 1 1 0 1 1 1 1 1 0 0 1 1 1 1 0 0 1 1 0 1 0 1 0 1 1 0 1 0 1 0 0 1 1 1 1 0 0 1 1 1 1 1 1 0 1 0 1 1 0 
0 0 1 0 0 1 0 1 0 1 1 0 1 0 0 0 0 0 1 1 0 0 1 0 1 1 1 1 0 0 0 0 1 1 0 1 0 1 0 1 0 0 1 0 0 1 1 1 0 0 1 0 1 0 0 0 0 0 1 0 1 1 1 0 1 1 1 1 1 1 1 0 1 1 0 0 1 1 1 0 0 0 1 0 1 0 0 1 1 0 1 0 1 1 
1 1 0 0 0 1 0 0 1 0 0 1 1 0 1 1 0 0 1 0 1 1 1 0 1 1 1 1 1 1 1 1 0 0 1 0 0 1 1 1 0 1 1 0 0 0 1 0 1 0 0 1 0 0 0 0 1 1 1 1 0 1 1 1 1 0 1 1 0 1 1 1 1 0 0 0 1 1 1 0 1 1 0 1 0 1 1 0 1 1 0 1 0 1 
56 3
29 75
47 49
21 87
29 8
18 24
55 68
51 7
45 71
53 26
2 58
9 64
53 63
11 26
14 2
8 79
49 19
8 6
18 68
12 74
22 40
20 83
38 15
16 38
46 36
41 38
30 58
21 28
37 6
5 34
32 88
3 31
42 52
21 5
22 62
38 13
30 13
2 27
31 65
49 54
36 61
34 45
28 68
25 14
31 8
17 92
51 67
22 48
11 94
54 78
1 50
3 77
7 89
10 88
13 31
40 32
32 79
46 51
48 61
34 7
29 35
22 18
33 86
8 38
31 26
1 7
4 56
54 28
40 37
46 46
48 65
29 9
52 69
49 12
16 94
2 68
46 5
29 92
14 17
19 3
35 81
43 81
28 13
17 46
50 29
37 72
20 77
9 1
12 81
52 30
56 45
36 88
7 71
31 23
35 78
51 66
5 59
41 81
13 23
47 4
27 34
30 44
48 71
19 31
43 34
52 32
16 54
10 74
56 16
54 12
5 2
54 92
47 22
35 65
29 11
46 59
6 92
38 44
11 8
56 89
9 37
1 63
42 84
41 53
51 21
27 38
11 20
53 85
20 40
24 43
18 35
5 42
39 34
20 51
54 27
16 17
12 14
17 4
22 85
56 87
8 1
19 51
49 51
33 24
5 64
5 73
19 73
14 37
38 21
21 93
42 43
31 55
33 44
42 49
44 27
34 69
22 15
25 56
36 5
46 46
34 79
45 32
14 29
35 86
3 76
19 44
30 93
33 68
1 60
54 92
18 93
21 46
45 35
44 76
24 57
51 91
27 90
13 70
51 17
7 45
11 1
16 55
21 83
21 34
6 15
32 38
26 13
54 9
38 75
44 22
29 79
3 7
27 71
39 89
22 19
49 12
10 43
16 30
1 80
20 13
8 36
45 57
19 18
44 6
56 86
26 24
22 81
12 84
30 93
7 47
20 20
12 53
5 87
43 64
56 24
32 12
10 65
53 34
31 32
11 27
6 74
11 25
39 20
49 32
24 78
29 26
46 28
8 59
41 57
2 77
47 6
15 15
9 4
12 35
23 69
36 63
11 61
55 16
24 58
2 93
47 6
28 70
51 62
26 20
19 21
54 40
25 71
22 5
46 38
5 14
17 14
10 54
14 38
49 9
28 54
28 32
28 64
45 37
10 82
32 78
48 84
49 47
24 24
33 35
44 52
22 10
5 78
3 33
41 3
12 42
15 55
28 9
24 50
14 90
44 59
43 70
39 21
20 65
18 33
45 50
1 17
29 24
48 82
24 25
10 4
8 25
10 83
11 46
6 52
35 73
39 13
43 18
9 67
32 27
48 79
33 91
42 40
5 32
46 29
56 56
19 37
5 85
16 63
45 54
26 16
55 52
35 84
33 1
38 58
53 44
14 79
17 9
38 84
54 24
13 47
54 17
28 26
47 67
7 91
36 1
33 51
33 56
3 9
3 70
6 61
44 62
5 20
3 22
10 83
55 83
54 18
12 51
40 45
19 66
37 88
20 51
54 86
39 24
49 72
13 62
17 13
49 88
49 65
50 36
54 68
30 23
53 58
42 55
34 66
13 7
54 30
23 42
38 66
50 14
5 20
49 47
47 6
37 58
21 76
46 11
39 56
33 30
12 21
25 35
10 17
1 46
46 40
21 10
8 87
14 72
43 3
56 10
46 36
33 8
48 47
38 56
50 18
8 53
35 82
17 24
12 82
30 70
27 67
30 77
12 25
48 9
4 78
51 63
42 16
51 1
3 87
52 74
54 23
9 16
5 7
56 54
32 21
13 2
40 7
19 91
38 89
42 71
56 87
5 46
55 16
32 39
6 47
27 72
1 79
43 25
37 45
25 58
2 83
5 40
23 37
42 92
45 11
7 69
5 26
30 87
8 13
53 54
38 38
18 36
43 20
43 90
22 8
48 27
38 40
2 52
17 30
30 59
54 56
36 61
48 35
16 26
37 23
25 13
10 79
8 44
6 7
32 52
18 76
46 1
20 59
41 9
41 54
41 67
1 6
9 72
24 62
24 49
37 76
40 60
51 20
8 84
28 15
39 62
40 76
5 37
29 12
20 87
23 36
33 43
13 67
43 37
11 15
10 72
30 1
26 14
56 66
55 17
9 22
25 45
19 2
44 17
44 21
45 75
35 40
14 19
51 57
36 68
52 3
21 75
29 94
20 27
12 6
38 64
27 9
41 17
49 20
49 33
13 15
49 25
42 15
36 49
5 37
23 31
25 93
8 59
52 12
56 34
21 89
30 88
17 47
41 94
54 47
7 5
15 34
54 70
31 69
42 25
40 13
42 80
5 80
28 32
25 10
44 86
33 60
15 28
49 74
26 23
4 69
47 20
55 67
28 87
25 38
4 17
53 77
50 56
21 16
55 74
38 60
47 55
19 75
9 85
8 54
37 82
22 12
31 44
29 80
25 63
32 25
15 82
52 61
15 72
52 90
13 48
30 44
14 59
7 64
14 61
25 57
12 78
25 34
7 35
25 43
56 24
18 80
22 51
49 66
51 13
5 71
12 76
54 32
8 37
50 10
39 20
3 35
28 36
12 81
40 10
16 43
47 24
