41 67 6334
0 1 0 0 0 0 0 1 1 1 1 1 1 1 0 1 0 1 0 0 1 0 0 1 0 0 1 1 0 1 0 1 0 1 1 1 0 1 1 0 1 1 0 1 1 1 0 1 0 0 1 1 1 1 1 1 0 0 1 0 0 0 0 0 0 0 0 
0 1 0 1 0 0 0 1 1 0 1 1 0 0 0 0 0 0 1 0 0 1 0 1 1 0 0 0 1 1 1 1 1 0 0 0 1 0 1 0 1 1 0 0 0 1 1 1 1 0 0 0 1 0 1 1 1 0 1 0 0 0 1 0 0 0 1 
1 1 1 1 1 1 1 1 1 1 0 1 0 0 0 0 0 1 0 0 1 0 1 0 1 0 1 0 1 1 1 0 0 1 0 0 0 0 1 0 1 0 0 1 0 1 1 0 0 0 0 1 1 0 1 0 1 1 1 0 1 1 0 1 0 1 1 
0 1 1 0 0 1 0 0 0 1 1 0 1 1 1 1 1 1 0 1 0 0 0 0 0 0 0 1 1 0 1 1 0 0 0 0 0 1 0 1 0 1 1 0 0 1 0 0 0 1 0 0 0 0 1 1 1 0 0 0 1 0 0 1 1 1 1 
0 0 1 1 0 0 0 1 1 1 0 1 1 1 1 0 1 0 1 0 0 1 1 0 0 1 0 1 1 0 1 0 0 1 1 0 1 1 0 1 0 0 1 1 1 1 0 1 1 1 1 0 1 1 1 1 0 0 1 0 0 1 0 0 1 0 1 
0 1 1 1 1 1 0 0 0 1 1 0 1 0 0 0 1 0 0 0 1 1 1 0 1 0 0 1 0 1 1 0 0 0 1 1 0 1 0 0 0 0 1 1 0 1 0 1 1 0 0 0 0 0 0 1 1 0 1 1 0 1 1 0 1 0 0 
1 0 0 1 1 0 1 1 1 1 0 1 0 1 1 1 0 1 1 1 1 0 0 0 0 0 0 1 0 1 0 0 0 1 1 1 0 0 1 1 0 0 0 1 0 1 1 0 0 0 0 1 0 0 1 1 0 0 0 1 0 0 1 0 0 0 1 
0 1 0 1 1 0 0 1 0 0 1 1 1 0 1 1 1 0 1 0 0 0 1 0 1 1 1 1 0 0 0 0 0 0 1 1 1 1 1 0 0 0 0 1 0 1 0 1 0 1 0 0 1 1 1 0 0 1 1 0 1 0 1 0 1 1 1 
0 0 0 1 0 1 0 1 0 1 0 0 0 1 1 0 0 0 1 0 1 1 1 1 1 0 0 1 0 1 0 1 1 1 1 1 1 1 0 0 1 1 0 0 0 0 0 1 1 0 1 1 1 1 1 1 0 1 0 1 0 0 1 1 1 1 1 
1 0 0 0 1 1 0 0 1 1 1 0 1 0 0 1 0 1 0 0 1 0 1 1 1 1 0 0 1 1 0 0 0 1 0 1 0 1 1 0 0 0 1 0 0 1 1 1 0 0 1 0 1 1 0 1 1 0 1 0 0 0 1 1 0 1 0 
1 1 1 1 0 0 1 1 0 1 1 1 1 1 0 1 0 1 1 1 1 1 0 0 1 0 1 0 0 1 0 1 0 0 0 1 1 0 1 1 1 0 1 0 1 1 0 0 0 1 1 1 0 0 0 0 1 1 1 1 0 0 1 0 0 1 0 
1 1 1 0 0 0 1 0 1 1 1 0 1 0 1 0 0 0 1 1 0 0 0 1 0 1 1 1 1 1 0 1 1 1 0 1 1 0 1 1 1 1 1 1 0 0 0 0 1 0 0 0 0 0 1 1 0 0 0 1 0 1 1 0 1 0 1 
1 0 0 1 1 1 0 0 1 0 0 1 1 1 1 1 0 0 1 0 0 1 1 0 0 0 0 0 0 1 1 0 1 0 0 1 1 1 0 0 1 0 0 0 0 0 0 0 1 1 1 0 1 1 1 1 0 0 0 0 0 1 1 0 0 0 0 
1 0 1 0 1 0 0 0 1 1 1 0 0 0 0 0 0 1 1 0 1 0 1 1 0 1 1 0 0 1 0 0 0 1 1 1 0 1 0 1 1 1 1 1 0 0 1 1 0 1 0 0 1 0 1 0 0 1 1 1 1 1 1 1 0 0 1 
0 1 1 1 1 0 1 0 0 0 0 1 0 0 0 0 1 1 1 1 1 0 0 1 0 1 0 0 1 1 0 1 0 1 1 0 0 0 0 1 1 0 1 1 1 1 1 0 1 0 1 0 0 1 1 0 0 0 1 1 0 1 0 1 1 0 0 
0 0 0 1 1 0 0 0 1 0 1 0 1 1 0 1 0 1 1 0 1 1 0 0 0 0 1 1 1 0 0 0 0 1 0 0 0 1 0 0 0 1 0 0 1 0 1 0 1 0 0 0 1 0 1 1 0 1 0 0 1 0 0 0 0 1 0 
0 0 0 1 1 1 0 0 1 0 0 0 0 0 1 0 0 0 0 1 1 0 1 0 1 0 1 0 1 0 0 1 1 0 1 0 0 0 1 0 1 1 0 1 0 0 0 0 0 0 1 0 1 1 1 1 1 1 0 0 0 1 0 1 0 1 0 
1 1 0 1 0 1 1 0 1 0 1 0 1 0 0 0 1 1 1 1 1 0 1 1 0 0 0 0 1 1 0 1 0 0 0 0 0 0 1 0 0 1 1 1 1 1 1 1 1 1 0 0 1 1 0 0 1 0 1 0 1 1 1 1 0 0 0 
1 0 0 0 0 0 1 0 0 0 1 1 0 0 0 0 1 0 0 0 1 0 1 1 1 1 1 0 0 1 0 1 0 0 1 0 0 0 1 0 1 0 1 1 0 0 0 1 0 1 0 0 0 1 0 1 0 0 0 1 1 1 0 1 0 1 0 
1 0 0 0 0 1 0 0 0 1 0 0 1 1 1 0 1 0 0 1 0 1 0 1 0 1 1 0 1 1 0 1 0 1 0 1 1 1 1 0 0 1 0 1 0 0 1 1 1 1 1 1 0 0 0 0 1 0 1 1 0 0 0 1 0 1 1 
1 1 1 1 1 0 0 0 0 0 1 0 0 1 0 1 0 1 0 0 0 0 0 0 1 0 1 1 1 0 1 1 0 0 0 0 1 1 0 1 0 1 1 1 1 0 0 1 0 0 0 0 0 1 0 0 1 0 1 1 0 0 0 0 1 0 0 
0 0 1 0 1 0 0 1 1 1 1 1 1 0 0 0 1 1 0 1 1 0 0 0 1 1 0 0 1 0 0 1 1 1 1 0 0 1 0 1 0 0 0 1 1 1 0 1 1 0 0 1 0 1 1 1 1 1 0 1 0 0 0 0 0 1 0 
1 1 1 0 0 0 0 1 0 1 1 0 1 0 0 0 1 1 1 0 0 1 1 0 0 0 1 0 1 0 0 0 1 0 1 0 0 0 0 1 0 0 1 0 0 1 0 1 1 0 1 1 1 0 0 0 0 1 0 1 0 1 1 1 1 0 0 
1 1 0 1 1 0 0 1 1 0 0 1 1 1 0 0 1 0 0 0 1 1 1 0 0 1 1 0 0 1 1 1 1 1 0 0 0 1 1 0 0 1 1 0 0 1 1 1 1 1 0 0 0 0 1 1 1 0 1 1 0 1 1 1 0 0 1 
0 0 1 0 0 0 1 1 1 1 1 1 0 1 1 0 0 0 1 1 0 0 0 1 0 0 0 1 1 0 1 1 1 0 1 1 0 0 1 0 1 1 1 1 0 0 1 0 0 1 0 0 1 0 1 1 0 1 0 1 0 0 0 0 1 1 1 
1 1 0 1 1 1 1 0 0 1 1 1 1 0 1 1 0 1 1 0 0 1 1 0 1 1 0 0 1 0 1 1 0 1 0 0 0 0 1 0 0 1 0 0 1 0 1 0 1 0 1 1 0 0 0 0 0 1 0 0 1 1 0 1 0 0 1 
1 1 1 0 0 1 1 1 0 0 1 0 1 0 1 0 1 0 1 1 1 1 0 1 0 0 0 1 0 0 1 0 0 1 1 1 1 1 0 1 1 1 1 1 0 1 1 1 0 0 1 1 1 0 1 0 0 0 1 1 0 0 0 1 1 0 1 
0 1 0 0 1 1 1 1 1 1 0 1 1 0 0 1 0 0 1 1 1 0 1 0 0 0 1 0 1 0 1 0 0 0 1 0 0 0 0 0 0 1 0 0 0 1 1 0 1 0 0 1 1 0 1 0 1 0 1 0 1 1 0 0 1 0 1 
0 1 0 0 0 0 0 1 0 0 0 1 1 1 1 1 0 1 1 1 1 1 1 0 1 1 1 1 0 1 1 0 0 0 0 1 1 0 0 1 0 1 1 0 1 0 0 1 0 1 0 0 0 1 1 1 0 1 1 1 0 1 0 0 1 1 0 
1 0 1 1 1 0 0 1 1 1 1 1 1 0 1 1 0 1 1 0 0 0 0 1 0 0 1 1 0 0 1 1 1 0 1 1 1 1 1 1 1 1 0 1 1 0 0 1 1 1 1 0 1 0 0 0 0 1 1 0 0 0 1 0 0 1 1 
0 0 1 0 1 1 0 0 0 1 1 1 0 0 1 0 1 1 1 1 0 0 0 1 0 0 0 1 1 0 1 0 0 0 1 0 1 1 0 0 1 1 1 1 0 1 0 1 0 1 1 1 1 0 1 0 1 1 0 0 0 1 1 0 0 1 0 
0 1 1 1 0 0 0 1 1 1 0 1 1 1 1 1 1 1 0 1 1 1 0 0 1 1 1 1 1 0 0 0 0 1 1 0 1 1 1 0 1 1 0 1 0 1 1 0 1 1 1 0 0 0 0 1 0 0 1 0 0 1 1 0 1 0 1 
0 0 0 0 1 1 1 1 1 1 0 1 1 0 1 1 1 0 1 0 1 0 0 0 1 0 1 1 0 1 1 0 1 1 0 1 1 0 1 0 1 0 1 1 1 1 0 1 0 0 0 1 1 1 1 0 1 0 1 0 1 1 0 0 1 0 1 
0 0 1 0 1 0 0 0 0 1 1 0 1 0 0 1 0 0 0 1 1 1 1 1 0 1 0 0 1 1 1 0 0 1 0 1 0 1 0 0 1 0 0 0 1 0 1 1 0 1 0 1 1 1 1 0 0 1 0 1 1 1 0 0 1 0 0 
0 0 1 0 1 0 1 0 0 0 0 1 0 0 1 1 1 1 0 0 0 0 0 0 1 1 0 0 1 1 0 0 1 1 1 1 0 1 1 1 0 0 1 1 0 0 0 0 1 1 0 1 0 0 1 1 0 1 1 0 1 1 1 0 0 1 0 
1 1 0 0 1 1 1 1 0 1 0 1 0 1 1 1 1 0 1 1 1 0 1 1 1 0 0 1 1 1 1 1 1 1 0 1 0 0 0 1 0 1 0 0 1 0 0 0 0 1 1 0 1 1 0 1 0 0 0 0 0 1 1 1 0 0 0 
1 1 1 0 1 0 1 1 0 1 0 1 1 1 1 0 1 0 0 1 0 1 0 1 1 1 1 1 1 0 1 0 1 1 1 1 0 1 0 1 1 0 1 0 0 1 0 1 0 0 1 0 1 0 1 0 0 1 1 0 1 0 1 0 0 1 0 
1 1 1 0 0 0 1 0 1 1 0 0 0 0 0 1 1 0 1 1 1 1 1 0 0 0 1 1 0 0 1 0 0 1 0 0 1 0 0 1 0 1 1 1 0 1 0 1 1 0 1 1 0 1 1 0 0 1 1 0 0 0 0 1 0 1 1 
0 1 0 1 0 1 0 1 0 1 0 1 1 0 1 1 1 1 0 1 1 0 1 1 0 1 0 0 1 0 0 1 0 0 1 1 1 0 1 0 0 1 0 0 1 0 1 0 1 1 1 0 1 0 1 0 0 0 1 0 0 1 1 1 0 0 1 
1 0 1 0 1 1 1 1 1 0 1 1 0 1 1 1 1 0 1 1 0 0 1 1 1 0 1 0 0 0 0 1 1 0 0 0 1 0 1 0 1 1 0 0 1 1 0 1 1 1 1 0 0 0 0 1 1 1 0 0 0 0 0 0 1 0 1 
0 0 1 0 1 1 0 0 0 0 0 1 0 0 0 1 0 0 0 0 0 1 1 0 0 1 0 0 1 0 0 0 1 0 0 0 1 1 0 1 1 0 0 1 0 0 0 1 0 1 0 1 1 1 1 0 1 0 1 0 1 1 1 0 0 0 1 
27 40
31 49
41 2
27 22
3 16
29 48
37 40
34 36
19 29
8 43
29 40
28 17
9 67
11 39
4 3
19 36
16 55
26 15
24 53
6 51
24 57
5 18
34 31
41 50
1 22
33 13
27 34
37 40
4 58
35 62
38 7
12 9
9 27
41 22
19 5
37 29
8 60
16 26
31 16
39 63
18 51
30 18
38 65
25 13
24 66
18 39
7 12
35 57
28 17
27 28
30 34
23 42
40 27
38 56
2 30
35 64
3 12
32 20
33 44
37 63
27 49
25 29
40 10
24 49
27 20
10 20
22 53
2 23
38 62
20 33
7 22
25 40
35 24
33 1
23 45
30 6
23 19
9 35
7 58
41 13
14 39
14 37
21 33
5 11
25 16
35 3
9 46
22 21
37 63
36 30
33 47
33 33
4 50
35 7
33 36
11 17
19 53
31 44
18 22
25 44
2 49
36 62
16 1
17 28
30 22
28 59
31 11
35 35
17 4
11 44
34 22
23 2
29 30
38 48
30 18
41 10
29 67
12 19
23 45
8 46
21 29
2 33
5 12
24 6
28 2
32 11
7 67
28 53
39 64
31 58
27 45
29 5
10 25
33 18
31 27
21 10
19 52
6 17
8 64
7 31
7 57
14 8
35 58
25 18
7 52
13 22
34 4
34 9
30 57
34 2
18 15
11 2
11 25
39 9
15 12
37 27
38 33
24 57
40 8
38 3
16 19
35 13
16 26
7 37
3 28
20 4
8 30
14 26
15 42
35 11
9 51
30 3
15 19
41 58
17 13
27 45
26 39
4 15
17 22
18 59
15 40
30 20
6 2
10 43
37 12
22 54
20 63
5 52
7 36
30 42
32 50
35 33
33 8
18 31
33 64
24 66
38 42
19 39
25 33
20 43
22 55
19 48
29 22
3 23
5 54
35 37
33 2
15 36
1 16
6 63
23 36
35 37
14 60
23 53
21 57
10 66
6 56
27 57
5 29
39 57
11 20
36 49
7 17
20 20
12 41
25 8
11 12
2 58
36 6
3 66
9 44
5 15
39 47
24 13
5 67
1 42
35 59
38 28
23 54
7 46
10 30
26 23
37 35
1 32
16 53
27 32
38 46
5 59
39 62
10 65
2 13
2 59
2 56
1 23
28 44
19 57
17 39
16 27
34 62
18 21
11 18
23 25
9 8
6 29
2 43
6 26
37 38
17 28
19 42
9 38
24 65
1 13
10 4
40 38
21 17
18 65
31 28
37 59
35 14
13 23
11 16
5 45
23 22
30 16
35 49
14 65
35 33
33 67
1 31
31 65
4 54
38 62
2 60
28 27
35 63
10 10
17 28
32 27
6 17
7 24
10 43
13 47
41 10
5 6
41 59
35 64
21 11
20 45
25 64
36 32
4 52
13 44
6 44
34 38
7 3
28 18
22 55
3 14
25 59
34 47
25 22
5 27
1 14
3 59
40 64
36 50
21 33
3 16
26 35
8 33
8 31
33 9
3 62
36 8
3 3
15 1
38 66
16 11
22 61
10 53
40 66
13 65
28 5
33 6
3 60
37 48
33 36
23 43
35 42
20 29
12 9
29 18
10 50
41 22
16 57
26 17
3 55
20 66
39 4
7 10
16 41
35 40
40 59
13 25
4 53
33 34
3 47
14 49
11 11
22 6
22 2
33 59
15 14
8 39
18 64
41 28
22 60
4 17
28 64
7 45
32 62
13 12
29 1
11 33
15 33
36 32
38 32
41 29
36 28
39 52
6 42
8 34
18 53
32 32
41 48
13 19
33 56
15 36
34 22
15 1
27 35
9 43
14 48
30 41
9 8
35 33
25 36
20 41
23 22
7 33
5 66
36 43
39 37
8 63
11 42
11 40
34 17
22 55
38 30
16 55
15 51
12 32
5 13
25 56
3 40
34 63
21 13
1 1
10 40
37 25
22 10
2 20
37 56
5 56
33 61
7 23
24 40
38 51
18 6
24 11
25 7
25 45
2 2
1 17
24 42
4 14
15 49
10 56
6 48
36 58
23 9
8 61
10 46
13 17
20 30
1 45
16 35
21 33
4 21
5 2
8 33
27 64
4 25
8 3
6 38
38 12
17 6
7 66
5 21
7 13
38 5
22 66
23 67
40 1
36 43
31 28
3 47
36 57
15 4
8 13
37 2
18 58
19 30
37 62
29 28
40 45
17 31
8 65
7 20
16 17
17 50
6 10
27 4
9 21
38 12
2 6
12 51
30 56
32 43
30 51
38 46
38 23
10 25
24 33
6 44
30 15
34 9
40 55
32 11
33 14
12 54
34 9
24 23
27 6
22 38
40 11
24 55
36 18
18 30
29 28
34 11
3 36
6 36
7 66
32 36
22 37
40 44
25 28
1 63
17 20
8 44
13 46
41 3
24 67
31 35
7 9
15 14
1 12
29 13
36 41
22 8
35 49
28 38
2 53
20 4
31 4
33 7
35 27
7 33
8 20
36 64
31 13
11 35
19 39
15 12
32 20
34 67
23 54
5 27
36 41
1 30
13 16
5 32
19 35
12 50
9 27
11 24
36 51
15 52
8 22
6 25
10 28
24 37
11 45
33 66
19 58
16 30
10 24
36 9
38 8
18 64
32 3
29 46
7 21
25 7
1 3
12 21
8 39
12 21
23 18
22 27
11 20
40 37
39 28
23 30
5 36
35 22
31 2
17 2
14 35
7 35
30 24
20 14
10 48
18 58
19 48
4 19
40 53
22 56
35 18
2 66
6 32
6 46
29 10
40 64
4 41
39 34
24 58
19 25
32 26
15 3
36 62
9 12
19 19
9 12
5 54
36 61
31 55
41 29
33 3
7 60
20 49
37 43
10 63
1 15
28 60
29 59
19 20
6 15
38 22
34 11
35 25
16 44
28 10
34 57
22 41
24 8
39 18
16 6
26 2
39 36
30 10
12 12
13 63
41 7
9 51
12 56
13 23
16 5
32 45
21 45
28 3
10 67
17 51
9 40
18 8
16 16
25 17
39 1
35 7
8 44
13 33
7 28
29 23
2 49
9 10
6 67
8 28
10 66
37 13
38 21
18 10
21 1
26 17
17 61
37 49
33 21
9 67
30 39
13 50
6 52
38 15
14 50
2 28
4 45
1 66
31 4
25 46
34 65
38 58
1 11
34 2
26 63
37 19
11 46
23 36
9 18
40 53
34 31
25 50
38 50
40 49
34 51
1 48
23 8
13 5
21 36
32 23
38 30
13 8
16 60
6 62
16 63
30 64
18 11
25 58
1 48
12 57
23 46
4 12
22 53
7 46
35 34
17 31
30 12
26 29
1 40
7 36
36 6
39 3
13 5
40 57
29 33
21 60
24 34
21 21
3 12
19 33
30 17
33 46
33 35
41 5
23 15
13 10
10 44
27 64
17 12
16 40
2 63
16 1
38 50
10 67
14 67
25 14
21 38
4 55
10 13
18 24
28 47
34 22
39 24
18 11
37 1
37 32
7 27
2 28
8 8
39 54
9 63
22 35
38 28
32 5
4 46
10 65
39 4
12 26
28 60
12 6
12 13
12 9
37 19
39 6
9 57
33 7
37 11
32 41
32 25
35 6
5 57
28 48
41 9
28 13
5 7
39 7
25 44
36 18
32 14
28 31
25 42
4 16
24 26
27 45
5 3
17 5
25 65
22 26
9 1
5 33
2 59
25 41
12 34
3 49
26 13
31 24
29 55
36 41
1 45
39 8
13 67
21 15
13 28
3 8
22 65
25 50
11 29
8 57
27 50
15 55
11 55
20 21
10 21
36 67
18 30
13 39
26 56
30 47
21 10
25 61
25 14
40 7
30 23
18 51
15 59
6 24
8 60
20 1
26 10
32 17
21 48
30 60
9 40
4 15
22 14
32 43
22 19
28 64
16 22
30 21
5 39
9 12
35 43
24 26
16 24
7 63
28 47
12 22
41 15
4 24
39 34
4 7
8 10
38 3
20 58
31 48
38 38
16 61
14 7
19 10
22 55
37 5
25 41
38 12
21 5
25 7
2 11
32 64
23 42
8 42
14 54
5 67
14 12
30 58
5 39
10 20
32 28
38 25
16 12
2 45
8 14
38 7
40 65
20 59
29 61
38 18
39 24
37 66
37 25
39 61
1 45
6 31
2 1
35 2
20 59
22 64
41 28
9 28
23 61
8 14
40 4
17 12
27 10
16 49
33 59
33 14
12 62
27 54
3 10
6 34
18 7
36 56
30 65
11 63
24 41
11 23
33 49
2 47
41 11
24 8
23 56
40 16
4 11
37 59
11 44
12 42
13 4
28 4
16 46
26 7
1 42
19 6
3 16
25 18
36 23
26 53
13 30
30 5
17 58
24 52
41 60
31 45
19 63
38 19
20 60
8 55
29 31
19 58
13 39
36 39
18 40
5 18
14 28
14 61
39 2
36 48
16 63
16 42
30 7
21 46
23 40
3 21
35 64
14 21
14 34
41 32
36 42
38 62
13 47
19 64
20 17
3 66
3 18
13 9
25 10
10 2
33 4
6 12
3 67
20 10
30 41
28 40
5 1
13 60
37 44
4 12
20 33
41 54
32 1
36 6
21 63
2 11
6 58
22 65
25 62
1 57
37 22
30 5
1 39
9 4
33 54
12 65
20 45
7 29
25 32
18 53
5 15
12 61
28 37
23 29
24 61
26 32
22 63
1 5
7 1
21 52
1 17
21 34
6 26
38 50
37 26
21 16
41 17
39 20
15 10
29 23
30 63
18 18
4 20
23 60
19 22
20 40
16 57
32 67
24 27
13 47
41 10
25 38
14 5
40 7
4 23
20 10
19 9
36 18
4 33
33 52
9 18
21 17
11 34
1 28
37 5
32 61
31 1
24 49
15 35
40 15
23 3
5 10
38 50
21 64
5 43
34 11
29 6
24 6
17 44
12 50
29 47
27 54
40 30
33 56
3 60
17 22
18 47
33 19
19 17
19 22
18 50
40 59
27 17
4 40
33 16
8 30
4 21
19 48
3 55
3 46
14 52
5 46
39 56
5 19
35 37
39 55
3 9
25 39
34 29
7 28
14 11
12 48
4 54
1 9
8 37
15 29
33 41
39 51
39 19
41 53
26 65
40 11
39 63
16 59
17 50
17 21
26 56
33 64
27 48
20 47
34 48
13 54
40 30
10 32
2 15
31 25
10 46
19 24
10 66
2 60
4 55
8 30
19 46
40 8
12 48
20 32
40 2
31 12
7 34
3 32
17 40
22 29
40 2
28 21
19 4
36 2
29 45
34 31
24 30
36 25
3 15
35 26
6 7
28 16
26 11
17 8
2 44
30 1
7 29
23 3
10 58
34 14
37 23
22 60
35 55
21 58
7 29
2 30
30 64
24 42
6 41
7 23
25 5
31 5
20 67
15 62
6 38
15 52
22 38
40 52
16 38
7 55
7 5
37 65
27 21
31 56
1 54
4 40
10 65
31 63
40 53
32 65
20 62
34 31
41 27
39 67
29 64
25 41
2 33
27 65
26 50
22 6
9 4
17 9
17 38
1 32
25 16
30 60
7 57
36 22
2 21
31 26
27 66
26 23
21 17
27 66
15 11
33 18
10 21
36 51
29 19
12 26
36 19
1 49
4 14
20 40
2 51
16 30
38 49
30 39
32 61
11 10
1 23
21 47
20 37
6 28
16 7
31 45
14 11
26 63
10 36
38 60
16 45
31 16
9 61
11 2
37 18
2 63
26 2
29 39
27 37
16 64
10 66
14 13
32 58
11 44
40 18
37 59
40 45
7 55
16 17
38 67
9 32
18 32
3 46
11 61
10 29
8 8
34 61
24 13
33 9
14 42
40 62
27 60
10 14
9 22
27 36
21 63
6 66
40 61
19 19
2 15
24 34
22 51
14 26
12 20
1 40
7 17
23 54
11 15
33 54
29 63
23 34
23 44
26 12
37 3
28 33
7 36
20 10
2 36
19 23
35 67
25 24
9 28
30 52
29 39
1 59
28 38
6 27
30 27
3 11
21 41
37 28
19 9
41 23
21 44
38 23
16 54
8 63
11 60
27 7
25 32
19 67
26 29
38 3
4 23
32 1
2 28
2 44
29 1
41 51
25 10
9 22
14 28
10 34
41 44
20 62
30 52
24 45
9 29
35 51
32 41
26 27
12 16
22 32
24 44
3 30
21 15
23 11
19 12
4 61
13 36
11 8
20 28
39 12
35 1
41 12
16 7
40 54
28 6
22 59
32 55
41 65
33 62
6 15
28 51
36 9
9 43
21 49
39 7
18 45
30 19
16 6
38 56
27 44
39 58
10 55
8 50
17 66
3 15
26 54
11 15
37 65
35 47
14 14
19 66
24 52
31 44
35 11
37 38
10 23
20 41
22 56
4 27
1 28
31 39
17 23
9 33
17 24
5 50
14 41
28 37
20 8
20 25
29 11
2 13
38 41
18 34
36 2
37 60
5 53
11 8
35 39
31 52
9 51
40 59
17 43
30 20
31 35
19 57
27 57
11 5
9 14
13 64
38 54
26 25
11 42
27 51
36 43
16 57
38 42
40 24
8 20
21 59
19 63
2 55
25 33
3 40
31 9
33 12
20 20
5 63
13 63
12 35
18 2
15 13
7 2
18 31
21 2
13 11
11 26
6 16
27 57
5 43
24 41
21 33
28 64
18 19
15 62
23 14
22 4
9 27
39 24
35 26
39 18
39 21
11 35
29 2
40 7
7 8
1 43
3 14
14 13
1 15
4 64
26 10
16 13
2 8
15 48
31 35
27 53
6 23
12 58
28 35
15 37
11 6
12 66
11 5
6 66
18 35
11 38
14 20
12 65
10 50
9 39
26 53
21 32
38 17
4 32
23 30
4 64
40 27
23 22
17 25
22 20
9 54
13 6
31 9
12 13
12 25
8 50
38 52
34 63
36 50
13 16
28 28
9 43
5 38
3 41
34 66
37 23
39 30
22 55
4 21
29 16
6 4
7 49
16 25
5 22
36 54
7 54
39 26
5 56
15 17
19 33
15 10
3 5
35 34
34 2
14 22
23 17
33 15
17 26
41 5
21 15
4 22
14 31
10 45
38 44
12 47
8 1
28 8
30 65
19 2
32 54
11 34
13 40
35 3
39 16
28 10
17 56
33 23
13 35
2 29
29 21
25 20
40 47
20 18
33 6
19 43
34 62
27 2
28 44
3 39
8 59
41 58
30 43
24 24
30 35
41 5
31 61
11 45
37 4
8 11
25 5
21 67
39 41
2 39
3 42
2 40
40 43
9 17
28 45
24 36
14 51
6 12
9 50
4 66
14 16
20 47
31 14
12 45
28 9
35 14
4 17
8 25
27 66
18 52
27 51
6 36
15 47
40 17
1 21
21 27
15 8
37 63
6 51
19 18
6 17
38 3
20 20
13 35
6 15
21 38
30 5
2 23
22 36
10 44
17 63
19 56
34 39
7 23
20 4
37 47
24 8
27 41
30 65
38 49
5 66
16 34
19 8
4 15
7 52
37 10
39 66
33 2
17 49
23 13
10 4
25 21
29 27
25 45
26 57
8 34
9 55
15 6
18 14
38 63
3 35
20 60
36 44
35 32
2 38
41 55
26 29
16 32
10 40
13 60
20 1
24 36
10 58
2 9
8 62
22 29
3 2
11 8
3 36
27 49
15 1
30 29
14 41
4 26
5 3
31 48
9 54
15 50
33 16
21 57
24 64
29 36
39 41
1 19
18 35
7 54
34 21
30 7
36 42
38 60
5 55
39 59
2 12
15 34
13 17
30 40
1 38
30 43
20 42
30 26
20 59
23 39
35 65
19 3
20 62
4 61
15 20
34 20
20 61
4 57
23 55
6 33
17 38
17 67
28 63
3 60
10 14
22 34
35 42
25 50
5 53
24 2
21 7
15 46
1 31
19 14
18 36
3 52
32 36
21 44
25 9
20 14
30 34
20 64
5 41
31 45
13 32
39 5
30 21
22 38
13 46
20 26
21 33
30 2
28 16
1 62
21 53
37 54
18 8
1 13
2 57
12 55
40 51
10 60
33 65
9 63
23 33
28 53
30 50
12 45
14 23
16 58
41 27
18 51
35 4
3 66
1 23
12 3
33 33
13 33
29 29
21 62
9 56
19 35
3 42
41 13
35 10
1 43
12 60
5 65
26 31
13 29
9 17
31 7
22 14
18 3
36 32
21 41
12 28
40 35
35 21
28 57
30 7
34 30
9 10
36 2
20 9
36 14
9 52
38 43
15 3
3 14
2 20
2 2
30 30
27 39
36 36
19 13
41 60
37 2
38 61
24 60
24 67
4 30
22 61
2 61
20 35
23 10
33 18
31 42
4 24
39 16
27 41
36 2
31 62
6 31
10 63
33 57
14 24
10 38
28 55
35 35
14 25
18 67
4 2
31 17
4 62
39 17
3 33
13 36
20 33
23 66
34 27
38 28
7 60
39 30
22 20
16 58
7 4
26 34
6 19
26 14
29 58
32 66
14 42
40 34
4 34
8 6
9 1
9 37
7 46
23 53
7 50
18 37
30 52
19 42
34 51
39 54
24 46
15 53
21 10
24 61
1 11
26 65
5 8
4 53
29 48
37 40
41 60
40 65
4 9
11 8
15 21
13 28
9 28
24 13
1 47
33 8
25 46
15 12
28 34
27 20
38 9
25 46
24 25
1 6
13 19
7 63
7 41
14 17
27 58
39 32
36 40
41 42
25 19
19 59
18 59
3 31
28 59
18 65
29 24
35 10
14 12
10 55
18 65
27 66
34 15
5 53
28 24
28 32
26 21
13 20
29 66
3 4
9 12
35 9
19 10
36 24
41 1
31 52
15 31
32 21
27 52
37 57
17 39
36 57
9 27
3 30
31 13
37 20
12 51
25 46
27 29
11 27
29 7
18 4
31 8
37 12
31 41
12 37
33 53
33 23
18 19
25 37
2 22
17 44
29 18
14 27
21 3
33 66
38 19
7 59
9 60
34 67
12 41
1 6
2 66
16 51
41 20
23 41
12 55
14 59
3 41
14 21
31 32
19 36
16 4
6 55
7 21
20 52
31 32
36 51
22 11
15 10
1 26
1 4
30 11
4 61
29 25
34 49
34 5
23 28
41 57
40 59
29 45
23 10
22 23
17 25
27 18
4 26
40 10
41 66
14 34
17 19
32 35
11 34
37 61
21 22
32 41
22 41
39 51
39 37
39 16
34 52
32 16
24 39
14 39
5 61
8 45
5 67
7 58
23 19
2 15
11 65
8 52
25 41
13 60
40 63
23 64
32 8
25 53
16 35
12 13
10 23
24 64
4 4
25 57
12 65
30 26
7 38
24 4
28 4
9 51
36 49
29 61
15 54
28 51
20 46
12 5
39 33
14 54
29 20
28 5
10 39
27 23
32 53
14 2
27 38
39 9
15 67
10 17
28 26
24 7
4 56
25 44
9 47
38 57
9 23
24 11
8 55
29 17
29 52
21 39
31 46
38 23
25 4
37 30
16 5
13 22
24 30
37 29
30 54
27 20
29 3
2 49
2 7
17 5
27 43
32 59
7 54
21 46
10 59
11 34
10 60
10 20
3 14
17 19
29 15
37 58
28 52
11 21
4 15
7 45
21 1
3 11
29 3
39 66
20 61
28 56
38 23
31 24
34 65
30 14
29 27
1 35
13 1
40 67
4 59
29 26
39 41
21 64
31 63
39 45
41 3
13 24
3 47
24 33
38 48
15 26
29 9
10 58
39 45
3 31
31 9
4 2
4 19
12 41
8 15
1 19
33 42
1 67
22 54
2 47
40 53
12 32
25 44
37 35
36 22
25 17
38 19
17 54
40 31
18 32
39 54
24 7
29 65
15 46
34 1
38 22
24 65
23 64
41 29
17 5
12 45
7 29
38 6
18 23
15 41
5 1
16 22
18 58
4 24
13 17
12 43
36 64
5 1
16 40
4 30
9 29
40 13
23 33
29 12
33 53
7 67
34 55
37 64
5 6
30 27
32 43
26 18
6 48
36 4
6 5
17 57
32 66
12 65
10 44
5 66
34 8
22 63
11 34
36 19
20 3
15 37
31 20
26 29
15 63
15 43
14 38
20 41
4 6
2 52
12 38
4 55
11 8
23 50
3 64
8 40
10 59
26 29
9 32
25 28
12 7
26 16
2 46
19 13
20 38
13 32
21 26
40 7
1 58
6 32
38 11
31 35
40 15
5 26
40 11
22 21
26 57
20 30
21 31
12 26
4 47
33 41
41 44
24 55
7 9
5 24
31 49
1 45
25 50
17 38
11 62
23 18
8 39
25 18
35 66
10 30
25 43
17 54
15 6
2 28
1 13
8 37
12 59
39 33
19 14
8 8
8 42
14 34
5 45
3 33
32 2
1 8
32 29
1 13
7 66
13 55
8 25
8 1
31 65
40 19
34 30
39 1
15 7
9 67
28 37
27 18
34 60
4 49
41 40
41 2
37 12
24 9
10 42
35 49
5 18
17 8
7 4
39 26
32 41
19 9
14 17
25 41
10 13
35 11
41 33
37 51
17 2
12 43
3 50
17 21
9 8
11 2
20 15
36 37
2 30
31 60
41 43
22 12
31 33
32 4
2 52
10 45
30 20
9 19
24 27
30 6
14 25
5 40
34 35
22 61
4 49
26 20
30 64
19 46
15 6
34 7
14 28
31 66
32 31
7 63
14 24
4 67
39 24
35 63
3 59
30 61
39 17
16 59
17 41
41 57
7 61
9 42
8 46
7 61
33 34
32 42
14 8
31 18
2 3
12 47
34 57
40 41
3 48
6 28
27 66
29 11
39 65
16 24
25 59
41 42
39 52
10 35
12 36
18 17
31 11
20 55
6 61
3 31
17 47
2 27
32 27
25 56
33 39
36 47
14 9
35 43
26 18
18 53
32 64
10 34
25 40
32 18
1 4
35 37
14 65
10 23
23 17
21 48
37 51
19 40
38 21
22 2
39 56
34 30
27 42
19 57
25 61
9 48
39 51
40 29
9 34
20 62
21 31
41 8
7 64
19 10
16 16
31 46
11 52
34 3
32 51
32 16
26 33
16 28
21 61
2 42
32 4
20 62
15 1
18 53
39 67
39 29
21 55
16 61
30 67
38 24
22 7
10 11
33 57
17 64
4 56
29 4
26 56
8 49
12 58
36 8
4 22
11 41
39 40
18 13
3 39
26 67
19 22
38 54
34 33
41 45
41 8
11 56
33 31
8 66
38 58
2 12
27 13
12 21
17 66
3 26
5 5
24 40
6 29
10 40
24 65
24 2
1 42
21 17
22 31
31 22
20 16
11 27
25 48
1 66
36 37
11 17
22 45
3 64
34 14
2 49
17 57
28 36
16 12
38 44
39 13
6 17
18 58
25 50
31 38
13 1
35 16
14 29
32 2
35 49
33 43
35 60
30 16
3 49
16 21
28 49
16 34
39 41
9 58
11 62
30 35
1 10
16 67
40 21
4 48
34 4
8 7
41 60
34 50
38 46
16 21
12 26
16 49
33 1
23 36
35 36
23 24
39 49
10 32
28 16
35 14
38 39
13 38
24 58
12 47
25 6
12 11
6 34
1 26
19 6
33 33
18 7
31 49
4 3
1 25
21 31
13 39
20 50
18 51
18 36
23 6
35 4
30 15
11 3
22 59
6 65
21 51
21 36
5 61
23 19
27 36
33 54
6 11
4 19
17 39
19 63
32 30
24 33
3 8
20 33
40 47
24 60
31 53
26 65
21 54
30 41
28 10
41 26
5 67
27 6
24 3
9 20
26 65
1 38
36 3
11 36
15 42
33 55
6 35
23 18
24 11
9 18
23 41
34 52
37 54
29 61
28 16
28 45
27 51
38 27
3 32
37 64
9 50
20 38
18 51
21 67
2 62
27 66
17 6
22 21
40 48
27 59
24 60
31 44
6 38
4 19
31 15
15 39
11 20
9 29
40 30
22 45
7 51
20 31
8 57
16 4
17 65
3 65
32 57
21 11
28 66
26 52
37 31
1 51
2 15
10 5
30 4
35 3
10 48
16 56
26 6
20 11
33 23
26 32
24 25
16 32
23 5
14 66
8 26
40 46
24 8
6 45
22 55
30 31
5 10
40 49
31 66
27 16
37 55
34 19
36 35
28 61
38 6
37 16
41 31
11 6
29 39
11 50
34 41
17 50
15 32
34 22
35 51
38 17
1 37
21 33
15 46
32 15
1 43
39 36
14 13
6 5
32 45
31 13
17 27
21 39
16 53
39 10
41 55
27 55
38 9
1 29
30 24
23 24
26 14
20 55
34 63
31 30
27 56
36 29
18 4
2 11
36 62
8 43
37 23
14 61
13 18
30 50
21 63
30 63
4 14
35 39
11 10
37 25
20 23
36 52
20 54
29 10
29 12
17 19
14 26
33 14
14 25
5 56
32 26
30 8
17 23
5 7
10 22
22 41
6 49
23 40
39 42
11 59
9 45
34 9
39 21
5 4
3 12
27 59
17 45
41 44
27 10
14 30
39 53
4 42
26 59
15 60
19 12
1 7
18 65
40 55
27 35
29 41
36 39
9 64
20 15
7 17
2 40
3 64
2 20
12 26
34 10
25 2
39 35
18 16
22 15
30 59
2 33
18 62
31 59
31 53
19 18
9 1
20 40
30 53
1 63
22 46
38 25
16 66
2 36
34 4
6 30
11 7
8 51
41 28
12 66
2 30
2 26
39 7
41 49
31 53
26 62
26 17
38 30
14 34
13 65
39 67
15 14
39 2
33 34
39 57
12 40
32 4
38 45
35 57
20 62
18 32
3 5
15 43
11 67
22 43
1 57
13 20
21 47
26 67
28 32
27 30
6 20
18 36
36 54
9 15
33 50
28 34
33 54
16 31
23 3
39 37
11 66
22 29
6 59
22 14
5 3
19 42
22 49
5 55
11 34
22 10
38 37
11 30
40 47
32 13
27 31
4 63
20 38
28 23
30 18
13 49
19 28
4 12
7 55
22 13
19 27
37 44
28 2
7 64
10 28
6 33
23 29
21 15
14 3
8 64
15 60
2 46
15 18
31 24
33 58
4 47
13 54
7 23
31 18
8 29
6 45
19 34
17 13
28 32
1 54
37 57
11 61
31 4
16 35
10 54
35 62
12 55
8 35
3 26
37 18
10 53
21 64
36 29
25 18
28 29
27 66
32 8
2 18
7 40
33 12
4 66
32 23
41 48
16 32
23 60
30 30
37 64
17 64
14 38
20 6
16 34
40 38
38 49
35 12
2 29
38 11
7 35
9 9
27 28
34 20
16 30
14 51
41 32
2 25
32 17
30 37
34 47
11 51
5 23
36 55
37 52
41 1
39 50
31 15
18 11
20 15
36 22
30 53
27 31
3 31
25 6
12 55
10 6
5 43
34 43
24 52
21 16
13 43
7 15
17 22
37 19
7 66
27 9
23 3
31 38
26 23
24 11
8 57
14 48
28 48
40 30
16 8
12 35
3 39
33 35
31 58
20 49
18 19
18 34
2 45
8 25
23 14
32 11
40 25
36 21
3 40
28 32
23 27
26 50
10 58
34 30
19 15
19 2
29 23
13 48
4 14
13 23
12 37
33 31
20 16
4 29
22 61
31 57
23 13
23 46
22 62
24 39
21 21
27 27
16 6
5 9
30 5
20 41
18 41
13 59
17 11
13 50
20 53
36 2
2 47
37 18
27 29
33 57
34 58
1 53
25 21
9 36
39 11
18 31
14 42
26 32
23 50
12 10
41 57
3 59
14 25
22 13
6 43
3 63
16 33
17 12
39 22
21 9
32 24
17 41
36 6
17 21
15 32
34 54
17 50
25 31
12 52
35 36
35 58
30 62
2 39
14 45
10 48
33 1
37 32
20 7
8 25
7 40
32 9
33 39
30 2
30 28
12 39
30 8
22 54
19 21
13 59
5 4
14 16
4 12
39 53
7 55
22 50
5 23
17 9
41 43
25 8
19 40
38 51
31 4
7 40
25 27
37 52
16 49
27 12
37 29
19 5
10 21
28 48
18 31
25 25
11 20
14 64
23 11
15 64
2 45
34 49
14 11
2 22
7 42
1 41
36 30
2 62
12 6
13 22
28 3
36 49
13 46
35 14
38 3
10 36
19 38
37 21
8 44
10 8
12 2
39 31
39 62
5 50
30 49
16 7
36 8
34 30
38 7
4 31
34 43
10 33
7 56
32 21
11 30
25 3
3 19
3 32
6 9
15 50
26 27
12 56
27 38
28 37
8 18
40 67
9 48
39 12
9 42
27 65
26 7
10 6
36 30
16 15
35 49
5 36
8 16
11 51
23 2
13 29
23 40
2 35
15 2
3 66
41 39
32 1
2 28
38 50
17 34
26 7
38 4
30 50
3 43
8 7
5 52
15 25
6 49
32 28
17 36
5 66
7 56
31 35
14 14
30 61
41 59
25 20
18 58
3 4
30 6
13 23
29 55
9 23
34 51
9 16
10 58
15 1
41 8
19 63
29 31
28 34
12 23
23 12
24 15
22 33
6 49
31 28
22 43
9 5
13 55
2 15
9 49
16 60
6 66
33 54
29 30
35 52
4 29
11 62
12 14
18 65
19 24
7 59
1 16
30 45
1 26
40 49
10 55
34 35
34 63
19 35
8 8
41 9
21 51
13 31
1 33
15 18
21 25
37 23
26 35
28 27
38 43
23 53
33 38
19 35
29 52
31 39
39 62
10 23
3 27
23 31
14 34
25 42
8 51
35 37
15 27
25 58
11 14
9 31
17 2
15 49
22 22
24 6
7 28
23 9
7 3
18 45
35 43
14 44
20 10
14 66
32 27
27 16
21 29
28 54
13 2
32 21
6 56
11 33
20 24
30 35
37 58
20 52
36 44
10 61
26 2
33 53
39 17
6 40
32 22
40 15
27 50
13 52
31 47
32 16
5 50
28 25
31 3
1 1
5 41
21 9
6 11
20 25
41 29
9 62
36 38
35 54
8 51
10 3
36 36
1 61
6 66
37 27
20 66
26 37
15 24
18 34
28 39
1 35
10 51
29 37
18 9
16 1
3 28
2 28
40 66
23 32
12 10
27 55
24 45
6 21
38 23
35 50
23 52
4 50
8 27
4 59
25 53
27 52
34 41
9 42
30 2
30 3
30 38
32 41
6 6
28 46
26 21
7 57
34 5
6 63
35 11
13 59
18 7
1 39
14 53
16 33
15 54
20 44
41 25
4 18
18 43
27 45
37 37
4 41
27 54
34 50
38 29
13 47
21 64
34 39
26 64
7 49
34 35
36 13
33 46
35 22
1 65
12 35
6 30
21 53
34 31
12 25
15 45
5 19
4 48
1 19
22 20
9 23
14 20
21 49
5 5
18 15
15 17
14 32
23 51
27 60
28 14
21 66
5 2
21 53
23 58
10 54
11 39
3 10
26 51
28 60
14 46
22 42
12 11
26 7
13 58
40 50
22 64
3 46
3 24
36 1
8 63
15 50
39 16
33 63
16 38
12 50
31 58
15 66
13 20
12 4
28 17
19 34
11 56
34 5
17 35
22 50
33 9
29 26
14 13
32 20
33 21
26 55
8 22
30 59
10 13
32 44
10 65
29 44
25 50
36 31
33 53
1 8
8 37
3 1
2 57
33 37
39 15
33 57
28 21
22 9
3 22
14 60
14 27
20 63
34 58
20 6
14 39
35 35
13 41
13 28
14 51
32 43
4 52
41 28
30 63
17 5
9 27
32 40
2 43
5 66
34 17
3 27
15 48
15 14
19 34
23 10
9 47
3 57
41 11
5 20
12 10
38 59
39 58
23 27
5 60
3 5
35 7
20 32
34 45
40 10
14 52
20 3
3 40
25 39
30 53
5 5
6 48
12 24
5 21
10 61
19 56
25 36
35 4
37 11
4 6
15 17
24 18
26 16
1 39
20 62
29 23
18 12
30 10
21 23
39 61
31 26
3 17
4 20
30 59
9 32
17 3
29 18
13 18
12 28
24 21
21 45
14 50
5 40
34 56
22 36
13 58
21 59
34 20
17 4
30 45
2 50
8 36
3 42
27 22
6 67
26 39
33 36
11 37
1 34
5 65
19 20
37 60
16 35
28 41
29 37
41 11
5 33
23 29
40 40
16 3
9 22
7 36
21 8
32 19
33 44
13 43
29 58
4 2
27 58
7 59
32 14
25 62
6 5
9 29
27 32
12 49
32 48
14 39
14 35
17 57
40 39
2 8
36 9
21 52
37 30
16 25
37 44
41 14
3 62
25 9
24 56
17 9
38 51
33 24
7 34
18 62
40 21
34 9
13 44
18 4
18 59
34 17
15 34
14 38
21 42
33 14
41 19
6 33
1 53
40 18
22 10
8 32
10 63
25 12
16 50
26 65
38 7
4 56
11 53
28 65
37 51
32 25
40 18
40 14
7 38
3 52
39 21
16 37
23 6
13 59
22 61
14 44
36 22
38 62
30 36
18 25
2 45
27 42
3 15
41 37
19 13
39 29
26 46
2 30
11 41
10 63
25 66
26 13
26 67
34 44
14 63
33 13
30 15
31 63
17 26
19 22
37 11
14 41
15 12
2 26
25 20
20 60
8 64
5 12
9 15
7 32
39 45
25 48
15 62
11 46
7 18
29 61
14 55
22 16
34 56
26 43
20 49
26 10
8 60
24 49
35 50
18 40
39 3
40 46
9 21
37 1
28 54
22 51
24 56
40 16
17 41
1 52
11 21
27 54
22 40
38 67
35 51
31 60
19 4
17 1
40 42
37 51
27 65
38 19
34 7
27 49
34 53
37 18
21 13
9 57
17 13
9 39
33 20
34 49
30 8
18 10
41 40
23 32
16 2
15 19
5 63
21 16
28 38
41 8
2 23
31 10
21 17
17 5
1 5
15 17
2 46
25 8
31 33
37 38
30 24
7 40
1 49
26 57
27 50
7 20
17 23
40 53
27 16
19 33
31 25
32 20
30 45
37 11
23 63
12 7
16 22
6 1
40 2
29 48
23 34
7 49
27 56
35 4
15 43
8 49
34 28
18 18
5 49
36 55
26 62
10 15
10 7
33 2
22 19
13 12
13 5
31 48
37 26
17 67
5 52
18 14
19 53
10 16
16 11
18 32
4 59
22 53
40 15
11 23
12 16
17 63
11 24
39 2
40 52
24 27
3 21
37 13
36 8
1 54
9 36
17 45
4 35
37 1
41 23
41 47
24 62
16 22
30 16
39 33
25 49
6 44
4 47
33 7
18 52
5 36
7 11
5 19
35 3
35 6
40 52
14 54
29 10
3 56
13 63
15 4
39 13
19 44
4 37
6 40
34 2
31 29
1 64
34 22
16 46
35 42
4 1
11 39
23 47
13 59
1 25
30 38
41 5
29 28
31 33
10 51
38 50
22 58
13 4
25 8
24 38
37 2
4 64
5 37
28 28
37 63
26 35
18 40
30 61
37 39
25 18
4 52
6 14
21 56
39 52
26 3
31 42
31 49
36 40
26 41
25 66
24 26
12 10
3 34
16 19
16 24
14 22
6 56
26 51
4 38
37 36
17 47
6 52
16 27
10 35
8 24
30 11
8 49
12 46
30 27
17 31
15 4
27 10
18 16
30 36
30 17
9 66
13 29
10 2
37 48
15 64
21 1
22 57
27 35
28 61
14 45
1 6
16 52
29 32
8 16
23 64
30 52
28 61
16 22
7 66
32 34
6 1
18 63
35 6
38 9
2 12
4 21
24 43
34 42
10 63
15 1
25 48
21 48
34 22
39 10
33 47
33 50
32 59
5 64
6 39
33 16
9 1
14 55
26 23
28 11
9 22
2 50
35 56
20 44
21 25
39 20
10 11
30 33
13 28
33 38
7 45
40 41
16 63
37 58
17 46
32 37
10 56
39 25
35 44
4 6
23 20
24 20
23 60
9 23
23 43
18 38
9 18
10 56
6 33
29 10
25 62
27 55
36 53
32 49
1 10
1 64
41 37
16 36
26 55
27 9
4 2
20 30
20 24
10 9
32 29
6 44
11 7
40 23
35 65
18 45
36 53
15 39
1 59
25 66
15 33
3 6
38 56
31 5
14 15
40 21
5 39
4 50
11 52
6 32
31 42
29 51
36 53
1 52
3 9
35 64
4 36
13 30
7 22
33 65
15 64
37 9
11 44
25 15
30 20
10 20
27 38
27 9
15 4
32 15
17 14
36 56
19 2
23 6
26 67
34 52
15 55
8 6
38 56
37 60
29 44
26 59
12 41
18 16
28 29
27 13
14 45
37 37
20 20
16 32
9 51
13 23
10 30
3 25
33 35
40 37
20 19
39 20
23 50
27 63
26 63
30 2
27 63
29 33
18 11
33 46
10 33
33 26
41 59
1 64
21 41
32 11
3 64
37 11
24 62
10 26
26 43
7 37
13 28
33 8
22 48
37 66
40 29
14 52
26 58
23 13
25 2
25 30
30 4
19 13
34 2
28 44
5 51
39 34
25 23
19 62
18 29
19 11
38 12
11 61
15 7
1 46
23 6
4 46
12 23
5 52
21 67
35 62
6 64
35 13
18 54
6 56
14 64
14 61
6 7
1 61
40 42
16 60
4 18
7 59
17 26
11 5
35 43
33 51
20 14
1 18
4 35
32 19
27 40
19 61
37 39
6 20
6 37
6 65
4 39
29 13
3 37
32 15
5 36
15 50
4 24
18 18
29 39
24 17
2 41
30 53
36 44
37 49
33 21
30 1
37 32
23 6
8 41
21 25
36 60
20 43
24 21
39 57
38 55
1 56
34 18
35 3
15 19
8 8
3 21
2 13
11 9
12 8
36 61
7 29
4 8
9 10
37 13
25 31
29 22
28 15
40 35
37 6
24 24
9 13
17 23
7 12
17 32
10 23
33 5
11 46
26 51
7 55
24 64
14 5
10 38
17 53
19 31
24 62
32 4
40 23
13 29
11 60
13 40
15 39
15 56
20 40
36 20
21 48
24 4
25 24
5 16
40 40
9 5
4 33
7 30
7 22
40 8
12 5
13 29
10 30
25 12
16 19
37 31
9 59
31 22
18 63
34 3
36 30
23 62
25 52
18 44
34 14
5 30
12 11
16 40
5 10
28 22
24 62
28 53
18 62
40 23
19 58
40 59
22 29
2 45
7 50
17 44
18 44
35 49
26 25
6 19
36 58
30 27
7 47
10 66
15 67
9 4
31 25
1 60
5 38
15 41
7 49
27 11
38 14
14 31
33 43
30 66
29 60
9 13
39 51
37 57
16 59
34 65
3 32
20 57
37 35
41 7
24 58
4 60
5 51
20 48
41 46
20 19
17 23
34 33
5 4
29 14
28 55
22 29
9 24
11 10
15 26
16 30
19 30
20 60
20 67
4 17
18 40
30 59
13 31
19 30
16 56
5 55
20 33
39 49
30 3
34 32
19 53
20 15
20 59
14 51
23 66
30 18
37 10
2 25
30 20
24 56
28 57
31 45
28 31
25 40
34 18
3 39
2 14
15 58
19 43
36 52
36 24
40 34
27 52
40 23
27 26
4 49
8 49
33 51
37 40
11 35
21 54
26 22
37 44
36 64
2 6
15 58
36 63
24 10
41 21
1 24
14 47
1 57
36 21
40 60
23 67
14 21
39 8
34 34
6 7
36 17
8 9
33 38
8 52
41 39
17 44
6 65
14 65
32 49
38 36
17 23
32 29
12 53
28 10
31 18
12 15
16 6
18 62
41 57
5 60
23 44
33 28
33 19
41 3
3 52
11 30
28 12
6 1
21 28
9 31
3 27
40 56
30 10
7 45
21 48
32 18
30 18
8 32
17 22
27 62
40 32
22 45
20 53
18 59
24 64
11 56
7 21
40 54
4 15
16 7
12 53
38 8
19 57
12 49
13 57
29 30
28 38
29 8
2 61
4 39
24 43
7 34
10 36
28 2
25 39
5 44
34 1
11 54
27 4
27 14
30 62
28 11
23 62
27 64
41 40
34 4
31 6
17 45
26 26
23 23
33 29
16 31
9 11
21 2
18 13
39 55
21 31
34 56
18 55
22 66
14 15
41 31
9 16
20 61
38 30
2 41
18 44
33 12
12 51
17 45
7 58
10 54
16 63
20 24
38 9
15 27
5 15
41 15
20 44
1 63
22 47
13 20
34 12
34 1
41 19
19 24
7 33
14 22
1 22
28 66
38 38
12 55
9 6
23 23
35 12
39 50
26 29
3 60
6 39
6 62
34 51
12 63
27 37
16 54
9 2
13 54
6 32
30 67
9 8
13 55
7 21
15 39
16 57
23 10
8 56
21 42
37 19
28 58
2 13
32 52
30 67
35 24
36 46
22 53
1 39
10 55
40 26
19 40
40 10
5 42
17 32
10 49
22 21
36 25
33 13
17 39
38 6
4 65
31 2
18 10
35 40
17 3
20 6
20 18
15 45
39 43
32 44
33 45
28 45
18 34
7 53
5 13
5 47
23 24
39 51
3 34
19 32
1 44
32 21
8 30
3 35
39 12
41 56
32 21
20 6
11 15
12 39
36 36
1 63
4 10
8 62
6 66
20 28
5 50
32 50
7 55
16 11
40 64
18 23
34 7
35 32
15 46
28 5
9 10
20 5
20 17
37 1
39 17
35 63
41 58
5 44
27 36
16 36
26 11
13 65
16 53
24 36
7 50
14 57
37 41
6 17
25 10
1 60
4 37
5 44
15 23
22 31
15 58
13 65
33 40
19 23
35 13
35 20
21 40
35 3
11 4
3 25
5 43
40 60
8 2
28 24
18 38
18 45
3 35
8 30
8 63
26 57
7 41
41 54
41 10
13 44
38 16
16 33
37 30
5 45
5 19
15 51
25 6
2 19
26 41
38 19
39 20
4 20
38 61
20 51
23 66
7 40
27 18
22 58
16 20
4 32
1 32
9 24
5 55
24 28
23 65
12 25
10 41
39 44
4 45
11 58
8 26
33 28
40 46
17 7
28 30
4 66
3 36
37 57
23 1
28 31
5 39
32 64
8 6
24 8
17 31
25 35
38 40
7 4
8 60
5 52
31 29
39 28
6 51
13 11
33 14
36 10
30 46
28 55
30 51
31 66
7 62
26 26
20 15
39 61
36 9
38 59
23 14
6 37
28 67
10 54
12 30
18 19
15 28
13 59
39 58
21 61
24 43
12 25
25 4
33 48
40 30
14 52
34 54
23 31
11 3
27 60
21 35
32 62
22 34
19 2
5 61
31 52
10 17
4 20
12 53
28 56
33 61
4 67
25 10
26 44
40 62
19 62
27 57
1 37
9 13
37 28
27 24
18 1
31 21
18 24
9 30
38 44
39 56
2 31
23 60
39 31
30 21
18 27
40 52
33 67
18 14
33 43
41 9
25 6
30 4
34 40
12 66
37 67
15 66
1 52
10 36
2 54
20 20
20 7
10 11
41 62
11 12
16 11
37 40
11 5
6 49
27 25
13 29
18 48
33 58
34 39
18 22
38 39
26 6
11 17
14 10
19 60
2 54
14 31
15 51
1 19
27 25
7 32
23 39
33 12
10 4
20 49
27 11
40 35
8 51
34 10
35 2
7 9
15 22
13 48
14 36
31 64
35 50
16 11
4 34
11 4
8 5
2 15
18 54
20 35
24 43
41 15
1 24
3 56
41 46
2 21
27 42
23 4
33 39
30 3
23 19
22 28
39 35
37 40
40 50
17 57
14 57
4 27
22 5
4 3
11 6
25 6
34 1
7 51
7 6
28 64
22 59
29 63
26 54
13 53
4 41
30 44
36 52
6 37
37 65
37 29
19 16
25 29
40 57
28 26
20 58
31 26
40 33
7 62
41 63
3 64
25 45
21 35
18 37
11 44
33 44
27 24
28 43
37 50
21 2
30 35
9 5
11 51
41 53
35 26
1 33
9 22
33 29
1 14
15 30
10 11
33 32
36 55
26 64
29 60
14 35
17 49
37 65
38 9
36 6
18 51
4 21
40 20
22 3
4 13
1 52
35 23
40 47
4 46
18 34
19 56
32 38
29 26
14 32
24 23
24 49
5 4
5 35
15 29
35 8
35 34
4 34
15 7
14 16
21 28
23 52
39 47
33 5
40 40
2 39
35 7
9 33
2 44
26 19
20 8
37 60
2 30
38 53
29 21
16 62
29 55
3 12
23 33
24 36
6 50
16 11
27 20
30 3
7 42
18 61
41 47
16 39
8 43
19 44
2 59
35 33
17 45
22 55
12 26
29 50
30 23
9 32
18 10
19 30
17 42
31 62
29 28
18 42
9 20
5 28
39 31
19 7
10 25
28 20
8 26
41 48
13 33
40 49
3 17
22 47
9 40
15 41
33 37
41 49
32 21
21 8
18 63
23 41
19 60
12 46
19 47
26 47
41 19
13 56
8 10
38 40
6 53
12 9
26 26
5 42
5 41
33 16
23 49
30 11
38 9
28 37
33 42
31 42
25 64
33 36
21 65
16 38
23 65
20 34
41 24
13 35
20 57
37 22
36 47
28 28
4 5
11 49
35 17
3 23
27 12
38 62
39 64
20 43
31 3
29 11
37 33
16 25
35 4
7 42
14 2
27 48
6 22
18 41
17 38
7 49
19 33
35 11
23 53
29 48
27 27
39 36
16 5
7 21
24 59
41 25
19 10
39 7
6 56
41 36
13 31
7 43
21 39
11 1
8 64
6 41
2 29
13 50
40 44
28 18
10 19
22 19
16 67
20 21
21 37
26 67
24 66
8 45
5 55
12 14
26 10
39 24
37 64
3 53
37 12
29 47
19 22
15 22
10 7
20 51
6 60
23 32
30 1
24 11
27 13
24 65
17 14
24 64
27 26
21 10
29 8
28 4
5 38
16 50
29 61
12 47
10 36
27 8
39 59
28 64
12 11
29 46
40 52
9 67
26 24
30 1
32 1
37 27
32 38
1 5
34 62
20 50
40 34
1 24
19 64
30 16
2 35
3 15
9 29
40 20
34 63
2 3
29 56
31 41
29 28
15 53
19 46
19 2
17 8
21 30
19 14
26 15
15 37
23 44
9 18
8 54
2 22
39 36
15 47
6 63
5 4
18 18
1 21
18 37
23 18
13 35
28 5
41 2
30 26
2 34
34 38
39 11
19 53
14 59
19 28
30 53
14 23
21 11
39 28
19 25
7 12
40 19
28 46
39 41
16 37
10 37
5 45
38 5
31 65
21 49
35 47
9 7
11 48
2 57
15 42
17 55
41 27
36 46
27 12
6 36
19 38
39 9
7 43
31 45
10 41
12 15
30 54
5 57
4 12
11 64
31 18
23 30
4 1
28 40
7 61
2 32
28 41
3 14
15 14
30 56
17 35
29 40
7 19
28 61
35 40
26 53
29 53
34 2
16 3
12 48
24 39
32 25
11 16
29 66
28 67
28 14
34 34
17 44
8 20
19 62
25 25
13 7
35 58
36 44
40 52
19 3
38 34
29 59
20 12
27 28
3 2
35 18
5 11
35 48
35 66
20 67
31 30
15 35
38 9
11 9
40 48
37 57
17 29
17 10
22 61
5 67
4 33
16 20
41 31
4 52
21 41
2 49
41 36
5 27
40 48
30 59
38 11
7 28
26 41
9 7
26 33
18 10
9 39
34 8
13 22
8 30
16 8
33 13
20 59
13 38
15 14
5 58
36 17
31 11
8 37
8 30
6 43
12 31
36 67
13 31
1 16
8 44
12 51
10 46
38 27
8 31
15 23
24 63
20 18
22 2
9 33
15 55
4 4
28 10
8 46
36 56
8 66
30 30
4 60
15 41
21 56
10 8
24 25
15 30
4 35
19 62
12 19
24 13
31 24
31 23
10 9
27 15
3 20
2 67
14 30
37 57
16 8
30 3
15 7
16 47
27 48
37 28
3 51
27 17
15 39
27 47
5 65
12 1
16 38
16 35
28 6
41 38
17 3
18 35
13 25
7 58
10 48
26 33
8 31
4 19
31 31
12 50
20 17
35 23
1 30
7 52
21 25
37 41
23 60
40 55
13 10
10 40
25 57
29 52
11 51
18 34
25 15
5 23
3 57
27 30
15 1
26 13
5 27
18 60
18 24
11 45
20 54
23 56
3 25
33 10
33 50
33 44
20 37
8 21
19 21
40 25
38 63
18 54
28 7
7 35
14 35
23 14
16 40
20 19
39 46
4 66
10 56
14 16
38 52
31 56
4 48
3 11
6 64
21 26
30 22
36 53
17 17
30 8
32 23
6 13
29 67
35 61
32 35
20 63
25 66
17 60
19 62
2 59
12 38
37 48
4 9
31 23
33 17
29 49
8 58
6 35
37 16
10 11
10 54
31 58
15 22
6 23
1 53
4 66
35 53
8 44
29 61
6 26
24 33
26 48
2 63
26 47
31 65
4 52
25 35
37 8
16 45
16 16
17 66
31 1
16 44
12 13
2 37
12 20
41 56
36 57
19 56
3 53
34 58
31 44
9 49
27 58
15 26
30 1
16 52
38 57
15 37
36 52
27 1
4 32
10 63
37 61
9 38
36 7
2 13
41 35
29 26
24 53
5 16
13 34
34 27
23 47
31 8
1 58
23 29
5 63
41 18
24 30
38 53
25 43
19 15
11 26
11 7
5 52
27 34
37 5
3 20
11 35
2 2
27 40
22 27
17 34
32 28
38 29
26 21
39 23
31 55
21 27
4 7
17 25
18 5
24 10
9 62
29 6
36 63
24 7
36 19
9 50
3 11
23 51
10 17
15 6
29 8
29 7
12 58
23 17
8 61
18 50
37 58
25 53
29 35
7 54
35 11
35 39
37 56
8 3
1 32
39 23
34 20
22 62
13 8
33 58
19 55
31 3
36 21
39 7
23 42
6 43
41 26
28 16
21 59
24 52
20 14
33 36
37 46
3 16
38 53
7 15
26 41
14 13
34 2
39 38
11 12
16 9
5 32
18 4
16 10
39 2
22 50
35 39
13 55
33 15
41 30
39 50
4 7
41 45
5 26
16 40
5 10
31 55
34 60
23 11
8 59
2 67
5 34
7 42
27 1
6 11
28 19
35 47
5 5
27 7
29 3
27 37
12 16
22 24
13 21
32 59
5 40
3 6
17 51
30 28
37 29
19 12
9 10
5 63
19 5
24 54
40 59
7 56
2 1
36 41
15 44
27 25
13 12
10 47
31 3
3 42
22 44
17 61
6 60
24 28
26 59
34 62
33 18
3 42
20 8
40 3
25 62
6 31
28 36
36 61
32 44
23 54
5 45
20 33
33 28
15 22
11 53
17 45
26 58
15 62
31 8
23 8
38 59
36 38
27 22
21 58
7 37
41 33
6 47
13 1
27 6
9 66
41 22
7 41
24 39
19 31
39 5
13 65
39 4
26 17
20 56
10 41
33 65
14 57
5 67
35 2
7 36
14 51
27 16
19 63
11 58
41 37
14 18
14 7
3 58
17 45
15 41
20 48
22 28
40 59
3 7
24 36
23 31
7 21
35 12
36 28
10 11
38 10
13 58
3 21
39 46
8 15
32 26
35 53
17 51
22 24
25 24
6 46
32 54
4 57
3 41
17 20
7 5
23 51
21 55
37 44
33 62
20 46
35 37
18 31
12 6
22 15
3 10
12 39
27 41
39 40
39 53
32 54
28 8
18 7
36 31
3 65
27 11
33 31
11 36
26 38
14 47
34 29
10 11
5 7
2 30
1 4
12 27
29 16
29 24
8 29
20 35
5 63
22 67
28 14
12 56
28 64
23 10
33 62
8 26
9 16
3 5
35 34
2 51
36 13
19 20
31 49
30 16
1 5
12 4
5 58
21 50
37 3
15 49
23 28
40 26
40 4
14 50
21 61
26 38
34 11
20 43
30 24
24 26
18 30
1 23
4 65
23 55
25 27
39 24
40 41
4 4
35 64
30 33
41 56
16 28
33 19
31 51
14 45
11 13
1 3
32 39
3 17
10 4
37 17
8 43
38 25
20 44
19 33
40 63
17 63
32 10
6 32
26 14
10 67
8 61
32 65
16 23
13 49
18 20
1 61
22 16
6 21
10 8
11 38
22 52
38 22
9 33
31 21
27 45
38 31
2 5
23 5
10 39
8 12
2 55
38 30
34 19
34 18
34 49
39 22
9 32
24 59
33 47
5 7
28 33
6 39
19 62
6 22
21 33
9 42
3 66
13 6
32 45
18 56
35 44
38 19
27 6
12 52
10 61
10 52
39 21
2 17
29 53
1 54
35 53
40 7
14 49
16 26
32 53
12 3
7 53
15 27
11 38
9 10
8 34
3 18
6 57
27 26
24 46
3 26
4 45
12 22
21 32
6 60
39 3
5 36
13 24
12 41
2 67
2 33
37 50
41 32
35 12
11 65
4 7
35 18
40 19
17 19
23 13
5 29
27 36
24 59
3 39
32 52
12 8
18 66
22 23
2 59
14 25
32 34
27 42
34 40
28 45
27 35
8 40
13 50
38 36
7 46
17 61
20 45
8 25
18 62
7 45
33 59
27 54
15 44
13 56
37 36
1 50
17 32
10 35
12 29
32 55
8 7
7 33
39 30
30 5
8 61
27 59
38 35
5 17
11 23
20 40
16 34
37 11
31 33
24 44
18 1
26 12
4 31
16 45
8 23
25 35
12 45
26 21
41 40
31 51
27 14
27 57
25 50
11 11
24 5
30 17
14 44
32 42
8 63
8 29
2 9
21 49
34 14
40 25
37 9
35 17
6 64
17 20
11 1
24 23
8 50
7 20
38 6
5 14
4 21
23 12
15 58
19 64
4 36
21 50
16 8
37 61
28 4
28 37
2 42
22 66
37 26
11 64
37 14
17 7
24 61
17 21
9 34
8 57
2 48
25 1
25 64
2 46
28 26
20 28
19 24
28 31
33 37
40 29
17 14
24 32
3 32
35 55
19 54
17 67
12 5
12 27
3 50
4 64
16 52
36 20
11 36
15 23
14 41
29 8
34 15
10 38
11 6
25 66
2 18
14 50
36 10
9 18
20 1
39 6
14 64
37 61
3 22
12 21
17 41
29 54
5 29
30 63
36 66
22 26
29 57
13 55
11 38
26 57
12 57
18 4
26 58
10 58
27 31
40 51
30 32
31 54
19 8
6 47
18 51
7 46
11 18
1 65
38 55
3 17
40 49
7 33
33 50
8 39
24 23
21 55
1 39
23 17
30 64
35 10
26 27
17 62
33 18
24 61
4 7
19 32
20 30
41 63
3 9
10 25
31 28
30 38
7 62
22 53
29 13
23 16
16 27
23 21
12 62
2 35
3 29
40 52
27 36
30 2
11 39
39 39
35 14
9 33
8 37
35 58
35 35
27 39
37 56
11 39
40 16
40 59
40 2
37 57
39 50
41 41
35 21
13 67
10 3
40 19
8 1
28 25
30 60
8 55
3 5
16 45
11 34
28 40
6 2
19 46
7 65
24 61
9 50
22 34
5 56
41 48
32 42
14 60
25 38
39 43
33 13
15 67
10 45
6 50
29 34
5 37
14 29
7 43
12 30
39 50
19 57
5 12
4 31
3 25
13 55
36 33
38 62
2 42
5 49
13 20
30 13
20 15
8 53
32 61
38 25
41 61
1 11
37 53
33 28
26 16
4 26
39 15
39 11
21 65
12 64
16 36
9 67
4 42
19 6
24 52
32 65
11 30
6 61
20 59
6 2
16 11
10 6
11 46
8 19
24 46
28 47
34 7
37 30
16 22
11 60
8 36
25 23
26 65
36 51
27 12
11 44
31 53
37 16
40 33
38 22
16 56
23 46
29 36
14 45
3 24
20 64
41 56
26 44
29 4
8 4
27 64
28 35
20 30
30 36
33 28
27 23
20 11
5 44
16 8
4 10
14 26
21 61
7 4
23 16
29 53
33 18
41 33
13 23
31 38
29 5
35 43
31 37
16 48
21 7
4 29
1 44
5 8
29 61
33 40
11 64
33 35
23 6
39 36
22 43
38 10
9 1
37 4
41 40
19 23
21 57
4 5
31 66
6 15
12 37
16 29
21 19
23 5
32 23
12 57
35 59
33 17
34 18
33 12
25 22
39 18
9 4
28 10
34 10
4 48
33 47
32 53
36 48
5 9
23 12
36 4
34 8
12 21
21 32
20 40
1 45
6 3
33 56
30 23
17 52
40 58
11 30
32 57
12 29
34 40
25 24
27 43
3 41
38 3
16 26
39 58
39 24
6 7
12 28
13 46
15 21
3 54
29 53
20 36
23 51
2 19
6 41
19 36
10 27
7 53
39 24
11 18
25 51
39 29
22 42
20 67
16 2
1 41
33 43
5 18
13 34
28 4
23 28
20 59
20 5
23 15
18 49
22 3
24 12
14 5
35 40
20 12
16 48
22 40
13 27
19 20
29 54
39 2
8 37
41 59
23 51
24 36
13 1
34 24
1 25
32 19
22 40
39 16
33 28
24 46
3 45
16 40
35 2
9 26
28 32
19 18
39 15
4 42
16 24
12 20
12 58
4 55
19 43
36 24
6 30
38 37
9 27
40 37
29 26
