26 6 664
1 0 0 0 0 0 
1 1 1 0 1 0 
0 1 1 1 1 0 
0 1 0 1 0 0 
0 1 1 0 1 1 
0 1 1 1 0 0 
1 0 1 0 1 0 
1 0 1 0 1 0 
1 0 0 1 0 1 
1 1 0 0 1 1 
1 0 1 1 0 0 
1 0 1 1 0 1 
1 0 0 0 0 1 
0 0 1 1 0 0 
0 0 1 1 0 0 
1 1 1 1 1 0 
1 1 0 0 1 1 
1 0 1 0 0 0 
0 0 1 1 1 1 
0 0 0 1 1 0 
0 0 0 0 1 0 
0 1 0 0 1 1 
0 1 0 0 1 1 
0 0 0 1 0 1 
1 1 1 0 0 0 
0 1 1 0 1 1 
21 1
2 2
9 2
15 6
21 3
22 4
26 4
22 5
22 1
10 1
11 1
18 2
1 2
2 1
9 1
12 3
1 5
7 3
20 1
23 2
19 4
8 3
16 2
21 4
18 5
21 6
22 4
20 3
16 2
7 2
4 6
21 6
11 3
3 3
15 1
21 4
1 5
23 6
4 3
7 4
18 5
13 3
10 1
2 3
6 2
21 5
3 1
23 5
14 4
4 3
25 4
12 1
16 6
13 1
13 1
21 1
26 4
1 4
19 6
21 4
3 3
15 1
7 1
3 1
7 6
13 6
8 3
10 4
2 5
14 2
9 6
19 3
6 4
2 5
14 6
7 3
24 5
16 2
11 4
26 3
6 3
21 4
5 4
21 2
26 6
1 2
20 6
3 2
12 6
9 3
17 4
18 1
6 5
11 6
5 6
7 6
12 1
24 1
17 4
24 5
14 5
8 4
21 2
9 2
11 4
23 3
15 5
18 2
10 2
24 6
4 3
17 1
15 1
4 6
14 3
14 6
26 3
22 1
5 4
17 1
18 6
14 1
17 4
15 4
21 3
17 3
21 1
4 3
4 2
4 2
16 4
1 4
12 6
11 5
15 4
15 2
19 5
23 3
14 2
14 6
7 5
19 5
25 2
4 4
21 1
15 6
18 3
26 6
4 3
11 6
23 3
23 2
21 6
20 3
8 3
22 6
7 2
6 6
6 6
23 6
24 2
9 1
5 3
7 4
4 3
16 6
16 3
12 4
16 1
17 6
5 4
11 1
25 4
21 1
26 5
1 3
26 3
5 6
2 4
4 6
26 4
8 5
18 3
3 6
13 3
17 4
9 6
22 6
4 2
23 6
9 5
11 2
7 5
17 2
23 4
7 5
22 6
5 1
22 6
5 4
25 4
8 5
25 2
6 6
25 2
15 5
8 6
8 1
4 4
9 3
25 2
12 2
26 4
26 3
18 6
22 4
21 6
5 4
5 5
3 4
10 2
19 3
7 2
19 3
26 2
13 5
16 2
4 1
26 5
3 3
2 2
5 1
26 4
2 1
20 1
19 1
23 1
25 4
18 5
19 3
10 1
7 5
17 1
11 2
16 5
17 3
9 2
21 5
10 5
12 2
5 3
26 2
18 2
3 3
15 1
22 5
15 5
13 3
18 6
16 6
9 4
4 2
9 5
23 3
2 6
21 6
11 5
11 6
5 2
25 4
22 5
15 4
7 3
5 4
5 5
10 5
10 3
20 4
26 6
25 5
17 2
9 2
15 5
4 4
1 1
12 6
7 1
13 2
19 2
12 2
17 4
5 1
10 6
4 4
9 6
6 6
22 3
4 5
6 1
8 2
17 4
24 3
11 5
10 5
1 3
3 4
12 5
18 3
8 4
26 6
20 6
17 6
23 1
12 6
13 3
9 6
16 5
12 4
1 2
9 1
19 1
12 5
10 5
9 5
23 1
5 4
23 4
1 3
9 1
4 5
18 3
7 3
21 1
10 6
24 6
10 4
11 5
22 2
23 1
1 2
8 4
4 5
16 5
8 1
4 5
23 1
6 3
15 1
15 2
20 4
17 6
6 5
13 6
25 3
25 2
17 3
7 4
8 5
2 4
22 2
5 4
15 4
5 4
17 5
8 4
23 4
10 1
21 3
24 4
3 5
22 1
8 2
7 3
26 2
7 3
5 6
21 5
6 5
21 2
1 6
5 6
11 2
2 4
22 2
8 5
20 4
4 3
14 2
10 1
11 5
20 2
7 3
14 1
16 2
26 1
10 1
5 2
13 1
10 3
5 3
21 6
19 2
1 4
12 1
1 2
7 4
14 6
1 5
10 6
9 5
1 2
7 6
16 2
5 3
14 1
21 5
12 5
2 4
23 5
23 2
7 4
6 1
21 5
25 5
26 2
13 5
20 2
24 3
14 5
14 5
13 3
14 3
21 5
24 3
25 6
4 6
9 1
5 4
8 1
14 6
7 2
18 4
26 2
16 5
16 6
14 2
26 5
21 1
11 6
16 1
11 6
22 3
3 4
25 1
25 3
20 1
11 3
25 4
7 2
5 2
10 4
10 2
15 3
17 5
23 2
4 5
8 2
26 3
24 1
14 5
3 6
18 4
11 3
14 1
1 5
6 3
10 1
4 2
9 5
25 1
1 4
6 6
13 5
2 1
14 4
20 5
25 2
12 3
24 3
8 5
23 2
16 1
9 1
11 5
17 3
17 2
22 4
26 5
22 4
25 4
14 2
12 4
10 2
7 2
3 4
22 5
8 6
19 2
9 6
13 6
1 4
16 3
5 2
23 3
26 2
13 1
7 3
18 2
23 6
6 4
6 4
18 3
1 2
9 6
1 2
2 6
9 3
24 2
6 6
4 3
18 3
11 1
4 5
14 3
14 3
20 5
6 2
23 2
19 6
23 6
8 2
19 1
1 2
9 5
20 6
6 4
26 3
10 5
4 2
19 6
2 2
7 5
14 5
13 5
26 5
21 3
6 3
23 3
20 6
6 2
20 4
4 3
9 2
10 2
24 6
16 4
17 3
5 5
14 5
19 5
26 4
1 6
9 6
15 4
16 2
14 6
19 5
15 6
8 1
26 5
9 6
6 3
25 6
24 3
25 2
13 2
17 3
7 6
2 5
1 6
22 4
11 6
7 1
1 1
5 6
14 4
2 6
3 2
11 6
13 4
5 2
11 4
21 6
2 4
14 3
9 3
22 6
24 4
21 3
19 1
19 1
17 5
5 4
5 6
1 6
17 4
5 3
8 1
15 1
3 2
25 3
22 2
19 4
24 5
18 4
10 2
8 5
20 3
12 5
23 4
9 4
21 2
12 3
1 4
11 1
2 3
2 5
9 3
6 6
17 6
17 3
18 3
12 4
14 3
10 4
15 1
24 5
16 6
19 6
10 2
7 2
24 6
2 6
7 3
9 3
25 4
7 1
26 4
18 6
25 2
26 5
19 3
5 5
25 5
