86 96 6235
1 0 1 1 0 1 0 1 1 1 1 0 1 1 1 1 0 0 1 0 0 1 1 0 0 0 1 0 0 1 1 0 0 1 0 1 0 0 0 1 0 1 1 1 0 0 1 0 1 1 0 0 1 1 0 1 1 1 0 0 1 1 0 0 1 0 1 0 1 0 1 1 1 1 1 1 0 0 0 0 1 0 0 1 0 1 1 0 1 0 0 1 1 1 1 0 
0 0 1 1 1 1 1 1 1 1 0 1 1 1 1 1 1 0 0 1 0 0 1 0 1 1 1 1 1 1 0 1 1 1 1 1 0 1 1 0 0 1 1 0 0 1 0 0 0 1 0 1 0 1 0 0 0 1 1 1 1 1 1 0 0 1 1 1 1 0 1 0 1 0 1 1 0 0 1 1 0 1 0 0 0 1 0 1 1 0 0 1 0 1 0 1 
1 0 1 0 1 0 1 0 1 0 1 1 1 0 1 1 0 0 0 1 1 1 0 0 0 1 0 1 1 1 0 1 0 0 1 0 0 1 0 0 1 0 0 0 0 1 0 1 1 0 0 1 0 1 0 0 1 1 1 0 0 0 0 0 1 0 0 0 0 1 1 1 1 1 1 1 1 0 0 1 1 0 1 1 1 0 0 0 0 0 1 1 1 0 1 1 
0 1 1 1 1 1 0 0 1 1 0 0 1 1 0 0 1 0 0 0 1 0 1 0 1 0 1 1 1 0 1 0 0 1 0 0 1 1 1 1 1 0 1 1 1 1 0 0 0 1 1 0 0 0 1 1 0 1 0 1 0 0 0 0 0 1 1 0 0 1 0 1 1 1 0 1 1 1 0 0 0 1 0 0 1 0 1 0 0 1 0 1 0 1 1 0 
1 1 0 0 0 1 1 0 1 1 0 1 0 1 1 0 1 1 1 1 1 1 1 0 0 1 1 1 1 1 1 0 1 1 1 1 1 1 0 1 0 0 0 0 1 1 0 1 0 1 1 0 0 0 1 0 1 0 0 1 0 1 1 1 0 1 1 1 1 1 1 0 1 1 0 1 0 1 1 0 0 1 1 0 1 1 0 0 1 0 1 0 1 1 1 1 
1 1 1 1 0 1 0 0 1 0 0 0 0 1 0 0 0 1 1 0 0 1 0 1 1 0 0 0 1 0 1 0 1 1 1 1 0 0 1 0 0 1 0 1 0 0 1 0 1 0 1 1 0 0 0 1 0 0 0 1 1 0 1 1 1 0 1 1 1 0 0 1 0 0 1 1 0 0 0 0 1 0 1 1 0 1 0 1 0 0 1 1 0 0 1 0 
0 0 0 0 0 0 0 0 0 1 0 0 1 1 1 1 0 0 0 1 1 0 0 1 1 0 1 1 0 0 1 1 0 0 0 1 0 0 0 1 1 0 0 1 0 1 0 1 1 1 0 1 1 0 1 0 0 0 1 1 1 1 1 0 1 1 1 0 0 1 0 1 0 1 0 1 1 0 0 1 1 1 1 0 0 0 1 1 0 1 1 0 1 0 0 0 
0 1 0 1 0 1 0 0 0 0 1 1 0 0 0 1 0 0 0 0 0 1 0 1 1 1 0 0 0 0 1 1 0 0 1 1 0 1 1 1 1 0 0 0 0 1 1 0 1 0 0 0 1 0 1 1 0 1 0 0 0 0 0 0 1 0 1 0 1 1 1 0 1 1 0 0 0 1 1 1 1 1 1 1 1 1 0 1 0 0 1 1 0 0 1 1 
1 1 0 1 0 0 0 0 1 0 0 0 0 0 1 0 0 0 1 1 1 1 1 0 0 0 0 0 1 1 1 1 1 0 0 0 0 0 1 0 0 0 0 0 1 1 1 0 1 0 1 1 0 0 1 0 0 1 1 0 0 1 0 1 1 1 0 1 1 0 0 0 0 0 0 0 0 0 1 1 0 1 1 1 1 0 0 1 0 1 0 0 1 0 0 0 
1 1 0 1 1 0 1 0 0 1 0 1 0 1 0 0 0 0 1 0 0 0 1 0 1 0 0 1 1 0 0 1 1 0 0 1 0 0 1 1 1 1 1 0 1 0 0 1 0 1 1 0 1 1 0 0 0 1 1 1 0 1 0 1 0 1 1 1 0 0 0 1 1 1 0 0 1 1 1 1 0 0 0 0 1 0 1 0 0 0 1 1 1 1 0 1 
1 0 1 1 1 0 1 1 0 0 1 0 1 0 1 1 1 1 0 1 1 0 1 1 1 0 1 0 1 0 1 1 0 0 0 0 1 0 0 0 1 0 0 0 0 1 1 0 0 0 1 0 0 1 0 1 0 1 0 1 0 0 1 0 0 1 1 0 0 0 1 1 1 0 1 0 1 1 0 1 1 0 1 0 0 1 1 0 0 0 0 1 1 0 1 1 
0 0 0 0 0 1 1 1 1 0 1 1 0 0 0 0 0 1 0 1 0 1 0 0 1 1 1 1 0 0 1 1 0 1 0 1 0 1 0 1 0 0 1 1 0 1 1 0 1 0 1 0 1 1 1 0 1 0 1 0 0 1 1 1 1 1 0 0 1 0 0 0 0 1 0 1 0 0 1 1 1 0 1 1 1 0 1 0 1 0 0 0 0 0 0 0 
1 0 1 0 0 0 0 1 1 1 1 0 0 0 1 1 0 1 1 0 1 1 0 0 0 1 0 0 0 1 0 1 1 0 1 1 1 1 1 0 0 1 1 1 0 0 0 1 0 1 1 0 1 1 0 0 0 0 1 0 1 0 0 0 0 1 1 0 0 1 0 0 0 1 1 1 1 0 0 0 1 0 1 0 1 1 0 1 0 1 1 1 0 0 0 0 
0 1 0 1 0 0 1 0 1 0 0 0 0 1 1 1 0 0 0 0 0 1 0 1 1 1 0 1 1 0 0 1 0 0 0 1 0 1 0 1 0 0 1 1 0 1 1 1 1 0 0 0 0 0 0 1 1 0 0 0 1 0 1 1 1 0 1 0 0 0 1 0 0 1 0 0 1 0 0 0 0 1 1 1 1 0 1 1 1 0 0 0 0 1 1 1 
1 0 0 1 1 0 0 0 1 1 1 1 1 1 1 0 1 1 0 0 1 1 0 0 0 0 1 0 1 1 0 0 0 0 1 1 0 0 0 0 0 0 0 1 0 0 1 0 1 1 0 1 1 1 1 1 0 1 1 0 1 0 1 0 1 0 0 0 1 0 1 0 0 1 0 1 0 1 0 0 1 1 1 1 0 0 0 1 0 1 0 0 0 0 0 1 
1 0 0 1 1 0 1 1 1 1 0 0 1 0 0 1 0 1 0 0 1 0 1 1 1 1 1 0 1 1 1 0 1 0 0 0 1 0 0 0 0 0 0 1 1 1 0 0 0 1 0 0 0 1 0 0 1 1 0 1 1 1 1 1 0 0 1 0 1 0 1 0 0 1 0 0 0 1 0 0 1 1 0 1 1 1 1 1 1 0 1 1 0 0 0 1 
0 0 1 1 0 1 1 0 1 0 0 1 0 0 0 0 0 0 0 0 1 0 0 0 1 0 1 0 0 1 1 0 1 0 0 0 1 1 0 1 1 1 1 1 0 1 1 0 0 0 1 1 1 1 0 0 0 0 0 0 1 0 0 0 0 1 0 0 0 1 0 0 1 0 0 0 1 0 1 1 0 0 1 1 1 0 0 0 1 1 0 0 1 1 1 0 
0 1 1 0 0 1 1 0 0 1 0 1 0 0 1 1 0 1 0 0 0 1 1 1 0 1 0 0 0 0 1 1 1 0 0 1 1 0 1 0 1 0 0 1 1 1 1 0 0 1 1 1 1 0 1 0 0 1 0 1 0 1 0 1 0 0 1 0 0 0 1 0 0 0 1 1 0 1 1 1 0 0 0 1 0 1 0 0 1 1 1 1 1 0 1 0 
0 1 0 0 0 0 0 1 0 1 0 0 0 0 0 1 0 0 1 1 0 0 1 0 0 0 1 1 1 1 0 1 1 1 1 1 1 0 0 0 0 0 0 0 0 1 0 0 0 1 1 0 0 1 1 1 0 0 0 0 0 1 1 0 0 0 1 0 0 1 1 0 0 0 0 0 1 0 1 0 1 1 0 1 0 1 1 0 1 1 1 1 0 1 1 0 
0 1 0 0 1 1 0 0 1 1 0 0 1 0 0 0 0 0 0 1 1 0 1 1 0 1 0 1 1 1 0 0 1 1 0 0 1 1 1 1 1 1 0 0 0 0 1 1 0 1 0 0 1 0 1 1 0 0 1 1 0 0 0 1 0 0 0 1 1 1 0 0 1 1 0 1 0 0 0 1 1 0 0 1 1 1 1 1 1 0 1 0 0 0 1 0 
1 1 1 0 1 1 0 1 1 0 1 0 1 0 0 1 0 1 1 0 0 1 1 0 0 1 0 0 0 1 0 1 1 0 1 0 0 1 1 1 0 0 0 0 1 0 0 1 1 0 1 1 0 0 0 1 0 0 0 0 0 1 0 1 1 1 0 1 1 1 0 0 1 0 1 0 0 0 0 1 1 1 0 0 0 0 1 0 1 1 0 1 0 1 1 0 
1 0 1 0 0 0 1 0 0 0 0 0 0 1 0 1 1 0 1 1 0 1 1 0 0 0 1 0 1 1 1 1 0 0 0 0 0 1 0 0 0 0 1 0 1 0 0 1 1 1 0 1 1 1 1 1 1 1 1 0 0 0 1 0 0 1 1 0 0 0 0 1 0 0 1 1 0 1 0 0 0 1 1 1 0 1 1 0 1 0 0 0 1 0 1 0 
0 0 0 0 0 0 1 1 1 0 1 1 0 1 0 0 0 0 1 0 0 1 1 1 1 1 0 1 1 0 1 0 1 1 0 0 0 1 0 0 1 0 0 1 0 0 0 0 0 1 1 0 1 1 1 1 1 0 1 1 1 0 0 1 0 1 0 0 1 1 1 1 0 0 1 0 0 0 0 1 1 1 1 0 1 1 0 1 0 1 1 1 1 0 0 0 
1 0 0 0 0 0 0 0 1 0 1 1 0 1 0 1 1 0 1 1 0 1 1 0 0 0 0 1 0 1 1 1 0 0 0 1 0 0 0 0 1 1 1 1 1 1 0 0 1 0 1 0 0 1 0 1 0 0 0 0 1 0 0 1 0 0 0 1 0 1 1 0 0 1 0 0 0 0 1 0 0 0 1 0 1 1 1 0 1 1 1 0 0 1 0 1 
0 1 1 1 0 0 1 1 1 1 1 1 0 1 0 1 0 1 0 0 0 0 1 0 1 1 1 0 0 1 1 0 1 1 0 0 0 1 0 0 1 0 0 0 1 0 1 0 0 1 1 1 0 0 0 1 1 0 1 1 0 0 1 1 1 1 1 1 1 1 1 0 0 1 1 0 1 0 0 1 1 1 0 1 0 1 0 1 0 0 0 1 0 0 0 1 
1 1 0 1 0 1 1 0 1 1 0 1 0 0 0 1 1 1 1 1 0 1 1 1 0 0 0 1 0 1 0 1 0 1 1 1 1 1 0 0 1 0 0 0 0 0 1 0 0 1 0 0 0 0 0 0 0 1 1 1 1 1 0 0 0 1 0 0 1 1 0 1 0 1 0 0 1 0 1 0 1 1 0 1 1 0 0 0 1 1 0 0 0 0 1 1 
1 1 0 0 1 1 1 1 1 1 0 1 1 1 0 0 1 1 0 1 0 1 1 1 1 1 1 0 0 0 1 0 0 1 0 0 1 1 0 0 1 0 0 0 0 0 1 1 1 1 0 1 0 1 1 0 1 1 0 0 1 1 0 0 0 1 0 0 0 0 0 1 0 1 0 1 0 1 1 1 1 1 0 0 1 0 0 0 1 1 1 1 1 1 0 0 
0 1 0 1 0 0 1 1 0 0 1 1 0 1 0 0 0 0 0 0 0 1 1 1 1 1 1 1 0 1 0 1 0 0 1 1 0 1 1 0 0 1 0 0 1 0 0 1 1 0 1 0 0 0 0 0 1 1 1 1 1 1 1 0 0 0 1 0 1 0 0 0 1 1 0 1 0 0 1 0 0 0 1 0 1 1 1 0 0 1 1 1 0 1 1 0 
0 0 0 0 1 1 1 0 0 0 0 1 1 1 0 0 0 1 0 1 0 0 1 0 0 1 1 0 1 1 0 0 0 1 1 0 1 0 0 0 1 1 1 1 0 1 0 0 1 1 1 1 1 1 1 1 1 0 1 0 1 1 0 0 0 1 0 0 0 1 1 1 0 0 0 0 0 0 1 1 0 0 1 1 0 0 1 1 0 0 0 0 0 1 0 1 
0 0 0 0 0 1 1 1 1 0 0 0 0 0 1 0 0 1 0 0 0 1 1 0 0 0 1 1 1 1 0 1 0 1 1 0 1 0 1 0 0 1 0 0 1 1 0 0 1 1 0 0 1 1 0 1 1 1 0 0 1 0 0 1 0 1 1 1 1 0 1 0 1 1 0 0 1 0 1 0 1 0 0 0 1 0 0 0 0 1 1 0 0 0 1 1 
1 0 1 0 1 0 1 1 0 0 0 1 0 1 0 0 1 1 0 0 0 0 1 0 0 0 0 0 1 1 0 1 0 1 1 0 1 0 1 0 1 0 0 1 0 0 1 1 0 0 0 1 1 1 1 0 1 1 0 1 1 1 1 1 0 0 1 0 1 0 0 0 0 0 1 1 1 1 1 1 1 1 0 1 1 1 1 1 0 1 1 1 1 0 0 0 
1 1 0 0 0 0 1 0 1 1 0 0 1 0 0 0 1 0 1 1 0 0 0 0 0 0 1 1 1 0 0 0 1 0 0 0 1 0 1 0 0 1 1 0 0 1 1 1 0 1 1 0 1 0 0 0 1 1 1 0 1 1 1 1 1 1 1 1 0 1 1 1 1 1 0 0 0 0 0 1 0 0 0 1 1 1 1 0 1 0 0 1 0 1 1 1 
0 0 0 1 1 0 1 0 1 1 1 0 1 0 1 0 0 1 0 1 0 1 1 0 1 1 0 1 1 1 0 1 1 0 1 1 1 1 1 0 1 1 1 1 0 1 1 0 1 1 1 0 1 1 1 1 0 0 1 1 0 1 1 1 0 1 1 0 1 1 0 0 0 1 0 1 0 1 0 0 0 0 0 1 0 1 1 0 1 1 1 0 0 0 1 1 
0 0 0 1 0 0 1 0 0 1 0 1 0 0 1 0 1 1 0 0 0 1 1 0 1 0 0 1 0 1 0 1 0 0 0 1 1 0 0 1 1 1 0 0 0 0 0 1 0 1 0 1 0 1 1 0 0 1 0 0 0 0 0 0 0 1 0 0 0 1 1 1 0 0 1 1 0 1 1 0 1 0 0 1 0 1 1 1 0 1 1 0 1 1 1 0 
1 1 0 1 1 1 1 0 0 0 1 1 1 1 1 0 0 0 0 1 1 1 0 0 0 0 1 1 0 1 0 0 1 0 1 0 1 0 0 1 1 0 0 0 0 0 0 0 1 0 1 0 0 1 1 0 1 0 0 1 1 0 1 0 0 0 1 0 1 1 0 1 0 1 1 1 0 0 0 1 1 1 1 1 1 0 1 1 1 1 0 1 1 1 0 1 
1 0 0 1 0 0 0 1 0 1 0 0 0 0 0 0 1 1 0 0 0 0 0 0 1 1 0 0 1 0 0 0 0 0 1 0 0 0 0 0 1 0 1 0 0 0 1 1 0 1 1 1 0 1 0 1 0 0 1 0 1 0 0 0 1 0 0 0 1 0 0 0 0 1 0 1 0 1 0 1 0 1 0 1 1 1 1 0 0 0 1 0 1 1 0 0 
0 1 1 1 1 0 1 1 0 1 0 0 1 0 1 1 0 1 0 0 1 0 0 0 0 0 0 0 0 1 0 1 0 1 1 1 0 0 1 0 1 0 0 0 0 0 0 0 0 1 1 1 0 0 0 0 1 1 1 1 1 0 1 0 0 0 1 1 0 0 1 1 0 1 0 1 1 0 1 1 1 1 1 1 1 1 1 0 1 1 0 1 1 0 1 1 
0 0 0 1 1 0 1 1 1 0 0 0 0 0 0 1 0 1 1 0 0 1 1 1 0 1 1 1 1 0 0 1 1 0 0 0 1 1 1 1 1 1 0 1 0 1 0 1 1 1 1 0 0 0 0 1 1 1 0 0 1 0 0 1 0 0 1 1 0 1 0 0 1 0 1 1 1 0 1 0 1 1 0 0 0 1 1 1 1 1 0 0 1 1 0 0 
1 0 1 1 1 0 0 1 1 1 1 0 1 1 1 1 0 0 0 0 1 0 1 1 1 1 0 1 0 0 1 1 1 1 0 1 1 0 1 0 0 0 0 1 0 1 0 0 1 0 1 1 1 1 0 0 0 1 0 0 1 1 1 1 0 1 1 0 1 1 0 0 1 1 1 1 1 0 1 0 1 1 0 0 0 0 0 1 0 0 0 1 0 0 0 1 
1 0 1 1 1 1 0 1 0 0 1 1 1 0 0 0 0 1 1 0 1 1 1 1 1 0 0 1 0 1 0 1 1 0 1 1 1 0 1 0 1 0 0 0 0 0 1 1 1 0 0 0 1 0 1 1 0 0 1 1 0 0 0 0 0 1 0 0 0 0 1 1 0 1 0 0 0 0 1 0 1 0 0 1 1 1 1 1 0 1 0 0 0 0 0 0 
1 0 0 1 1 1 0 1 1 0 0 0 1 1 1 0 0 1 1 0 1 1 0 0 1 1 1 1 0 1 0 1 1 0 1 1 0 0 0 1 0 0 0 0 0 1 1 0 1 0 1 0 0 0 0 0 0 0 0 1 1 0 1 0 0 1 1 1 0 1 0 1 1 0 0 1 1 1 1 0 1 1 1 1 1 0 1 1 0 0 1 1 0 1 1 0 
0 0 1 0 0 1 1 0 0 1 0 1 0 1 0 1 0 0 1 0 0 1 0 0 1 1 1 0 0 1 1 1 0 1 0 1 1 1 1 0 1 1 1 1 0 1 0 0 0 1 0 1 1 1 1 0 0 0 0 0 0 0 0 1 1 0 0 1 1 1 0 0 1 1 0 0 0 1 1 0 0 0 0 0 1 0 0 1 0 1 0 0 0 1 1 1 
0 1 1 0 0 1 0 0 1 0 1 0 0 1 0 0 1 1 1 0 1 0 0 1 1 1 0 1 0 0 0 1 0 0 0 1 1 0 0 1 0 0 0 0 0 0 1 1 0 0 0 0 0 1 1 1 1 0 1 0 1 0 1 0 1 1 1 0 1 1 1 0 0 0 1 0 1 1 0 0 0 1 1 0 0 0 1 1 1 1 1 0 0 1 0 0 
1 0 0 1 1 0 1 0 0 0 1 1 1 0 0 0 1 0 0 0 1 1 1 0 0 0 0 0 0 0 1 1 1 0 1 1 1 0 0 0 0 0 0 1 0 0 1 0 1 0 0 1 1 1 0 0 1 1 0 1 1 1 0 1 0 1 1 1 0 1 0 0 1 0 0 1 0 1 1 0 1 1 0 1 1 1 0 1 1 1 1 0 1 0 1 0 
0 1 1 1 0 1 0 1 0 1 0 0 0 1 1 1 0 1 1 1 0 1 1 0 0 0 1 1 0 1 0 1 0 0 1 1 0 0 0 1 1 1 1 1 1 0 0 0 0 0 0 0 1 1 1 0 0 1 0 1 0 0 1 1 1 0 1 0 1 0 0 1 1 1 1 1 1 0 0 0 0 0 0 1 1 0 1 1 0 0 0 0 1 1 1 1 
1 1 1 0 1 1 1 1 0 0 0 0 1 0 1 0 1 1 0 1 0 1 1 1 1 0 1 0 0 0 1 1 1 1 0 0 1 0 1 0 1 0 1 1 0 0 1 1 1 1 1 1 0 0 1 1 1 1 1 0 0 0 0 0 0 1 1 0 1 1 1 1 1 1 0 0 0 1 1 0 0 1 0 0 1 0 0 1 1 1 1 1 0 1 0 1 
0 0 1 0 0 1 0 1 0 1 1 0 0 0 1 1 1 1 1 0 1 1 0 0 0 1 0 1 0 1 1 1 0 0 1 0 1 1 1 1 1 0 0 1 0 1 1 1 0 1 0 0 1 1 0 1 0 0 0 1 1 0 0 1 0 0 0 0 0 1 0 1 1 1 0 0 1 0 0 1 1 1 1 1 0 0 0 1 0 0 1 1 1 0 1 1 
1 0 1 1 0 1 1 0 0 1 0 0 0 1 0 0 0 1 1 0 0 0 0 1 1 0 0 0 1 1 0 0 0 0 1 0 0 0 0 1 0 0 0 1 1 0 0 1 0 1 1 0 0 1 1 0 1 0 1 0 0 1 0 0 1 0 1 1 0 1 1 1 0 1 0 0 1 1 1 1 1 1 1 0 1 1 1 1 0 1 0 0 0 0 0 0 
1 1 1 1 1 0 0 1 0 0 0 1 0 0 0 1 0 1 1 1 1 1 1 0 1 1 1 1 0 1 0 0 0 1 1 0 0 0 1 0 0 1 1 1 1 0 1 0 0 1 1 0 1 1 1 0 1 1 1 0 0 0 0 1 1 1 0 0 1 1 1 1 0 0 1 0 1 1 1 0 0 0 0 0 1 0 1 0 1 0 1 0 1 0 0 0 
1 0 0 0 0 1 1 1 1 1 0 1 0 1 1 0 0 0 0 1 0 1 0 1 0 0 1 1 0 0 0 0 0 0 1 1 0 0 1 1 1 0 1 1 1 0 1 0 0 0 1 0 1 0 0 0 0 0 1 0 1 0 1 0 1 0 0 1 0 0 1 1 1 0 1 1 1 0 1 0 0 1 0 0 0 1 1 0 1 0 1 0 1 0 0 0 
1 1 1 1 1 1 0 0 0 1 0 0 0 1 0 1 0 0 0 0 0 1 0 0 0 1 0 0 1 1 1 1 0 0 1 1 0 1 0 1 1 0 0 0 1 1 0 0 0 0 1 1 0 1 1 0 0 1 1 1 1 0 0 0 1 0 0 1 1 0 1 1 0 0 0 0 1 1 0 1 0 1 1 1 0 1 0 1 1 0 0 0 0 1 0 0 
1 1 0 0 0 1 0 1 1 1 0 0 0 1 0 1 0 0 0 1 0 0 0 1 0 0 1 0 0 1 1 0 0 0 0 0 0 0 1 0 0 1 0 1 1 0 0 0 0 1 0 1 1 0 1 1 0 1 0 0 0 0 1 1 1 1 0 1 0 0 0 1 1 0 0 1 0 1 1 1 1 1 1 0 0 1 0 1 1 1 0 1 1 0 1 0 
1 0 0 1 0 0 0 0 0 0 1 1 0 0 1 0 0 0 1 0 0 1 1 0 0 0 1 1 1 1 1 0 0 1 1 1 1 0 1 0 0 0 0 0 0 1 0 0 0 1 0 0 0 0 0 1 1 1 1 1 1 1 1 0 0 0 1 1 0 0 0 0 0 0 1 0 0 1 0 0 1 1 0 1 0 0 0 0 1 0 1 0 0 0 0 0 
0 1 0 0 1 1 1 1 1 0 0 0 1 1 0 1 1 0 1 0 0 1 1 0 1 1 0 1 0 1 0 1 1 0 1 0 1 1 0 0 1 0 1 0 0 1 1 0 1 1 1 0 1 0 0 1 1 0 0 1 1 0 0 0 0 1 0 0 1 1 0 0 0 0 1 1 1 0 1 1 0 0 0 1 0 1 1 0 0 1 1 1 1 0 0 0 
1 1 0 1 1 1 1 0 1 0 0 1 0 0 0 1 0 0 1 0 1 1 0 1 1 0 1 0 0 0 0 0 0 0 1 0 1 0 1 1 1 0 0 1 0 1 0 0 0 1 1 1 1 1 0 1 0 1 0 1 0 0 1 1 1 1 1 0 0 0 1 0 1 0 0 0 0 1 0 1 1 0 1 1 1 1 1 1 0 0 0 1 1 0 1 0 
0 1 1 1 1 1 1 1 0 0 1 1 1 0 1 0 1 0 1 0 1 1 1 0 0 1 1 0 1 0 1 1 1 0 1 0 1 1 1 1 0 1 1 1 0 0 0 0 1 0 1 1 0 0 1 1 0 1 1 1 0 0 1 1 0 0 0 1 0 1 0 1 1 1 0 0 1 1 0 0 0 1 0 1 1 1 1 0 1 0 0 1 0 1 1 0 
1 0 0 1 1 1 1 0 0 1 1 1 0 1 0 0 0 1 0 0 0 0 1 0 1 0 0 1 1 0 0 1 0 0 1 0 1 0 0 1 0 0 0 0 0 1 1 1 0 1 1 1 0 0 0 0 1 1 0 0 1 1 0 0 0 1 0 1 0 1 1 1 1 1 1 0 0 1 0 1 1 0 0 0 0 1 1 1 0 1 1 0 1 1 1 1 
0 1 1 1 1 0 1 1 0 1 0 1 0 1 0 1 1 0 1 0 0 1 0 1 0 0 1 0 0 0 0 0 1 1 0 1 0 0 0 1 0 0 0 0 1 1 1 1 0 0 1 1 0 0 1 0 0 0 0 0 1 0 1 0 1 1 0 0 0 0 0 0 1 1 0 0 0 1 1 0 1 0 0 0 1 0 0 0 0 0 1 1 0 1 0 1 
0 1 0 0 0 1 1 0 1 1 0 1 1 1 1 1 1 0 0 0 0 1 1 1 1 0 0 1 1 0 0 1 1 1 1 0 0 0 0 1 1 0 0 0 1 1 1 1 1 1 0 0 0 1 1 0 0 0 1 1 1 1 1 0 1 1 1 1 0 1 1 0 0 1 0 1 1 0 1 1 0 1 0 1 1 1 1 1 1 0 0 0 1 1 0 1 
1 0 0 0 1 1 0 0 1 0 1 1 1 0 0 1 0 1 1 1 1 1 1 1 1 0 0 1 1 0 1 0 1 0 0 0 1 0 1 1 1 1 1 0 1 1 0 0 1 1 1 1 0 0 1 0 1 0 0 1 0 1 0 1 0 0 1 0 0 0 0 1 0 0 0 1 0 1 0 0 0 0 0 0 0 1 0 0 1 0 0 0 1 0 0 0 
1 1 1 1 0 1 0 1 0 0 1 1 1 0 0 0 0 0 1 1 1 0 0 0 1 0 0 1 0 1 1 0 0 1 0 0 0 1 0 1 0 1 1 1 1 0 0 0 1 1 0 0 1 1 1 1 1 1 0 1 0 1 1 1 0 0 0 0 1 0 1 0 1 0 0 0 1 1 1 1 0 1 1 1 0 1 0 1 0 1 1 1 0 1 1 0 
1 0 1 1 1 0 1 1 1 0 0 0 1 1 1 0 0 0 0 0 0 1 0 0 0 1 0 1 0 1 0 1 1 1 1 0 0 1 0 1 1 1 0 0 1 0 0 1 1 1 0 1 1 1 0 1 1 0 1 1 1 0 0 1 1 0 0 0 0 0 1 1 0 1 0 0 0 1 1 1 0 0 0 1 1 0 0 0 0 0 0 1 0 0 1 1 
1 1 0 0 1 1 0 0 0 0 0 1 1 0 0 0 1 0 0 0 0 0 0 0 0 1 1 1 1 1 1 0 1 0 0 1 1 1 1 1 0 0 0 1 0 0 1 1 1 1 0 1 1 1 0 0 1 0 1 0 0 1 0 1 1 1 1 0 0 1 1 0 1 0 1 1 0 0 1 0 1 0 1 0 1 1 0 1 1 0 0 0 0 0 1 1 
0 0 1 0 0 0 0 0 1 1 0 0 0 0 1 0 1 1 1 1 0 0 0 0 1 1 0 0 0 0 1 1 1 1 0 1 1 1 1 1 1 1 1 0 0 0 1 0 0 0 0 1 1 0 0 0 1 0 0 0 1 1 0 1 0 0 1 0 1 0 0 0 0 1 0 0 1 1 1 1 1 0 1 1 1 1 0 0 1 1 1 0 1 1 0 0 
0 1 0 1 0 0 1 1 0 1 1 0 0 1 1 0 0 1 0 1 0 0 0 0 1 0 1 0 0 0 0 1 0 0 1 0 0 0 1 0 1 1 1 1 1 1 1 1 1 0 1 1 1 1 1 1 0 1 0 0 0 1 0 1 0 1 0 0 0 0 0 1 0 1 0 1 0 1 1 1 0 1 1 0 0 1 0 0 1 0 0 1 0 0 0 1 
1 1 0 0 1 1 1 1 0 1 0 1 0 0 1 0 1 1 1 0 0 1 0 0 0 1 1 0 0 1 1 0 1 0 0 0 0 1 0 0 0 1 0 0 0 0 1 0 0 0 0 0 0 1 1 0 1 0 1 0 0 0 1 1 1 0 0 0 1 0 1 1 0 0 1 1 1 1 1 0 1 0 1 1 0 1 0 1 0 0 0 1 1 1 0 0 
0 1 0 1 0 0 1 1 1 0 1 1 0 0 1 1 0 1 1 0 1 0 1 0 0 1 0 0 1 1 1 0 0 1 0 1 0 0 0 0 0 0 0 0 1 1 0 0 1 1 1 0 0 1 0 1 1 1 1 0 1 1 1 1 0 1 1 1 0 0 0 0 1 1 1 1 0 1 1 0 0 1 0 0 1 0 1 1 1 0 1 0 0 1 1 1 
1 0 0 1 1 1 1 0 1 1 0 0 0 0 0 1 1 0 1 1 0 0 1 0 1 0 1 1 0 0 0 1 1 0 0 1 1 0 0 1 0 0 1 0 0 1 1 1 0 0 0 1 0 1 1 1 0 1 0 1 0 0 1 0 0 0 0 0 0 1 0 1 1 0 0 1 0 0 1 1 0 0 1 1 0 1 0 0 0 1 0 1 1 1 1 0 
1 0 1 1 0 0 1 0 0 1 0 0 1 1 0 1 0 0 0 0 1 0 1 0 1 1 1 1 0 1 1 1 1 0 0 0 1 1 1 1 0 0 0 0 0 0 0 0 1 0 0 1 0 0 1 0 0 0 0 0 1 0 0 0 1 0 0 1 1 0 0 0 0 1 0 1 1 1 1 1 1 0 0 1 1 1 0 0 1 0 1 0 0 0 0 1 
0 0 0 1 0 1 1 0 0 0 0 0 1 1 0 1 0 0 0 1 0 1 0 1 0 0 0 0 0 1 1 1 0 0 0 0 0 0 1 0 1 1 0 1 1 1 0 1 1 1 0 0 0 1 1 1 1 0 1 1 0 0 1 0 1 1 0 1 1 0 0 1 0 0 1 1 1 1 1 1 1 1 0 1 0 1 0 1 1 0 1 0 0 1 1 0 
0 1 1 1 0 1 0 0 0 1 1 0 1 0 1 0 0 1 1 1 0 0 1 1 1 0 1 0 1 1 0 1 0 1 1 1 0 1 1 1 1 0 0 1 0 0 0 1 1 0 1 0 1 1 0 0 1 0 1 1 0 1 0 1 1 0 0 0 0 0 0 1 1 1 1 1 0 1 1 1 1 0 0 1 0 0 0 1 1 1 1 0 1 0 1 1 
0 0 1 0 0 0 1 0 1 0 1 1 1 1 1 0 1 1 1 1 1 1 0 0 1 1 1 0 1 1 1 0 0 1 0 0 0 1 0 0 0 0 0 0 1 0 0 0 1 1 1 1 1 1 0 1 0 1 0 0 1 0 1 1 1 1 1 0 1 1 0 0 0 1 0 0 1 1 0 1 1 0 0 0 1 1 0 1 0 0 1 0 1 0 1 0 
0 0 1 1 0 0 0 1 0 0 0 0 1 0 1 1 0 1 0 1 1 1 1 0 1 0 0 0 0 0 1 0 0 1 1 1 1 1 0 0 1 0 0 0 0 0 1 1 1 1 1 1 0 0 1 1 0 1 1 0 1 0 0 0 1 0 1 1 1 0 0 0 1 0 0 1 1 0 1 0 1 0 1 0 1 0 0 1 1 1 0 0 0 1 1 1 
0 0 1 0 1 1 0 1 1 1 0 1 0 0 0 0 0 1 0 1 0 1 0 1 1 0 0 1 1 1 0 0 1 1 1 0 1 0 0 1 0 1 1 1 0 1 0 0 1 0 0 1 1 1 0 0 1 1 1 1 1 0 1 1 1 0 0 0 0 1 0 1 0 1 0 0 0 0 1 0 0 1 1 1 1 0 1 1 1 0 1 1 1 0 1 1 
1 1 0 0 1 0 0 1 0 0 1 0 0 0 0 0 1 0 1 0 1 0 1 1 0 0 1 1 0 1 0 0 1 1 1 1 0 1 0 0 1 0 0 1 1 0 1 0 0 1 0 1 0 1 0 1 1 1 1 1 1 0 0 1 0 0 0 1 0 1 0 1 1 0 1 0 0 0 0 0 0 1 1 1 0 0 0 1 1 0 0 1 0 1 1 0 
0 1 1 1 0 0 0 1 0 0 1 1 1 1 0 1 1 0 1 0 1 1 0 0 0 1 1 1 1 1 0 0 0 0 1 0 0 1 1 1 1 0 0 1 1 1 1 1 1 1 0 1 1 1 0 0 0 0 1 0 1 1 0 0 1 0 0 1 1 0 0 1 1 0 0 1 0 0 0 1 1 1 0 0 0 1 0 1 0 0 0 1 1 1 1 1 
1 1 0 1 1 0 1 0 1 1 0 0 1 0 1 0 0 0 0 0 0 1 1 0 1 1 0 1 1 1 1 0 1 1 0 1 1 1 0 0 1 1 1 1 1 1 0 0 0 0 0 1 1 1 0 0 0 0 1 0 0 1 0 1 0 0 0 0 0 0 0 0 1 1 1 1 0 1 0 1 0 1 0 0 1 0 1 1 1 1 0 1 1 1 1 1 
0 0 1 0 0 1 1 0 1 0 0 1 1 0 1 1 1 1 1 0 0 1 0 1 0 1 0 1 0 0 0 1 0 1 1 0 0 1 1 1 1 0 1 1 0 1 1 0 1 1 1 1 1 0 0 1 1 0 0 1 1 0 1 0 1 1 0 1 0 0 1 0 1 1 0 0 0 0 1 1 1 0 0 0 1 0 1 1 0 0 0 0 1 0 1 1 
1 1 1 0 1 1 1 1 1 1 1 0 0 0 0 0 0 0 1 1 1 1 1 0 1 1 1 0 1 0 1 1 1 1 0 0 0 0 1 1 1 0 0 1 0 0 1 0 0 0 0 1 1 1 0 1 0 1 1 0 0 1 1 1 0 1 1 0 1 1 0 0 1 1 0 0 1 0 0 1 1 0 0 0 0 0 1 1 1 1 0 0 1 1 1 0 
0 1 1 1 1 0 0 1 1 1 0 0 0 0 1 1 0 0 1 1 0 0 1 1 0 1 1 1 0 1 1 1 1 1 0 1 1 1 0 0 1 0 0 1 1 1 0 1 0 0 1 1 1 1 0 0 0 1 0 1 1 1 0 0 0 1 0 1 1 0 0 0 1 1 0 1 1 0 1 0 0 0 1 1 1 1 0 1 0 0 1 1 1 0 1 0 
0 1 0 0 0 1 0 0 0 0 0 1 1 1 1 0 0 0 1 0 1 1 1 0 1 0 0 0 1 0 1 0 0 1 1 1 1 1 1 1 1 1 1 1 1 1 0 1 0 1 0 0 1 1 0 0 1 0 0 1 0 0 1 1 0 0 1 0 0 0 1 0 1 0 1 0 0 0 0 0 0 1 0 0 1 1 0 0 0 1 0 1 0 0 1 0 
0 0 0 1 1 0 0 0 0 1 0 1 0 0 1 1 1 0 1 0 0 1 0 1 1 1 0 0 1 0 1 0 0 0 0 0 1 1 1 1 0 0 1 1 0 1 0 1 1 0 0 0 1 1 1 0 1 1 0 1 1 0 1 0 0 1 1 1 1 1 1 0 0 0 1 1 1 1 1 1 0 0 1 1 0 1 0 0 1 1 0 0 0 0 1 0 
0 0 1 1 0 0 1 1 1 1 0 0 1 0 0 0 1 1 0 0 0 1 0 0 1 0 1 1 0 0 0 1 0 0 0 0 1 0 0 0 1 0 0 1 1 0 0 1 0 0 1 0 0 0 0 0 1 0 0 1 0 0 1 1 0 1 0 1 0 0 1 0 1 0 0 1 1 1 0 1 0 0 1 0 0 1 1 1 1 1 1 1 1 1 1 1 
0 0 1 1 1 0 1 0 0 1 0 0 0 0 0 1 0 1 1 0 0 0 1 1 1 1 0 1 0 1 0 1 1 0 1 1 1 1 1 1 0 1 0 1 1 1 0 1 0 0 1 0 1 0 0 1 1 0 1 1 1 0 0 1 0 1 1 0 1 0 0 0 0 0 0 1 1 0 1 0 1 1 1 0 0 1 1 1 1 0 1 0 1 0 0 1 
0 0 0 1 1 1 0 1 1 0 1 1 0 1 1 0 0 0 0 1 0 1 0 1 1 1 0 0 0 1 1 0 1 1 0 1 0 0 1 1 1 0 0 0 0 0 0 1 0 1 0 1 0 0 1 1 1 0 0 0 1 1 0 0 1 0 1 0 1 1 1 1 1 0 1 1 0 1 0 0 1 0 1 0 0 0 1 0 0 1 0 0 1 0 1 1 
1 1 0 1 0 0 1 0 1 0 0 1 1 0 0 0 1 1 0 0 0 0 0 0 1 0 0 0 0 0 0 1 0 1 1 0 0 0 0 1 0 0 1 0 0 0 1 1 1 0 1 0 1 0 0 1 1 1 1 1 1 0 1 1 1 0 0 0 1 1 0 1 1 0 1 1 1 1 1 1 0 0 0 0 0 1 0 0 0 0 0 0 0 0 0 0 
22 14
66 36
25 26
51 6
36 32
50 54
35 26
73 14
11 51
2 44
47 36
22 47
65 58
25 74
53 18
3 42
53 21
18 85
76 68
17 42
5 71
64 81
73 12
82 38
52 44
45 76
71 32
69 90
74 94
48 4
65 61
85 2
47 94
1 15
72 19
18 74
62 75
7 60
15 28
11 60
81 49
23 75
54 96
22 77
47 40
45 81
30 8
78 41
78 20
10 13
57 58
76 34
50 62
43 19
25 64
56 8
26 95
82 81
85 83
17 46
42 72
31 49
38 44
1 92
47 84
70 79
1 11
36 79
17 93
28 52
10 27
60 11
72 48
33 95
13 95
2 24
73 35
14 82
30 27
68 93
40 84
22 41
46 71
41 51
55 32
2 93
45 6
53 22
66 39
70 24
85 63
84 56
83 80
68 26
68 29
37 44
81 80
40 20
48 13
13 34
54 52
15 57
21 6
74 77
35 84
20 90
48 12
84 41
75 73
74 24
84 16
24 79
79 60
9 86
58 41
80 15
41 92
12 41
62 12
82 16
53 41
37 90
53 44
36 5
11 27
66 27
10 20
65 35
46 84
33 76
32 66
68 47
60 88
26 84
54 25
77 79
17 19
58 36
9 62
70 89
56 91
85 86
31 7
62 88
76 53
50 81
38 37
65 80
43 34
81 74
45 48
7 90
18 45
46 25
28 28
68 76
17 44
11 21
37 20
11 1
58 86
62 3
52 70
32 39
56 35
27 16
84 57
32 64
29 10
72 55
64 96
33 88
78 89
50 25
58 82
35 58
80 5
24 59
74 38
15 54
75 62
78 39
8 33
4 81
17 38
68 15
74 88
62 71
66 41
69 81
59 78
3 85
13 35
75 20
12 13
23 41
8 64
75 56
59 84
74 28
30 33
25 45
62 54
37 18
2 2
4 39
2 42
30 77
82 55
40 87
85 76
62 54
58 66
74 26
32 72
54 30
79 60
72 80
30 31
15 96
25 35
28 60
46 92
30 65
34 37
80 60
43 44
13 72
34 90
51 86
43 80
80 37
32 95
18 32
86 61
7 71
32 24
7 59
52 6
17 31
20 47
65 29
9 34
19 64
63 39
51 23
49 6
73 46
63 82
61 16
46 44
65 15
63 68
80 51
24 74
14 85
68 75
86 69
44 71
6 10
67 89
67 37
69 8
42 87
82 15
35 10
71 58
12 14
59 10
67 11
75 49
82 43
29 68
4 7
27 95
50 42
74 82
48 22
23 55
12 90
52 28
67 56
49 93
3 29
48 41
12 20
51 63
86 1
37 27
13 79
33 73
65 9
20 72
65 83
59 53
68 33
17 90
5 4
12 90
32 94
52 40
16 22
85 77
78 16
77 93
84 78
78 71
12 70
53 40
81 46
61 14
62 62
13 66
37 59
30 30
35 88
16 36
49 27
72 84
51 88
83 36
68 43
85 51
64 84
61 46
73 71
19 54
19 9
64 82
50 79
75 43
21 67
85 93
6 85
36 38
37 35
35 36
24 65
57 9
4 32
10 88
33 92
78 76
21 84
68 35
72 88
86 17
25 54
57 3
18 79
58 8
86 16
22 56
54 32
54 81
39 60
78 56
67 12
35 79
50 85
28 75
17 14
19 84
21 31
32 59
37 3
25 1
71 55
67 40
65 21
63 34
28 21
20 61
46 10
29 11
66 3
25 28
20 57
2 80
8 15
58 46
14 7
64 19
78 13
5 40
45 25
51 89
54 76
57 66
44 30
75 37
16 9
20 24
80 27
19 3
15 73
20 60
43 36
12 32
37 30
85 21
25 82
58 49
17 38
45 60
73 93
25 96
57 55
28 70
27 10
30 24
16 76
50 68
72 72
57 96
28 62
51 89
29 48
29 10
49 86
77 6
40 89
49 66
53 20
35 12
34 94
33 94
11 32
49 95
19 57
48 23
35 41
15 53
81 1
38 38
83 45
10 11
34 51
2 66
49 34
5 67
29 73
72 51
81 1
35 39
78 49
22 95
85 45
36 66
68 83
4 45
36 21
73 68
80 68
5 90
63 46
1 90
68 64
17 33
83 44
67 9
18 62
30 71
19 67
50 10
21 28
79 24
68 17
6 28
47 62
81 37
42 90
23 15
36 81
17 87
30 56
2 71
50 80
37 46
7 69
37 61
83 41
71 41
19 54
54 73
44 22
40 74
27 83
4 54
68 50
71 21
25 71
73 69
37 44
48 42
74 2
40 57
41 6
11 9
19 61
56 72
50 18
85 76
70 85
1 57
35 75
20 35
40 70
20 26
38 49
73 16
77 94
55 13
20 29
29 61
6 26
79 91
24 22
72 5
59 9
70 54
47 15
37 86
69 88
86 33
47 81
73 8
47 38
28 62
31 17
29 22
33 88
17 87
56 33
4 25
19 71
72 53
40 11
47 13
44 38
58 44
55 16
21 55
65 73
33 52
20 15
43 12
85 16
38 13
63 62
52 3
31 44
57 68
57 76
43 33
62 70
46 73
19 91
68 51
64 9
1 66
42 59
54 15
57 85
59 83
42 83
36 16
53 70
51 58
79 16
83 66
19 39
2 85
5 6
2 96
86 44
84 53
31 18
79 66
66 21
3 7
41 64
50 73
65 30
31 39
22 34
2 83
3 8
30 57
1 46
84 77
4 38
44 20
23 38
43 44
8 80
46 54
86 79
45 3
71 76
32 69
55 52
32 83
40 68
50 32
75 43
76 54
1 34
61 88
70 34
23 45
20 39
65 93
22 12
79 42
83 75
44 69
4 7
46 54
8 16
40 70
34 16
45 44
4 38
29 94
3 64
66 44
73 50
19 54
65 56
71 88
39 67
16 84
34 15
61 20
63 33
2 84
11 5
6 45
16 80
25 94
65 70
84 5
73 48
47 52
31 18
14 53
72 3
77 19
16 24
52 40
85 87
38 75
2 8
86 65
75 33
86 15
25 34
78 50
56 49
84 32
5 50
58 15
86 40
33 8
53 55
47 13
53 33
52 10
74 2
86 56
39 93
13 27
5 16
31 52
6 59
43 23
47 86
40 47
2 82
55 5
24 11
41 74
74 5
47 10
74 32
38 80
14 46
66 33
32 39
3 81
30 80
71 35
60 53
14 81
40 94
79 13
51 30
29 83
67 34
48 19
61 31
30 47
13 15
61 92
60 16
35 17
73 57
28 41
24 16
72 2
78 27
2 28
76 50
26 1
49 19
60 60
11 66
21 88
18 32
82 94
34 21
61 49
3 61
66 60
14 5
46 8
66 93
86 66
28 41
42 11
62 8
6 53
5 36
43 56
53 63
19 45
59 60
23 28
25 79
22 16
86 36
9 52
18 54
70 68
45 81
61 79
66 67
12 77
54 17
33 5
73 90
19 92
27 7
5 30
39 21
80 64
83 17
33 19
3 16
77 54
31 33
69 20
44 95
4 18
66 96
80 46
12 1
27 14
78 35
4 57
21 60
54 87
46 66
76 4
63 52
31 86
53 64
7 50
31 92
44 75
31 19
10 90
77 63
26 49
69 88
36 28
73 96
18 85
56 48
2 81
54 92
4 30
18 42
50 43
60 37
81 60
85 64
72 13
23 75
24 39
60 3
33 30
27 77
41 36
83 9
34 23
27 13
66 30
16 95
53 80
80 76
62 31
70 43
60 32
9 66
56 92
82 82
76 71
55 70
81 89
13 93
41 52
16 53
50 47
58 18
23 24
78 89
29 1
17 72
29 89
49 95
12 22
42 8
18 47
9 87
6 18
14 94
74 44
24 92
50 55
77 6
82 77
37 75
47 29
6 46
73 68
7 94
77 87
47 29
80 45
43 61
65 55
28 64
3 96
79 32
5 40
31 80
43 79
79 73
75 35
57 4
59 87
77 88
28 65
28 96
47 44
53 75
48 7
42 10
63 57
12 25
77 88
65 70
48 78
43 96
36 62
42 77
17 6
21 44
62 56
35 25
54 2
73 85
73 6
25 19
62 23
4 86
43 56
83 84
53 82
10 89
24 17
78 47
53 68
44 57
72 39
46 42
48 56
71 53
32 34
25 28
13 94
39 55
59 69
54 91
20 6
51 74
43 84
27 49
25 78
16 63
48 80
37 51
49 35
24 50
20 84
81 57
71 13
40 2
71 32
68 65
4 84
4 77
9 53
17 92
52 66
24 22
49 36
45 55
29 58
85 24
27 3
58 57
5 49
81 85
2 82
12 19
83 62
28 78
63 29
7 33
22 88
7 58
28 7
75 12
75 69
86 89
11 50
22 37
56 3
29 56
74 60
77 56
53 24
35 50
44 11
77 70
38 62
41 74
1 67
45 89
55 80
68 71
65 24
41 22
74 2
75 62
45 92
76 80
1 47
85 75
68 66
6 40
65 28
51 76
39 77
81 55
56 83
56 41
64 81
86 11
48 37
14 88
61 22
31 35
14 65
33 11
1 26
63 23
25 32
13 84
32 89
35 54
44 88
26 41
80 35
48 85
63 86
83 1
75 39
31 69
63 40
57 23
44 11
29 9
18 11
40 22
51 12
1 88
84 41
68 7
33 16
59 52
24 19
10 74
27 21
44 32
29 46
84 75
82 21
27 77
61 19
67 48
34 46
44 52
3 64
44 16
75 56
31 64
47 20
83 83
11 65
8 96
57 26
47 3
69 64
62 70
25 60
45 17
6 30
15 6
18 58
22 79
50 9
6 38
10 57
20 37
39 50
67 51
78 40
10 46
8 48
64 63
47 54
34 73
45 25
24 50
36 73
48 94
7 53
56 8
24 46
64 75
63 28
33 59
23 74
59 25
30 54
15 23
12 57
31 75
33 28
85 35
52 50
41 19
5 14
15 59
8 86
51 32
41 20
38 63
69 59
10 42
3 38
7 63
82 31
28 88
64 51
37 18
43 84
7 9
74 22
32 67
51 73
34 33
53 20
60 42
3 29
78 88
26 54
60 69
43 55
9 74
62 53
72 70
62 17
52 31
48 19
41 57
71 90
46 50
26 59
86 32
67 12
59 46
10 75
57 55
16 82
20 86
61 81
49 21
24 42
74 18
75 68
12 44
33 87
47 56
6 20
85 75
82 50
15 84
68 90
28 80
73 56
16 89
65 19
24 89
30 64
72 49
12 23
48 64
14 20
28 63
9 88
22 82
72 21
70 59
11 78
54 77
44 95
13 52
64 8
55 44
27 69
54 95
67 40
32 37
26 2
12 82
33 94
65 26
75 78
53 65
34 41
38 10
8 79
72 73
68 59
16 67
62 71
17 43
8 96
76 65
74 60
54 79
49 61
85 18
13 4
44 86
83 46
7 74
42 2
63 65
1 63
61 47
68 13
38 27
59 59
29 2
65 28
69 58
37 55
85 22
4 56
74 88
2 49
61 74
17 42
58 30
16 96
35 81
82 52
52 61
27 65
55 85
34 8
85 36
85 90
11 16
41 24
55 18
66 5
14 92
14 60
36 84
83 91
8 84
58 20
32 51
1 61
21 38
37 72
23 26
57 23
71 51
51 45
73 83
20 78
14 80
73 53
53 39
63 16
16 13
26 29
70 79
18 94
34 42
1 34
46 64
5 41
28 30
71 47
11 16
50 77
1 30
47 68
21 53
47 4
63 38
16 34
56 60
48 87
71 73
44 75
65 76
41 87
56 20
51 51
84 56
71 72
26 51
21 81
68 92
72 37
33 35
41 47
18 39
64 37
75 23
2 20
58 44
15 85
22 3
60 8
62 3
85 59
14 13
53 96
86 78
51 32
70 33
71 1
40 21
14 61
43 2
13 58
28 4
19 47
54 28
61 78
48 88
82 83
27 79
6 21
39 8
22 49
45 84
6 71
23 10
36 9
50 35
14 60
53 28
37 41
69 16
85 9
61 68
22 88
72 15
48 59
6 52
61 32
66 34
63 38
64 85
7 43
81 77
16 5
38 93
34 63
63 90
30 42
52 52
55 24
25 58
27 65
65 86
48 28
79 51
74 46
30 13
57 95
31 49
67 85
53 54
41 14
30 34
84 9
82 30
76 41
55 12
71 96
22 43
53 8
62 17
76 57
35 86
52 20
48 75
76 69
78 57
39 70
14 22
50 81
7 67
77 54
58 89
51 9
53 49
56 21
74 35
60 45
19 82
20 71
38 18
49 20
55 88
41 42
34 68
2 51
31 42
46 32
47 64
45 14
1 6
48 23
83 38
31 58
82 87
56 55
61 4
70 83
78 17
69 71
13 30
2 7
64 44
21 31
39 8
78 39
33 41
1 23
35 15
55 24
49 75
85 26
79 28
27 78
10 61
1 79
85 24
72 69
48 66
10 95
14 6
25 53
56 31
2 27
51 10
45 12
34 19
50 68
18 16
85 60
72 50
18 49
10 29
64 43
73 73
65 81
21 8
70 53
2 39
58 36
68 86
61 8
38 24
44 91
41 74
83 46
30 44
54 62
68 84
68 86
28 1
39 70
58 44
58 7
26 82
63 63
5 56
13 29
4 21
16 76
79 22
64 70
18 22
69 22
27 56
77 57
56 41
73 89
79 72
27 11
15 43
32 49
70 34
23 39
18 58
56 53
41 50
49 22
11 56
79 55
3 21
13 58
39 73
18 29
38 96
70 59
16 41
44 12
72 53
84 21
10 3
37 40
55 60
38 74
31 7
82 1
79 57
76 86
35 94
62 46
34 34
11 41
43 5
53 16
62 58
41 71
24 84
71 2
48 23
66 91
85 17
82 39
29 54
79 27
8 36
74 88
81 17
11 16
43 50
70 34
70 88
84 76
9 36
15 93
1 63
32 64
46 29
23 63
29 79
73 2
6 17
81 9
11 59
5 9
23 48
59 70
15 81
71 67
80 34
56 12
38 20
19 66
73 59
8 76
75 5
7 59
13 31
48 95
35 88
18 83
34 73
84 64
31 54
9 28
1 63
36 55
72 90
60 21
64 67
84 68
77 7
67 76
38 20
75 87
60 93
35 37
72 35
7 67
50 96
64 56
24 2
15 4
10 88
24 6
46 22
81 72
73 91
17 6
54 50
62 64
49 59
69 25
81 92
85 31
34 1
48 65
7 76
47 69
44 18
18 96
9 47
49 83
4 63
83 58
69 5
21 46
34 7
69 15
82 53
34 49
86 63
52 73
68 9
17 71
45 52
32 82
63 7
6 91
53 56
18 89
47 49
24 33
13 93
52 59
35 45
6 17
15 11
74 4
76 30
46 62
9 24
45 1
34 2
25 86
21 96
20 5
30 78
33 84
30 19
60 55
72 73
71 39
16 54
71 60
21 52
69 9
10 75
70 20
52 93
23 36
11 80
53 65
75 83
58 37
60 44
74 42
9 91
64 77
83 55
3 38
9 20
56 56
77 93
4 56
28 84
77 46
47 49
6 68
81 14
77 58
23 55
36 77
75 73
76 71
37 85
31 90
38 23
75 70
45 62
67 44
83 46
55 24
31 78
49 94
64 71
33 94
32 10
3 92
73 43
38 84
67 33
61 50
4 16
41 3
21 70
43 22
81 24
46 88
56 23
11 51
69 84
33 26
58 36
2 5
4 48
85 28
3 4
18 95
21 66
82 94
15 32
24 87
26 64
6 72
67 59
13 60
43 5
31 33
61 25
39 9
50 71
11 63
72 95
65 10
12 67
37 34
85 92
79 25
45 11
26 13
5 48
15 10
81 38
16 85
2 2
21 19
52 91
20 55
53 71
46 40
62 13
11 54
14 46
16 86
70 33
77 81
34 81
13 82
2 47
68 80
46 78
49 87
38 39
14 85
14 47
40 16
84 96
35 12
43 83
52 81
77 3
71 40
43 70
84 66
41 3
84 75
26 9
81 89
51 39
5 67
5 38
5 21
23 43
13 13
53 91
47 47
83 91
32 91
74 35
38 22
33 91
15 45
42 68
2 90
26 31
82 39
60 91
12 91
11 33
29 13
47 31
63 61
56 39
36 52
55 69
2 85
55 35
36 82
2 40
73 4
75 11
79 87
40 92
39 75
72 50
6 12
69 30
12 81
27 2
70 5
51 43
35 62
51 7
55 22
51 67
30 65
63 79
17 12
82 72
52 63
37 27
14 43
21 36
42 82
60 75
70 23
78 7
38 64
44 10
16 23
20 17
69 66
64 3
75 91
42 91
32 93
75 95
51 30
8 96
32 3
42 62
63 40
35 52
6 55
30 92
10 92
73 66
58 21
50 26
43 71
56 3
31 25
66 42
85 50
37 37
34 17
6 56
39 24
41 14
8 7
9 44
58 15
3 26
10 68
81 9
44 84
47 96
25 58
74 91
25 16
11 10
55 53
27 11
31 86
73 78
72 45
38 77
6 55
34 82
61 21
69 70
44 47
33 31
58 78
4 17
43 17
54 63
62 48
57 25
58 83
80 61
13 6
58 25
50 74
72 73
69 32
5 62
12 96
10 7
30 14
23 35
72 27
46 53
34 94
25 68
56 38
48 56
12 58
30 22
2 51
60 42
69 76
76 28
28 4
18 92
37 10
6 9
66 83
84 28
1 50
73 71
11 8
37 13
69 89
2 95
78 42
59 74
66 34
28 80
70 75
25 4
54 48
47 57
15 71
75 13
20 8
32 61
70 64
19 56
59 65
85 60
2 1
68 6
10 8
67 76
36 50
71 9
50 44
46 26
42 62
62 28
47 56
16 7
65 42
32 38
69 32
65 26
43 88
31 18
71 39
51 53
68 24
68 25
85 72
82 73
22 62
16 21
77 43
22 65
7 92
79 92
11 86
20 32
23 27
1 55
83 91
36 92
85 55
77 1
84 25
13 42
68 64
6 66
33 76
63 54
15 17
56 34
27 67
25 17
21 15
2 94
4 70
52 36
85 65
23 78
53 21
17 55
82 67
36 21
10 19
13 56
56 8
11 75
76 64
1 81
23 16
31 30
73 70
23 60
59 94
30 92
13 36
28 57
12 21
14 54
66 69
62 44
56 57
31 90
48 31
38 6
60 15
73 45
85 62
45 59
58 32
25 36
28 92
29 59
40 20
18 13
43 15
47 58
63 46
29 53
41 57
86 78
31 34
44 3
5 65
16 91
68 28
7 54
68 79
44 32
6 41
12 22
26 44
67 34
60 34
65 57
57 2
66 35
9 89
44 63
15 48
62 87
62 20
36 69
43 26
23 36
78 29
54 43
50 66
16 83
78 19
64 67
34 1
13 23
22 20
2 42
57 79
22 4
77 68
56 86
58 51
58 90
35 18
61 2
52 8
26 1
82 27
74 55
70 84
79 10
62 5
26 4
59 62
31 48
3 24
72 66
2 16
44 96
49 3
36 94
65 65
54 16
23 69
86 86
76 42
42 48
76 18
15 59
51 15
18 39
26 56
30 95
67 15
80 76
15 62
71 96
36 96
36 6
28 26
18 41
29 48
22 7
33 15
33 49
82 2
83 50
37 33
12 77
27 71
9 24
72 75
59 68
14 31
84 88
27 61
45 4
29 71
55 36
56 86
55 12
26 18
54 51
8 59
36 23
35 35
17 75
15 67
9 32
27 47
86 41
28 53
2 93
8 82
54 44
44 24
66 79
8 4
47 37
5 35
8 18
86 79
86 84
32 85
82 5
60 69
10 58
55 27
86 80
76 36
6 37
3 93
56 12
19 59
24 44
29 76
16 11
27 61
32 24
47 80
53 53
34 29
58 37
24 10
80 58
70 79
19 14
33 71
71 67
22 6
69 26
32 63
61 39
26 26
41 83
21 49
8 45
43 95
73 88
19 63
11 36
49 52
74 84
28 1
27 63
57 29
11 39
28 48
25 91
77 33
76 63
83 2
14 57
31 28
63 79
18 72
60 75
42 65
32 91
4 28
36 29
30 63
84 36
34 77
39 15
37 63
23 49
64 19
79 33
4 22
72 3
55 77
57 91
54 55
49 94
72 38
85 7
50 79
54 59
78 62
67 1
76 96
51 27
77 49
23 33
50 21
47 42
17 87
44 15
43 42
80 47
86 65
55 65
76 89
75 23
74 53
32 84
26 79
29 23
12 63
71 33
49 48
12 27
10 75
18 57
79 20
18 54
63 93
48 51
42 3
54 5
25 70
11 66
16 34
83 86
14 1
81 59
77 51
84 43
47 62
11 69
58 58
43 49
14 18
54 37
81 55
29 60
15 20
25 26
27 77
23 34
50 82
64 19
62 11
42 2
48 20
37 15
45 28
31 84
34 90
18 49
3 33
14 19
33 74
21 43
78 91
78 62
62 37
56 17
17 54
35 75
42 24
65 54
42 41
7 86
34 71
16 95
33 20
65 38
39 32
22 53
20 39
29 32
70 16
20 57
46 9
8 48
26 54
59 26
24 38
16 79
66 19
5 40
60 38
32 39
73 54
56 33
38 40
21 50
17 63
80 80
74 52
13 39
2 41
74 63
84 55
24 54
28 73
23 80
23 80
82 19
9 70
56 28
36 5
30 40
71 56
42 72
61 17
77 22
68 58
61 50
18 28
72 59
12 79
30 34
30 27
12 62
1 30
67 67
21 60
51 28
59 44
7 6
5 66
35 67
25 55
31 9
36 18
24 79
8 52
68 12
56 90
76 6
69 38
55 79
76 45
44 84
73 27
31 12
36 77
51 55
41 13
69 42
28 61
43 55
58 2
82 19
84 89
41 73
62 93
27 5
4 59
46 33
15 31
10 44
80 36
81 86
3 41
80 76
52 44
8 48
61 71
12 11
48 88
40 84
41 15
44 60
76 58
4 72
59 61
50 23
43 77
81 43
37 5
32 85
6 45
45 52
24 57
34 22
28 57
42 64
59 96
34 21
35 9
62 85
45 25
60 11
45 1
86 63
20 58
67 87
29 72
56 84
67 47
65 33
2 86
18 83
37 54
51 54
73 27
64 86
64 71
52 79
60 33
83 81
72 14
82 7
57 88
62 56
8 71
71 46
7 9
31 43
33 13
22 76
22 86
15 11
30 49
72 48
22 50
37 93
26 90
75 27
52 79
38 81
15 29
29 51
7 37
53 49
85 61
31 96
2 46
76 10
77 86
43 6
56 47
66 14
65 96
17 75
8 4
12 8
12 41
40 87
44 8
2 95
80 55
7 25
45 54
30 50
39 25
40 82
7 6
71 26
43 90
85 31
57 66
79 17
80 61
16 15
38 54
39 87
12 81
74 22
78 14
35 38
47 93
75 58
58 28
26 91
44 12
16 84
42 10
28 31
64 2
9 86
58 69
28 45
25 63
34 95
34 14
22 75
15 7
68 39
41 92
31 95
50 77
53 11
47 35
84 85
19 73
24 86
8 29
26 61
35 58
9 19
33 25
5 44
22 63
29 15
73 73
11 10
57 86
59 76
18 93
45 48
45 54
6 11
13 11
58 87
57 88
33 40
20 32
71 52
33 4
85 65
3 47
23 13
74 48
52 60
83 67
72 30
35 18
39 63
50 38
49 7
32 23
61 60
39 88
82 47
34 38
2 72
19 24
30 23
35 64
63 44
75 61
68 78
15 85
71 66
2 93
67 89
34 84
65 8
40 94
46 11
45 21
41 12
70 87
12 43
45 91
9 23
84 41
43 49
24 42
43 33
24 27
61 5
80 78
62 81
36 3
64 36
67 34
2 4
9 63
17 25
70 6
10 4
35 76
62 69
82 85
46 89
7 24
17 53
38 41
72 9
52 33
78 26
68 19
38 60
52 24
76 47
38 47
48 88
77 20
60 51
47 94
28 55
30 26
12 91
68 95
75 24
40 96
16 7
7 96
17 11
63 84
41 91
51 54
19 53
51 32
61 60
9 75
8 54
73 9
4 23
42 69
73 78
57 66
16 86
69 2
76 91
56 57
49 72
4 38
61 74
50 24
44 23
54 9
59 43
28 54
61 90
9 35
75 53
19 66
77 57
13 4
2 60
26 36
7 22
83 13
35 57
71 35
53 18
26 88
23 69
36 31
40 33
56 27
39 24
60 73
60 38
43 2
2 48
29 62
38 23
36 91
32 36
33 63
67 17
11 80
37 20
80 24
19 61
64 16
54 46
46 88
13 34
47 69
50 15
55 95
50 16
10 60
6 78
29 53
36 47
11 2
71 9
7 46
69 60
66 30
41 43
16 79
47 7
17 23
49 51
27 31
71 11
48 81
59 6
84 84
81 20
45 40
22 11
53 24
58 83
37 18
75 52
21 69
23 86
75 50
42 57
80 22
40 26
20 78
81 5
9 85
43 72
80 27
42 17
37 96
25 90
84 22
12 4
2 17
39 76
45 10
76 26
44 12
17 38
8 86
43 23
39 64
41 10
24 81
43 90
59 7
48 16
61 47
17 73
29 64
55 11
19 61
26 7
27 41
29 60
18 11
71 10
29 41
67 35
79 60
68 4
2 91
24 57
15 51
37 16
17 6
16 57
28 95
19 3
36 81
61 69
18 69
67 37
77 11
49 56
75 14
52 72
32 19
71 84
39 72
71 84
64 68
40 93
35 28
36 96
50 45
66 46
85 27
13 69
76 31
41 30
65 94
15 33
82 23
62 80
44 47
25 54
50 47
33 81
45 18
80 7
9 56
49 18
1 48
35 33
4 75
65 17
56 76
11 45
67 38
40 51
28 61
70 17
42 34
71 29
82 14
28 50
57 1
20 17
44 15
41 22
4 43
8 44
44 93
49 1
17 62
53 70
82 28
40 8
19 15
48 44
84 10
34 3
80 23
43 59
67 32
67 47
9 51
3 22
54 90
38 30
32 87
56 34
81 57
78 28
20 57
72 71
80 40
18 4
61 44
83 74
60 83
66 31
56 2
75 75
65 29
38 35
72 33
15 22
64 26
65 23
4 10
44 3
24 50
24 42
39 52
37 40
28 22
19 11
67 20
59 30
15 35
1 11
14 12
77 22
12 34
70 5
53 36
22 90
24 47
40 94
51 12
48 89
43 37
27 28
78 12
13 40
37 30
42 51
29 89
27 77
29 27
59 87
50 91
4 17
15 75
50 43
79 29
38 96
64 80
9 52
19 25
12 38
14 80
63 1
29 5
75 92
46 86
72 16
47 7
83 10
83 61
74 89
51 27
36 89
24 89
72 61
60 4
76 4
40 1
66 70
56 32
26 15
34 85
41 23
46 90
16 73
70 83
20 69
33 53
4 34
55 67
19 94
42 56
49 1
64 4
48 34
67 34
5 24
60 96
75 60
5 64
52 33
31 93
47 56
57 57
41 83
18 46
65 20
23 69
32 3
29 88
38 55
27 70
34 35
84 51
58 57
19 67
3 75
64 17
27 36
48 10
84 34
54 92
84 84
25 26
3 29
29 20
40 25
50 72
35 7
17 29
85 82
79 17
63 90
24 47
53 65
76 60
13 58
9 83
33 6
55 35
28 30
68 52
67 51
73 95
79 12
25 79
62 55
40 38
32 75
84 8
25 90
63 87
7 29
21 54
28 94
34 55
74 91
21 41
83 71
61 5
17 55
69 28
22 10
6 44
12 21
7 49
58 21
36 66
24 85
17 36
17 18
78 18
83 93
86 5
59 44
83 8
27 77
43 30
61 47
72 19
81 13
10 86
69 1
23 46
85 66
30 39
14 72
64 72
69 87
45 48
63 68
28 86
7 51
68 48
27 35
16 10
65 46
80 13
75 82
71 13
21 52
85 62
84 95
48 77
43 59
2 67
17 84
9 35
40 11
24 59
70 15
64 94
43 94
40 67
51 1
49 63
10 60
60 72
52 1
42 96
12 3
9 76
26 31
60 94
55 27
73 31
4 29
46 11
9 39
51 25
32 52
86 1
60 28
42 21
35 45
51 10
61 90
46 9
83 7
74 88
20 49
26 61
26 61
85 1
36 91
52 24
33 49
74 31
69 16
35 7
62 41
3 14
75 81
1 63
65 30
65 59
15 40
7 77
78 47
4 68
14 74
28 35
53 56
12 58
30 19
8 89
50 16
72 26
16 14
41 76
43 79
39 7
27 78
59 43
70 25
8 36
19 87
72 37
12 92
49 46
34 49
50 15
28 61
39 69
84 14
26 37
84 47
33 81
73 9
85 93
27 33
17 59
60 39
50 33
12 72
5 30
44 83
23 83
49 69
48 73
71 59
32 25
65 57
81 16
3 45
86 77
73 20
77 37
49 30
77 74
22 71
23 30
80 9
23 69
86 13
73 14
6 27
9 26
66 75
65 88
46 36
57 18
22 52
26 41
40 49
81 42
36 41
45 23
63 31
50 61
33 26
46 4
18 83
32 88
4 39
74 34
28 70
61 91
25 10
83 77
30 49
67 1
21 2
37 72
72 83
40 26
42 80
12 87
70 38
19 14
71 48
63 13
9 88
82 40
30 62
7 13
84 16
19 1
64 96
11 8
14 32
78 52
13 16
13 49
48 5
72 19
77 78
3 28
55 36
31 43
12 39
30 79
69 75
84 21
30 47
22 14
2 49
58 33
15 34
31 73
83 34
10 9
6 35
84 27
21 34
55 25
65 13
14 61
70 92
55 69
6 21
64 56
67 5
7 81
17 39
34 33
21 38
17 62
50 18
75 22
74 89
41 69
73 29
60 30
45 93
80 2
33 35
6 56
52 76
15 44
65 56
39 74
42 50
58 52
25 73
53 11
70 55
72 64
41 17
65 44
17 6
39 30
34 9
61 3
40 39
69 57
16 85
48 20
68 23
84 47
28 73
83 71
59 86
84 57
27 65
62 55
63 46
17 24
43 9
38 15
31 86
65 91
65 64
36 23
39 50
82 29
83 65
6 8
52 82
77 84
72 76
24 89
73 11
42 78
44 93
64 71
42 46
45 92
73 38
64 24
56 77
6 86
55 48
7 96
44 32
78 34
33 89
17 19
13 12
27 63
42 12
67 79
23 7
80 31
36 54
27 45
63 50
49 89
60 19
40 46
50 26
62 25
12 34
46 31
66 50
32 94
59 29
1 20
22 21
16 87
51 54
43 45
49 84
80 49
54 31
63 38
69 7
40 42
37 39
63 31
78 29
35 34
71 85
72 3
47 57
62 39
7 75
11 67
29 49
51 19
42 92
60 38
23 49
58 15
55 70
23 71
63 30
29 50
28 51
8 59
45 14
66 84
25 29
16 39
6 87
70 79
49 84
54 34
37 35
86 23
31 8
42 60
73 4
15 89
62 43
67 59
85 57
53 55
75 70
21 53
39 14
45 95
48 91
38 79
24 72
67 4
5 62
53 14
49 10
27 39
62 24
29 86
37 27
58 70
22 82
54 66
32 41
34 51
44 81
45 71
84 63
9 59
54 88
4 70
81 15
12 19
55 93
12 65
26 45
83 86
45 94
23 35
72 31
43 20
71 81
56 13
37 72
33 85
26 78
62 93
37 60
40 60
68 80
62 48
77 82
38 75
16 60
36 28
45 59
53 89
20 78
44 9
54 57
64 43
23 53
22 95
21 80
12 30
27 85
19 63
33 35
75 8
79 28
71 3
17 26
21 67
55 48
33 92
32 27
47 90
48 58
18 11
54 35
80 96
77 2
29 61
55 34
12 20
68 4
2 3
74 32
4 84
9 16
40 24
14 31
76 28
13 37
55 93
64 75
2 58
44 87
38 37
57 85
66 41
60 22
49 51
70 79
16 69
46 62
76 65
78 52
42 12
73 50
37 22
37 11
60 7
51 40
79 20
79 65
56 56
3 13
77 34
7 51
22 28
62 56
2 3
23 74
27 87
31 29
23 63
85 47
40 34
73 52
41 42
20 51
46 5
72 62
18 21
34 66
47 42
43 87
17 93
21 7
23 44
80 62
71 64
37 51
55 25
24 70
52 29
75 50
81 75
52 15
65 33
37 45
43 60
38 29
15 60
68 3
50 94
27 47
68 19
31 44
81 42
17 66
46 61
72 42
34 72
72 12
45 23
34 7
4 48
28 70
85 39
77 77
33 47
85 62
51 48
26 12
63 4
37 24
58 63
10 73
39 32
55 86
3 20
75 53
74 23
56 26
71 67
3 44
14 67
22 80
27 58
14 67
73 69
6 10
12 63
85 58
78 74
37 16
78 15
17 68
18 91
81 29
76 89
21 24
82 30
64 33
46 7
72 82
70 16
46 59
8 70
7 96
15 71
26 5
15 39
49 79
10 14
14 56
54 58
85 47
48 21
47 78
74 69
79 58
60 67
12 54
30 45
64 4
6 44
18 14
7 72
71 68
41 12
70 58
77 12
76 1
11 81
51 23
43 57
86 73
37 36
3 25
13 11
15 65
80 93
55 24
56 29
21 80
33 5
46 17
51 66
10 45
71 38
12 10
54 88
29 94
2 78
34 58
26 7
85 82
12 54
8 51
35 47
81 9
39 19
67 68
48 22
75 77
24 90
11 52
48 53
45 37
2 87
60 32
66 37
69 20
58 9
49 94
37 43
31 50
40 36
64 6
49 70
18 74
57 28
15 91
43 62
80 86
14 55
44 48
82 44
44 73
16 29
36 5
84 24
37 94
9 83
6 38
53 84
40 16
51 48
26 48
74 44
71 7
73 15
20 62
15 26
9 35
59 94
61 91
5 79
2 60
76 89
51 81
16 7
79 53
45 8
5 53
56 87
63 51
11 35
52 92
81 82
2 80
19 32
68 74
36 96
34 49
29 27
50 39
63 59
60 8
50 40
66 59
74 48
23 89
51 4
13 61
86 17
57 32
56 19
36 41
2 1
38 19
83 62
32 14
61 27
86 32
16 38
11 17
17 84
6 21
28 31
71 21
69 66
60 12
73 92
84 60
86 2
56 65
34 11
82 54
82 89
21 11
68 44
71 14
11 20
39 87
75 20
78 85
81 79
58 56
16 23
9 1
73 11
63 25
33 84
43 24
40 77
18 48
27 52
45 55
80 58
53 27
9 66
18 14
9 81
43 33
18 9
37 65
75 8
34 12
4 22
75 44
54 76
47 47
12 68
34 9
49 7
64 56
70 3
46 90
39 85
26 87
7 46
9 19
12 30
23 52
58 63
40 18
85 44
75 69
3 19
53 33
76 37
76 52
7 44
84 52
16 28
41 26
46 6
83 3
72 41
18 4
86 11
30 59
38 32
5 90
52 91
55 68
64 84
62 28
52 32
41 59
25 22
63 51
86 82
1 17
17 47
7 44
39 72
39 10
8 20
81 73
47 79
69 36
76 43
44 72
62 37
78 63
56 56
36 68
81 28
29 57
28 29
85 5
35 69
68 61
11 11
19 46
19 10
69 13
82 10
25 49
71 85
67 68
25 65
53 1
79 75
75 53
85 87
35 64
38 35
77 16
6 78
25 7
36 23
15 96
47 12
6 47
76 21
15 9
71 65
54 45
4 79
60 12
4 83
34 22
18 16
17 2
85 31
23 4
5 24
75 81
65 13
46 28
40 85
13 42
26 5
67 28
52 44
53 96
5 52
10 18
77 16
45 14
77 65
23 44
2 64
46 62
84 45
10 40
32 84
36 15
80 21
44 16
23 21
6 95
9 94
38 61
18 84
68 33
63 37
81 59
61 64
44 9
48 52
32 34
1 63
73 71
67 21
17 11
73 32
37 12
2 5
71 53
49 95
26 94
38 3
84 1
67 67
30 32
6 39
56 73
85 84
29 81
6 16
47 40
26 65
12 81
61 57
40 55
64 48
40 78
38 62
1 68
82 73
45 75
53 45
35 17
64 74
37 76
6 32
62 48
36 92
13 17
9 95
45 88
78 9
48 91
16 88
52 49
32 84
49 34
1 82
41 49
82 35
19 17
15 31
81 56
37 70
66 11
85 31
62 73
65 41
16 51
56 49
45 64
86 30
15 22
54 41
16 83
54 36
10 89
47 41
83 27
56 31
43 65
16 1
36 68
6 77
19 93
46 60
46 53
74 13
32 71
40 76
76 65
20 12
7 95
39 51
73 38
12 16
14 36
30 44
18 66
1 52
36 76
86 57
84 16
65 44
37 75
5 83
39 19
4 52
64 2
77 58
18 65
10 69
75 60
45 88
28 84
79 79
18 76
24 42
11 82
23 24
77 59
5 66
9 88
64 21
24 73
4 53
78 9
43 66
19 40
80 74
70 22
50 24
7 15
49 93
37 47
81 17
13 47
84 74
10 56
44 41
71 24
36 16
15 70
29 70
60 52
64 46
50 60
40 51
74 24
11 2
1 95
53 63
71 17
64 37
7 24
14 29
49 63
51 41
43 21
53 57
56 33
44 68
46 41
37 63
75 96
77 71
51 16
56 72
69 14
12 46
20 65
11 81
15 81
47 83
25 77
14 48
51 76
40 15
79 16
23 95
68 83
17 61
32 81
41 67
19 96
86 72
32 60
42 47
53 70
71 74
36 30
32 69
22 46
55 49
26 70
26 26
31 63
55 50
9 56
32 16
68 96
38 16
1 79
86 13
34 25
56 47
51 66
1 81
68 81
34 39
68 66
35 78
79 92
55 51
82 18
46 24
25 80
14 2
5 20
86 16
58 54
20 77
46 77
1 16
58 23
46 84
35 33
76 74
62 30
66 59
70 39
38 35
74 4
10 8
63 21
2 66
34 75
52 6
30 44
39 42
8 89
48 33
57 64
48 43
44 58
65 20
68 4
43 20
50 2
28 31
16 73
63 71
34 84
8 82
67 63
69 96
4 28
71 11
28 24
79 25
37 34
69 40
5 83
62 11
80 62
35 87
27 1
37 15
69 65
56 33
27 12
73 42
65 63
63 43
72 14
45 13
40 96
50 92
9 23
56 53
76 52
58 17
22 45
83 64
58 48
62 30
16 72
6 13
42 86
56 18
31 50
9 70
14 32
32 18
6 42
26 29
51 37
36 91
56 91
62 48
33 58
18 8
33 81
79 25
16 22
32 7
43 44
54 53
23 37
58 15
36 31
60 32
80 79
3 38
80 15
85 6
53 43
86 57
55 51
23 42
45 4
64 86
83 65
10 23
44 85
76 83
7 26
65 14
49 10
45 18
38 85
15 8
48 34
79 41
13 34
25 33
86 21
42 44
59 62
83 84
1 56
5 77
14 93
39 22
36 12
77 79
2 63
5 31
55 75
68 35
64 6
59 89
29 17
31 33
61 79
15 51
50 78
15 22
51 31
22 63
23 54
82 61
85 58
5 49
69 85
42 63
13 14
34 79
27 76
40 95
36 77
31 89
48 48
43 77
81 3
24 94
24 40
21 92
71 30
1 80
64 94
45 44
56 16
32 77
30 28
23 53
79 92
3 23
8 4
41 68
5 51
1 93
65 4
71 15
41 34
61 21
58 7
26 15
78 30
43 31
54 30
10 78
33 30
6 87
2 41
4 20
44 83
66 87
21 6
38 48
37 10
4 35
6 14
21 42
58 91
74 26
40 46
2 76
57 89
82 93
71 8
26 42
85 84
59 40
86 56
23 39
14 74
5 68
28 4
86 63
86 39
60 95
49 62
62 9
72 20
69 50
57 88
13 20
48 50
67 38
8 41
80 4
13 95
73 95
38 16
36 91
83 14
41 62
55 78
37 25
41 93
40 28
34 36
63 36
57 22
79 74
13 34
22 12
23 94
64 16
64 38
52 58
59 9
71 35
59 82
81 1
66 61
67 90
52 19
58 26
36 39
45 51
58 39
83 90
63 76
24 48
29 68
34 5
54 86
5 5
37 22
50 55
49 82
76 67
10 14
13 46
65 96
52 1
31 89
25 32
85 58
10 41
56 32
42 62
67 51
50 54
23 17
9 15
19 1
3 6
75 13
31 59
57 5
10 26
70 62
83 88
5 4
30 43
57 12
41 80
67 77
52 91
79 83
4 40
40 16
13 43
54 21
67 14
78 71
65 61
79 12
9 93
19 28
14 20
13 28
33 82
71 2
47 12
50 43
24 42
81 51
70 6
78 86
5 61
32 11
50 28
32 1
30 12
32 42
25 96
81 94
78 47
68 6
2 4
59 85
66 5
58 78
86 91
48 85
79 51
67 48
28 7
38 37
82 75
24 31
60 61
62 41
80 52
3 88
50 38
64 38
42 49
46 52
35 24
4 28
75 85
80 59
23 81
70 84
69 78
24 44
71 9
58 75
37 90
62 65
49 91
38 53
84 19
55 75
37 52
82 59
35 96
29 34
8 38
50 56
33 2
9 71
5 43
12 63
1 7
71 36
43 56
69 70
46 77
62 62
46 2
55 58
22 3
60 5
40 75
46 66
56 82
29 18
86 89
59 87
13 76
77 39
61 69
10 4
62 9
32 39
57 51
29 28
33 29
42 76
34 64
31 32
82 76
42 6
66 88
41 63
32 60
41 53
20 83
43 35
10 36
44 57
78 3
29 86
20 18
46 48
17 65
32 29
13 28
30 22
46 74
21 21
16 71
51 74
57 23
6 77
24 82
79 68
25 43
60 47
82 28
19 95
2 3
34 29
70 40
78 22
19 81
2 35
42 24
22 80
26 79
50 81
44 21
30 35
33 39
32 36
69 49
32 59
66 67
70 5
62 82
70 34
61 83
17 86
86 75
66 38
60 70
45 78
62 18
28 7
25 9
71 22
28 14
17 73
77 17
14 64
74 55
5 35
23 30
41 94
27 92
11 43
79 46
2 21
22 37
32 47
47 9
7 33
46 76
71 94
5 72
21 5
56 58
86 91
13 40
54 24
50 30
4 85
46 88
24 40
63 43
57 30
9 95
18 36
19 92
64 93
4 18
75 5
43 28
50 9
27 61
37 82
35 3
67 86
74 25
72 52
71 92
24 19
9 6
82 50
28 85
3 49
36 81
47 43
83 51
77 80
58 27
84 55
63 21
23 95
59 63
9 83
36 57
82 15
29 56
85 39
9 11
84 77
73 11
46 85
37 58
17 86
21 52
56 12
75 80
31 5
48 95
58 69
79 6
65 71
19 83
60 30
65 71
79 80
83 56
77 49
2 80
62 20
33 43
14 88
10 8
21 84
32 51
19 70
68 40
4 86
30 91
31 32
75 92
71 27
44 70
86 72
59 15
47 1
71 1
35 5
37 45
29 56
9 42
38 60
5 29
33 68
85 96
16 65
76 66
50 7
3 76
13 14
60 54
35 96
69 39
54 49
55 48
4 67
68 94
77 59
64 40
56 85
21 68
5 95
53 23
64 81
11 12
50 84
75 82
27 11
83 44
18 75
51 31
86 20
22 39
71 95
83 6
6 90
80 23
82 4
55 92
57 1
60 45
64 49
53 75
22 12
10 27
78 80
63 83
28 58
21 40
72 61
23 36
72 74
11 41
11 18
59 51
81 4
84 38
44 24
76 28
77 4
37 74
48 86
76 8
21 82
48 19
45 86
79 23
83 4
9 96
43 21
16 52
59 5
41 89
10 39
44 43
6 53
55 94
83 9
27 35
55 43
17 36
49 17
22 89
41 81
65 71
41 94
78 82
84 41
49 18
69 17
13 64
66 56
62 55
20 38
85 33
9 92
49 92
79 34
9 71
18 38
67 19
31 66
23 5
61 87
29 62
23 68
59 13
31 85
56 24
65 53
10 93
43 48
35 31
36 37
47 25
76 85
16 37
48 47
63 68
26 95
77 25
9 30
65 49
15 85
42 84
37 60
61 51
70 74
42 68
38 21
2 81
62 3
86 84
7 51
67 76
1 69
3 47
38 58
31 33
34 39
52 13
28 47
36 34
21 95
86 67
40 46
8 8
67 74
83 2
8 24
45 82
57 33
16 68
49 44
68 11
1 3
33 13
29 49
21 74
18 13
1 51
79 67
77 71
31 72
39 7
54 70
47 27
17 39
23 72
82 95
68 60
18 32
21 94
82 30
48 30
52 37
67 62
60 75
83 39
76 53
23 79
44 67
60 45
14 23
4 45
24 35
58 70
2 33
85 34
66 70
5 30
72 1
38 82
49 72
14 4
59 75
43 63
16 52
73 33
53 50
69 82
48 92
41 74
62 84
64 26
27 30
73 69
84 71
33 31
40 67
74 62
70 40
39 3
34 42
4 72
10 45
42 59
71 43
48 2
40 69
39 74
12 12
79 73
51 71
19 48
30 37
39 20
37 93
85 72
17 31
81 16
56 74
37 63
82 22
24 23
37 33
37 85
41 40
65 63
76 71
23 66
49 79
83 51
24 57
55 55
55 68
84 45
85 15
85 70
2 38
49 1
11 30
50 39
83 95
9 60
22 61
51 94
58 46
31 39
71 6
9 60
15 87
32 49
52 63
85 38
47 40
73 68
76 24
51 12
44 22
82 3
44 27
29 80
59 41
35 64
30 56
72 93
72 7
11 15
45 31
19 53
58 59
77 93
15 91
78 50
14 94
47 12
36 84
2 91
61 81
19 22
62 54
2 29
77 45
69 88
11 18
40 67
77 5
36 81
86 64
37 71
55 36
55 30
33 29
11 88
22 73
8 15
19 32
51 75
45 87
49 67
17 66
44 12
49 19
72 16
38 24
41 23
69 42
75 19
11 90
76 20
67 63
42 74
39 72
18 71
1 64
72 31
72 34
41 54
63 92
53 29
33 7
33 37
9 85
74 90
32 84
71 71
6 90
2 50
76 57
71 82
63 24
9 13
33 71
76 56
71 78
40 92
18 66
38 62
84 34
5 49
10 27
14 75
76 6
19 51
61 1
32 28
48 83
81 60
13 9
64 2
5 76
64 37
38 96
51 5
8 74
57 7
22 55
77 15
17 74
46 4
5 57
10 76
30 42
62 8
38 19
85 44
79 96
27 76
64 94
86 90
60 79
68 47
58 69
64 31
53 77
64 19
77 36
33 41
75 42
30 89
60 25
47 48
72 40
38 95
59 92
31 21
18 78
66 12
40 24
65 25
29 15
57 20
79 87
52 88
17 17
18 13
75 25
30 25
66 3
24 58
22 84
69 13
68 95
16 64
46 92
1 89
3 40
54 32
61 1
73 7
33 75
40 40
50 67
42 73
51 2
44 53
24 67
21 1
8 65
76 82
2 33
86 15
54 3
38 22
38 16
51 22
63 67
39 95
20 13
3 51
56 92
48 59
17 59
23 37
50 15
7 66
79 26
39 13
11 64
35 21
42 53
39 14
38 47
54 9
12 72
4 2
66 8
55 78
62 96
44 79
60 73
59 94
16 71
44 85
60 16
2 25
80 13
53 70
60 36
4 2
24 29
45 51
52 76
1 55
14 18
4 7
25 87
30 60
63 67
43 8
84 41
14 23
55 53
6 43
68 89
23 41
52 90
21 77
71 18
3 37
18 10
45 56
44 9
11 73
17 71
64 13
70 4
36 86
14 54
83 34
1 34
13 73
58 35
49 59
19 33
77 65
72 50
67 85
1 56
63 26
15 57
60 36
45 38
55 25
40 49
46 22
18 16
28 20
73 23
36 1
34 23
2 94
61 6
46 91
75 46
14 17
6 8
7 92
22 68
10 56
44 46
78 15
47 77
43 27
50 76
59 1
56 59
78 68
20 24
3 24
81 78
18 54
27 67
52 68
45 67
57 91
36 70
11 60
46 29
65 47
59 32
14 94
17 66
61 60
37 84
56 68
25 77
65 55
15 48
61 32
31 18
50 37
49 35
52 61
8 27
5 55
41 77
3 13
42 49
32 88
29 15
78 95
50 46
71 57
49 11
10 60
66 34
57 67
34 14
13 55
40 77
86 88
24 58
35 11
27 10
55 39
35 12
21 46
40 35
31 40
19 91
54 85
67 20
81 63
36 28
3 87
50 62
79 96
85 85
15 72
53 3
77 64
81 61
10 48
42 7
3 57
35 79
52 68
52 66
71 5
62 72
46 94
42 86
43 84
79 2
54 75
19 41
51 68
68 80
52 26
31 75
47 11
81 6
20 1
62 27
68 50
19 19
77 23
18 79
34 23
24 27
64 68
15 14
69 90
52 63
44 67
53 81
20 36
35 47
54 41
60 65
50 83
30 70
43 28
19 5
1 94
45 70
42 45
29 23
47 92
65 84
56 70
74 74
60 4
22 83
26 82
2 8
9 89
85 58
45 17
65 94
21 13
18 92
4 67
32 40
43 87
81 26
67 71
68 83
69 64
29 14
79 57
85 21
52 15
2 91
55 30
60 15
73 86
80 93
24 82
35 51
17 90
12 60
9 43
39 8
82 84
8 40
57 61
52 28
46 17
57 91
42 58
13 8
72 47
37 94
60 19
32 83
26 78
66 67
5 3
24 63
14 33
30 81
3 62
34 63
40 61
17 96
7 36
22 90
24 10
85 29
40 68
7 26
16 31
30 42
83 28
37 72
57 78
75 69
70 44
26 31
4 32
52 7
30 74
71 89
58 65
37 87
28 38
55 9
52 94
83 65
38 48
65 88
52 8
14 95
69 21
60 61
84 5
76 63
51 34
50 52
44 49
25 77
43 95
69 43
6 7
79 45
66 75
45 11
49 73
78 58
37 71
79 26
32 77
46 40
25 23
64 80
15 96
1 51
80 33
76 57
48 80
71 33
22 39
29 31
2 41
42 72
12 93
9 41
7 59
82 84
75 1
69 90
85 82
1 63
39 34
41 18
75 17
53 59
1 62
64 25
81 70
9 61
28 35
80 75
8 77
20 78
5 31
22 18
41 21
51 44
35 21
23 39
74 26
68 47
85 36
62 17
45 76
70 7
23 88
31 24
55 61
76 14
9 73
17 21
9 79
53 58
21 94
20 69
42 58
1 91
54 3
53 81
9 66
16 35
46 68
28 25
3 11
65 30
26 8
63 53
33 45
38 27
57 60
36 1
43 83
4 71
80 6
23 55
5 55
70 73
15 95
49 1
13 57
10 67
26 26
2 46
67 9
50 61
60 52
53 21
39 59
5 59
68 31
51 71
83 9
32 81
71 84
20 14
35 79
34 35
54 62
67 96
31 27
50 84
56 48
35 84
51 8
60 59
35 81
84 66
2 79
32 70
35 15
66 89
69 76
52 63
68 67
26 56
10 45
38 72
57 89
33 11
78 24
5 74
76 44
31 91
32 45
11 16
23 59
78 33
15 28
73 55
27 96
3 73
17 28
16 89
83 24
16 37
73 39
39 75
37 7
10 77
21 75
77 45
39 25
31 94
19 46
36 53
78 69
2 89
71 49
30 13
84 66
17 64
65 56
57 84
10 8
48 17
66 34
8 36
26 28
38 44
15 46
24 7
23 29
18 70
86 42
36 11
65 87
68 42
61 7
37 84
45 11
35 27
64 69
54 93
12 59
13 57
25 9
56 47
77 81
66 83
80 31
46 15
42 82
22 22
5 29
19 83
41 5
51 33
28 70
25 58
47 73
27 76
42 67
14 51
11 81
78 67
64 76
46 58
9 70
42 34
55 90
66 67
62 4
36 30
18 12
86 29
13 26
11 42
24 24
80 48
24 9
50 57
86 19
35 26
47 39
63 81
25 88
41 55
23 12
3 93
58 59
26 64
49 41
63 13
69 42
73 62
69 16
78 25
1 65
70 42
52 12
76 29
75 90
79 73
70 36
85 42
30 91
53 51
2 76
85 41
79 66
19 12
85 83
72 34
14 24
81 5
37 89
68 46
1 43
77 83
4 92
10 60
40 89
11 43
36 88
17 44
46 54
66 34
38 49
66 22
7 15
3 62
49 88
81 22
25 15
26 93
84 79
67 95
24 54
62 66
47 63
33 13
81 85
39 27
50 78
64 25
46 72
30 5
17 90
74 53
6 67
58 61
24 7
63 64
78 89
32 91
82 77
46 50
32 25
21 23
44 30
21 13
23 88
63 92
49 10
56 11
80 45
40 21
82 12
56 11
16 14
38 85
77 41
77 74
59 58
81 88
17 2
57 57
55 19
41 71
82 56
63 84
78 95
33 96
27 69
60 9
33 8
41 53
86 36
83 25
68 15
66 75
34 28
82 35
33 33
8 9
24 49
55 87
7 60
82 56
68 25
47 14
56 45
16 34
16 29
61 12
79 46
14 79
69 90
18 63
78 10
75 69
75 5
69 4
72 27
73 35
34 52
7 90
26 51
76 80
40 49
84 62
55 20
70 79
39 12
37 91
82 60
60 20
33 20
13 52
26 35
55 28
79 33
62 13
79 63
53 29
12 22
10 23
80 89
71 67
40 28
37 73
55 45
18 38
12 51
40 50
21 76
7 83
8 10
4 69
39 28
5 59
83 76
62 31
31 64
80 30
26 79
48 82
11 16
34 18
18 2
65 30
12 16
40 72
34 1
42 28
18 80
2 20
52 25
15 57
26 72
71 84
57 83
67 14
72 15
36 31
77 31
85 30
50 52
27 86
59 9
17 29
13 63
10 69
3 21
8 80
51 91
53 85
17 92
38 95
10 96
71 5
58 75
50 34
29 85
12 41
45 65
82 56
29 30
15 48
28 21
77 81
4 44
6 11
80 56
14 88
4 64
57 51
80 86
8 31
84 51
67 36
82 50
36 83
48 88
44 62
51 93
60 62
61 26
77 18
61 84
38 48
79 89
16 85
49 13
2 11
35 22
80 69
26 25
1 96
1 14
37 91
11 16
43 68
86 78
40 63
77 33
2 78
3 40
11 75
68 27
61 80
20 28
74 8
31 63
35 33
71 29
8 36
72 40
2 31
41 60
69 81
62 88
10 40
83 12
85 28
11 62
50 2
4 33
13 41
15 20
85 43
59 73
86 1
65 82
83 79
5 77
28 50
14 49
30 7
25 21
20 59
47 39
34 92
25 43
49 14
14 75
52 40
41 28
21 58
19 94
71 95
25 47
15 42
85 15
20 86
52 15
6 23
61 87
84 6
40 69
59 37
24 64
53 66
42 53
8 66
32 71
40 87
46 22
84 43
50 12
27 78
39 75
63 72
31 5
32 70
18 92
39 38
64 22
69 69
6 1
83 47
3 21
73 78
3 53
5 70
61 32
18 86
1 60
20 42
58 45
52 37
70 14
5 22
77 67
65 48
50 30
23 43
23 5
84 38
19 44
40 71
85 44
11 17
58 5
28 84
80 12
58 35
8 32
6 22
82 54
61 93
36 33
55 69
5 26
64 46
63 27
62 18
83 29
52 38
63 44
58 25
63 17
40 71
28 11
15 70
13 33
3 3
46 16
77 2
75 67
47 65
69 14
56 27
39 39
68 37
45 67
1 25
23 34
63 40
46 14
82 66
52 63
84 1
70 73
53 23
28 13
34 91
24 50
10 74
49 38
37 54
20 23
66 83
20 73
44 82
4 69
14 49
30 42
86 79
73 56
45 27
49 63
32 57
55 27
74 77
76 28
51 50
40 33
70 89
47 85
4 10
48 6
71 24
43 13
32 6
16 45
75 11
17 49
3 56
50 29
56 18
29 56
79 75
6 94
2 44
70 33
46 89
24 33
42 4
26 71
36 36
52 29
54 35
6 2
16 89
52 83
67 86
7 80
28 84
11 51
46 94
20 27
73 90
7 8
55 10
29 86
16 84
23 20
38 15
16 8
74 8
81 66
84 44
60 16
54 71
82 22
45 50
15 15
59 69
4 86
76 96
18 86
15 64
50 39
11 80
47 92
69 95
46 22
31 59
8 71
56 8
4 44
26 82
49 6
46 85
22 82
15 37
9 31
27 87
50 73
45 18
62 27
18 91
73 79
44 69
69 67
70 44
35 44
2 26
74 2
50 25
23 28
50 24
81 28
74 14
10 44
15 29
37 76
67 85
14 64
14 69
51 7
63 52
68 36
52 22
10 21
80 16
19 75
44 85
83 77
80 36
17 26
16 60
10 54
44 45
23 53
56 81
19 42
36 14
80 70
33 6
49 47
39 67
59 31
35 31
55 57
9 89
86 41
47 25
16 17
46 6
50 50
42 65
71 68
45 22
83 86
54 24
7 32
8 10
39 83
13 11
60 60
83 90
26 9
55 7
31 83
46 10
6 87
35 82
80 41
80 92
49 62
19 39
64 18
70 96
18 69
49 77
22 61
42 22
34 56
40 88
77 63
64 17
80 13
73 78
58 41
69 59
81 95
58 3
78 11
34 30
60 54
67 13
78 36
25 66
32 84
83 29
6 36
31 85
59 93
20 23
47 56
42 36
37 65
12 32
86 4
47 88
74 10
54 54
46 11
65 61
45 59
83 49
64 38
64 26
10 27
