51 8 359
1 1 0 0 0 0 0 1 
1 1 1 1 0 0 0 0 
0 1 1 1 1 1 0 1 
1 1 1 1 0 0 0 1 
0 1 0 0 1 1 0 1 
1 0 0 1 1 0 1 0 
0 0 1 0 0 1 1 1 
1 1 1 1 1 1 0 0 
1 0 0 0 0 1 1 0 
1 0 1 1 0 1 1 1 
0 0 1 0 0 1 0 1 
1 0 1 0 1 0 1 1 
1 1 0 1 1 1 0 1 
0 1 1 0 0 1 1 0 
0 1 1 0 1 1 0 0 
0 0 0 1 0 1 1 0 
1 0 0 1 0 0 1 1 
1 0 0 0 1 0 1 0 
1 0 0 0 1 1 1 0 
0 0 1 1 0 0 0 0 
1 1 1 1 0 1 0 1 
1 1 0 0 0 0 1 0 
0 1 0 0 0 1 0 0 
1 1 0 1 0 1 0 0 
0 0 1 0 0 1 0 0 
0 1 0 1 0 1 0 0 
1 1 1 1 0 1 1 1 
0 1 1 1 1 0 0 1 
1 1 0 1 1 0 1 0 
1 0 1 0 1 1 0 1 
1 0 0 1 1 1 0 0 
0 1 0 1 0 0 1 0 
0 1 0 1 1 0 0 1 
1 1 1 0 0 1 0 0 
1 1 1 1 1 0 0 0 
0 1 0 0 1 1 1 1 
1 0 1 0 1 0 1 1 
0 0 0 0 1 1 0 0 
1 0 1 0 1 0 1 0 
1 1 0 0 1 0 0 1 
0 1 0 1 0 0 0 1 
0 1 0 1 1 0 0 0 
0 0 1 1 0 1 1 1 
1 0 1 0 1 1 0 0 
0 1 0 0 0 1 0 1 
0 1 1 1 1 1 1 1 
0 1 0 1 1 1 1 0 
0 0 0 1 1 1 0 0 
1 0 0 1 0 0 1 1 
1 0 1 1 1 0 1 0 
0 1 0 0 0 0 0 1 
1 6
6 7
17 3
49 6
37 3
17 1
4 1
3 6
35 1
47 8
39 1
37 1
12 2
17 3
10 5
17 8
50 8
44 5
41 4
25 1
15 6
17 4
30 2
16 1
40 1
19 7
27 8
39 4
17 8
50 3
31 3
5 6
2 6
48 8
35 6
12 7
12 4
30 2
38 6
31 8
26 3
5 8
34 5
4 1
29 7
38 4
40 5
10 3
9 6
49 3
45 3
20 3
7 1
32 6
12 5
8 3
36 6
25 6
29 8
16 1
39 6
7 8
1 1
16 3
42 3
49 7
48 5
17 7
7 4
44 1
42 1
15 4
6 5
25 2
9 3
24 4
10 6
36 7
42 8
51 7
20 7
51 7
3 1
7 8
32 7
51 6
35 5
38 6
11 6
25 6
20 8
49 5
11 6
30 1
46 3
14 8
19 7
39 4
21 1
37 4
41 6
38 5
22 6
13 4
25 2
41 6
17 8
8 2
22 1
19 3
44 2
38 4
51 1
3 5
48 2
41 6
6 8
25 4
16 1
50 6
39 1
35 8
32 2
28 8
19 7
27 8
6 8
49 2
50 6
29 1
43 3
45 2
41 8
35 4
19 4
30 4
17 5
14 1
47 8
37 3
2 6
39 3
38 4
24 4
3 3
47 2
13 2
1 4
32 8
37 2
43 3
30 8
33 5
18 3
24 1
7 5
24 8
7 5
9 7
42 3
47 6
30 6
17 8
27 7
5 6
51 2
13 4
46 8
51 7
26 6
24 6
15 3
10 5
6 3
31 8
48 4
32 4
10 2
4 6
36 3
47 1
22 6
2 1
21 5
15 8
27 5
41 5
20 7
41 8
2 1
21 4
19 8
10 6
12 5
39 6
26 1
26 8
41 1
22 2
51 2
50 5
17 2
29 1
22 1
29 8
48 3
26 5
51 4
24 1
24 1
45 3
4 2
49 7
13 4
23 1
14 1
38 3
7 7
32 6
4 6
20 2
29 2
22 1
14 5
34 5
32 7
6 3
35 2
25 7
35 6
49 7
21 7
36 1
11 8
36 1
7 4
47 2
20 3
25 6
35 7
37 4
47 3
14 7
16 7
36 6
36 4
19 2
23 1
45 2
51 5
45 7
3 5
43 8
50 7
22 6
23 5
34 7
11 3
24 3
33 1
8 4
36 2
29 5
31 5
37 8
21 8
51 1
5 8
10 5
41 2
44 8
17 5
31 4
47 8
26 8
29 5
18 6
19 6
26 6
35 2
43 3
33 2
17 8
44 6
51 1
26 1
48 5
10 4
3 4
8 4
13 5
27 7
22 3
7 3
44 8
9 7
49 1
21 6
13 1
10 2
45 8
45 6
38 6
15 2
28 2
37 7
44 7
36 2
46 8
17 6
43 1
6 5
24 4
45 4
3 3
18 2
49 2
18 2
15 3
40 3
49 4
20 3
12 1
38 5
49 4
29 7
11 2
50 3
34 3
38 3
47 8
35 7
13 5
35 5
14 3
14 7
21 5
46 8
34 1
26 5
51 2
39 2
12 3
24 7
15 6
13 6
37 3
37 6
22 3
46 3
11 1
24 4
49 5
31 1
18 3
31 1
30 7
20 2
3 3
