88 24 986
1 1 0 0 0 0 0 0 0 1 0 0 0 1 1 1 1 0 1 0 0 1 1 0 
1 1 0 0 1 1 0 0 1 1 0 1 1 1 0 0 0 1 1 1 0 1 0 1 
1 1 0 0 0 0 0 0 0 1 0 0 1 0 1 0 0 1 1 0 1 0 1 1 
1 1 1 1 0 0 1 0 0 1 0 0 0 0 1 0 0 1 0 0 0 1 1 0 
0 0 0 0 0 1 1 1 1 1 0 0 0 1 1 1 1 0 1 1 0 1 0 1 
1 1 1 1 1 1 1 0 0 0 0 1 0 1 0 1 0 1 1 0 1 0 0 0 
0 1 0 0 0 0 0 1 1 0 1 1 0 0 1 0 1 1 0 0 1 0 0 0 
0 0 1 1 0 1 0 1 0 1 0 1 1 1 0 1 0 0 1 1 0 0 0 0 
1 0 0 1 0 0 1 0 0 0 0 0 1 1 0 0 1 1 0 0 1 0 1 0 
0 1 0 1 1 0 1 0 0 1 1 1 1 0 0 0 1 1 1 0 1 0 0 1 
1 1 1 0 1 0 0 0 0 0 1 0 0 0 0 0 0 0 1 1 1 1 1 1 
1 0 0 0 0 0 1 0 0 0 1 0 1 0 0 0 0 1 1 1 1 0 0 0 
1 1 0 1 1 0 1 1 1 1 0 0 0 1 0 1 0 0 1 1 0 0 0 1 
0 0 1 0 0 1 1 0 0 1 1 0 1 1 0 0 1 1 1 1 1 0 0 0 
0 1 1 0 0 0 1 1 0 0 0 0 1 1 0 0 0 1 1 1 1 0 0 1 
1 0 0 1 1 0 0 1 0 0 0 1 0 0 0 0 0 1 0 0 0 1 1 0 
1 1 0 0 0 1 0 1 1 0 0 0 0 1 1 1 0 1 0 0 0 1 1 1 
0 1 0 0 1 1 1 0 0 1 0 0 1 0 1 1 1 0 0 0 0 1 0 1 
1 0 0 0 1 0 1 1 0 1 1 1 0 1 1 1 1 1 0 0 0 0 1 1 
1 0 1 0 0 0 1 0 1 1 1 0 1 0 1 1 0 0 0 0 0 0 0 0 
0 0 0 0 0 1 0 1 0 1 1 0 0 1 1 0 1 1 0 1 1 0 0 1 
1 0 1 1 1 0 1 0 1 0 1 1 1 1 1 1 0 1 1 0 0 1 1 1 
0 1 0 1 1 0 1 1 1 1 0 0 1 1 1 1 0 1 0 1 1 0 0 0 
1 0 1 1 0 1 0 0 0 1 1 0 1 0 1 1 1 1 1 0 0 0 0 1 
1 0 0 1 0 1 0 0 1 1 1 0 0 0 1 0 0 1 0 0 1 0 1 1 
0 0 0 0 0 0 1 1 1 0 0 0 0 0 0 1 1 0 0 1 0 1 1 0 
0 1 1 1 1 0 1 1 1 0 0 1 1 0 0 0 0 1 1 0 1 1 1 0 
0 1 1 1 0 1 1 0 1 0 0 1 1 1 0 1 1 1 1 0 1 1 1 0 
1 1 0 0 1 1 0 1 1 0 1 1 1 1 1 0 1 1 0 1 1 0 0 1 
0 1 0 1 1 0 1 0 1 1 0 0 0 1 0 1 1 0 1 1 0 0 0 0 
0 0 0 0 0 0 0 1 1 0 0 0 1 0 1 1 0 1 1 1 1 1 0 1 
0 0 1 1 1 0 0 0 0 1 0 1 0 1 0 0 1 0 0 0 0 0 0 1 
0 1 0 0 0 1 0 1 1 0 1 0 1 1 0 0 1 0 0 0 1 1 0 1 
0 0 1 0 1 1 1 1 1 1 0 0 1 0 1 0 0 0 1 1 0 0 0 0 
1 0 1 0 1 1 0 1 1 1 0 0 0 1 0 0 1 0 0 1 0 0 1 1 
1 1 0 1 0 1 0 0 0 1 1 1 0 0 1 0 0 1 0 1 1 0 0 0 
1 1 1 1 1 1 0 1 0 1 0 1 1 0 0 0 1 1 1 0 0 1 1 0 
1 0 1 0 0 0 0 0 1 0 0 1 0 1 1 0 1 0 1 1 1 0 1 1 
0 1 1 0 1 0 0 0 0 1 0 1 1 0 1 0 1 1 0 0 1 1 1 0 
0 1 1 1 1 1 1 0 1 1 1 1 1 1 0 1 0 0 1 1 1 1 0 1 
1 0 1 1 1 0 0 0 1 0 1 0 1 1 0 0 0 0 0 0 1 0 0 0 
1 1 1 0 0 1 0 0 1 0 0 0 0 0 0 1 1 1 1 1 0 1 1 1 
1 1 1 1 1 1 1 1 0 0 0 1 1 0 0 1 1 1 0 0 1 1 0 0 
0 1 0 0 1 0 0 1 0 1 0 1 0 0 0 0 1 0 0 1 0 0 1 1 
1 1 0 0 0 1 0 1 1 1 0 0 0 0 0 1 1 0 1 1 1 1 0 1 
1 0 1 0 0 1 0 1 1 1 1 0 0 1 1 0 1 0 0 0 1 1 0 0 
0 0 1 1 0 1 1 1 0 0 0 1 1 0 1 1 1 0 0 0 0 0 0 1 
0 0 1 0 0 1 0 1 1 1 0 0 1 1 1 1 0 0 1 1 0 0 1 1 
0 0 0 1 0 0 0 0 0 1 0 1 1 0 0 0 1 0 1 1 1 1 1 0 
0 0 0 0 1 1 1 1 0 1 0 0 1 1 0 1 0 1 0 0 1 1 1 1 
0 0 1 0 1 1 1 1 1 1 1 0 1 1 0 1 0 0 1 1 1 1 1 1 
1 0 0 1 1 1 1 0 0 0 1 0 1 0 0 0 1 1 1 1 0 1 1 1 
1 1 1 1 0 1 0 1 1 1 1 1 1 0 1 1 1 0 0 1 0 0 1 1 
1 0 1 0 1 1 1 1 0 0 1 1 1 1 1 0 1 0 1 1 0 0 0 0 
1 1 0 0 0 1 1 0 1 0 0 1 0 1 1 1 0 1 0 0 0 1 1 0 
1 1 1 1 0 0 1 1 0 1 0 0 1 0 1 1 1 1 1 0 1 0 1 1 
1 1 1 0 1 0 1 0 1 0 1 1 1 0 1 0 0 0 0 1 1 1 0 1 
1 0 0 0 0 0 0 0 0 1 1 1 0 0 0 0 1 0 1 0 1 0 1 1 
0 1 1 0 0 0 1 1 1 0 1 0 1 0 1 1 0 1 1 1 1 0 1 1 
1 0 0 1 0 1 0 1 0 0 1 0 0 0 0 1 1 0 1 0 1 0 1 1 
1 1 0 0 1 0 1 0 1 0 1 1 1 1 1 1 0 1 1 1 0 1 0 1 
1 0 0 0 1 0 0 0 0 1 0 0 0 0 1 1 1 0 0 0 0 1 0 0 
0 0 0 1 0 0 0 1 1 0 1 1 1 1 0 1 1 0 0 0 1 1 0 1 
0 0 1 0 0 1 0 0 0 0 1 0 1 1 1 0 0 1 1 0 0 1 1 0 
0 0 1 1 0 1 1 0 0 1 1 1 0 1 0 1 0 0 1 0 0 0 0 0 
0 1 1 0 0 1 1 0 1 1 0 0 0 1 0 1 0 1 0 1 0 0 1 0 
0 0 0 1 1 0 0 1 0 0 0 0 1 1 1 0 1 0 0 1 1 1 0 1 
1 0 1 0 0 0 0 0 0 0 1 1 0 1 0 0 1 1 0 0 1 1 1 0 
0 0 0 0 1 1 0 0 1 1 1 0 0 1 0 0 1 0 0 0 1 0 0 0 
1 0 0 0 0 0 0 1 1 1 1 0 0 0 1 1 0 0 1 1 0 0 0 0 
1 1 1 0 0 1 1 1 0 1 0 1 0 0 1 1 1 1 0 0 1 0 0 1 
1 0 0 1 1 1 1 0 1 0 1 1 0 0 1 0 1 1 1 0 0 1 1 1 
0 1 0 1 0 1 0 0 1 0 1 1 0 0 0 0 0 1 1 1 0 0 0 0 
1 1 1 0 0 1 1 0 0 1 1 1 0 0 0 1 0 1 1 0 1 0 1 0 
0 0 1 0 0 1 1 1 0 1 1 1 1 1 0 0 1 1 0 0 0 0 0 1 
1 1 0 1 1 1 1 0 1 1 1 1 1 1 1 1 1 1 0 1 0 0 1 0 
1 1 0 0 0 0 1 0 0 0 1 0 0 0 1 0 0 1 0 1 1 1 0 1 
0 1 0 0 1 0 0 1 1 0 0 1 0 1 0 0 1 0 1 0 0 1 0 0 
0 0 0 1 0 1 0 0 1 0 1 0 0 1 0 1 0 1 1 1 0 0 0 0 
0 1 1 1 1 0 1 0 1 0 0 1 0 1 0 1 0 0 0 1 1 1 1 0 
0 0 0 0 0 0 0 1 1 1 0 1 1 0 0 1 0 0 0 1 0 0 0 1 
1 1 1 1 0 1 1 1 0 1 0 0 1 0 1 0 0 0 1 0 1 1 0 0 
1 0 0 0 0 0 1 0 0 0 1 0 0 0 1 0 0 0 1 1 0 1 0 1 
1 1 1 1 1 0 1 0 0 1 1 1 1 0 1 0 0 1 1 0 1 0 0 1 
0 0 0 0 1 1 0 1 1 1 1 0 0 1 0 1 1 0 0 0 1 0 0 0 
1 1 0 0 1 1 0 0 0 1 0 0 1 0 0 1 0 0 0 1 1 0 1 1 
0 0 1 0 1 0 0 1 0 0 1 1 0 1 1 0 0 1 0 0 0 0 0 1 
1 0 0 1 0 0 1 1 1 1 0 0 1 1 1 1 0 0 1 0 0 1 0 1 
19 24
73 19
26 4
15 11
4 9
59 19
50 17
72 9
78 4
82 11
55 1
31 10
85 2
76 5
74 8
59 1
70 11
80 9
87 4
81 16
34 9
79 15
4 22
80 6
54 17
44 7
43 16
14 9
40 8
8 15
6 13
56 10
3 22
40 17
65 15
7 4
18 12
64 9
69 9
67 19
23 6
31 14
20 16
23 20
1 4
2 23
14 19
52 7
12 13
18 12
15 18
30 4
6 3
64 9
82 5
17 2
2 10
71 19
7 2
6 10
17 11
63 15
70 21
6 17
81 7
16 12
71 10
35 11
62 6
5 13
71 18
48 9
27 8
56 14
23 9
73 11
40 3
1 16
51 22
32 1
77 11
27 8
10 4
2 11
31 11
51 2
23 9
27 12
17 21
51 16
12 17
45 24
14 24
14 6
74 13
41 11
2 24
40 13
31 13
35 10
21 3
43 8
50 17
74 24
60 24
18 4
58 5
7 2
65 19
41 11
83 6
46 10
66 17
62 5
82 4
19 16
73 18
22 11
17 17
87 3
39 24
83 10
88 15
3 20
20 2
79 14
88 6
85 23
9 20
42 24
79 13
86 5
57 16
68 11
36 11
62 12
16 5
13 14
20 14
5 16
44 10
6 4
31 7
33 16
45 19
74 23
74 22
4 16
51 10
26 1
21 18
87 21
79 21
55 14
35 3
25 15
17 23
51 9
18 7
53 4
11 20
38 5
11 15
63 10
24 13
8 1
33 10
40 10
50 22
41 14
52 24
33 24
28 20
19 2
62 4
58 14
31 18
65 1
75 18
64 9
57 22
25 21
14 20
57 9
82 20
47 21
83 8
60 3
43 1
19 13
35 20
65 8
81 24
76 11
84 4
33 12
27 14
56 13
3 24
33 20
31 18
36 3
53 24
62 10
10 16
88 23
39 3
15 13
51 3
62 19
80 1
2 21
44 19
43 16
55 12
86 9
2 9
12 14
5 24
16 2
13 11
29 4
57 3
74 8
12 16
67 24
34 1
7 9
56 7
49 4
67 9
52 22
36 17
56 22
56 8
46 20
87 3
48 5
11 2
32 19
50 17
78 13
52 15
40 2
40 12
17 12
64 13
76 16
1 17
86 9
39 9
15 20
11 2
40 19
15 7
62 7
79 19
63 15
15 6
47 5
28 22
88 23
54 5
34 22
37 11
41 22
42 12
7 4
26 16
65 18
52 3
73 7
46 11
44 12
87 2
4 2
74 15
18 19
24 23
69 15
4 24
30 7
38 6
72 2
28 5
58 13
59 4
55 18
78 10
12 17
41 24
77 22
2 22
75 10
40 10
68 24
8 5
54 10
29 7
20 20
33 5
57 15
1 5
87 8
55 11
88 7
19 5
18 2
8 23
82 15
27 17
16 23
40 20
41 7
36 17
46 22
18 6
8 9
29 19
20 23
69 17
49 24
22 21
23 18
55 23
18 21
43 14
32 13
48 17
88 9
69 6
55 2
10 6
65 9
57 11
68 23
29 4
10 13
39 24
85 8
64 6
17 18
64 9
48 16
74 7
51 12
25 20
65 14
7 20
31 2
44 17
56 1
35 2
67 7
81 7
78 10
81 23
82 14
30 8
84 18
62 8
70 11
71 6
86 20
21 12
68 7
44 9
49 16
84 6
45 20
41 10
43 4
25 2
68 17
13 23
30 3
81 23
2 8
78 20
15 1
21 14
54 16
68 19
84 9
80 11
77 14
48 23
24 22
71 3
80 24
63 22
69 18
27 22
30 23
10 5
5 15
79 1
8 19
77 14
34 24
79 11
2 14
70 8
24 12
6 5
72 4
21 21
30 16
16 21
88 9
23 5
80 4
7 19
63 13
2 15
34 1
30 11
11 12
59 9
60 21
77 9
58 16
79 12
11 1
29 12
52 16
4 9
88 15
36 24
62 3
2 6
80 17
60 11
21 5
22 17
61 3
88 8
40 18
14 14
42 20
15 16
19 8
42 14
56 4
74 18
30 18
88 9
71 18
8 15
16 18
56 1
8 14
55 3
34 8
28 3
29 1
34 16
34 20
64 18
6 8
40 14
74 24
12 4
20 1
7 3
41 15
25 4
71 21
21 24
22 10
4 23
33 9
17 21
82 9
47 4
72 20
28 8
12 20
66 14
46 21
37 13
42 9
74 7
32 8
30 11
38 16
17 8
66 12
29 13
11 4
21 10
1 21
83 18
28 6
44 5
87 16
43 7
55 22
3 1
14 12
43 11
14 22
46 20
7 24
66 22
18 24
64 9
46 9
20 11
27 3
7 21
58 23
58 5
45 24
42 23
47 15
3 21
47 10
41 8
74 15
73 13
88 8
16 24
9 9
27 6
11 7
34 20
43 2
86 10
12 18
1 1
29 16
48 3
1 23
55 13
29 22
39 16
57 16
9 10
45 18
41 3
28 2
81 3
34 18
9 7
25 14
69 22
35 5
12 4
76 8
66 13
76 15
50 8
45 11
5 21
15 20
40 4
14 6
21 15
19 13
33 8
57 12
81 24
1 24
51 5
79 2
15 18
66 17
61 19
82 22
65 11
41 20
51 13
53 18
71 17
2 12
40 15
33 2
57 6
46 15
77 5
45 11
15 2
67 14
24 15
2 24
77 18
67 4
68 24
33 3
81 22
79 11
20 22
33 6
88 11
55 5
56 22
20 22
75 13
28 11
77 13
8 24
87 16
76 2
7 23
20 18
31 21
30 1
72 7
70 13
83 14
56 14
18 19
33 16
63 6
40 12
27 5
23 9
18 2
50 13
36 2
38 22
71 4
72 23
79 2
13 15
38 9
25 2
22 9
19 5
58 7
16 2
46 12
17 23
48 6
56 2
15 3
36 9
40 8
66 5
49 11
29 22
59 11
57 9
37 1
43 17
1 3
53 16
65 13
64 11
30 8
6 24
40 14
27 17
56 10
57 17
7 15
14 2
40 6
87 10
87 23
77 1
83 2
59 20
9 17
71 5
50 3
78 3
9 17
47 19
88 7
73 16
3 23
69 21
5 12
64 9
32 11
78 11
69 3
27 15
8 22
63 24
79 24
53 5
39 14
86 19
55 3
76 7
4 5
86 23
77 21
63 8
10 2
76 4
80 11
31 1
37 15
21 17
58 13
68 23
39 3
7 2
65 3
66 10
70 12
3 3
18 19
72 8
67 19
63 23
73 23
48 4
36 15
79 20
19 19
60 20
21 1
33 2
45 15
40 17
53 10
32 21
67 5
20 9
60 13
61 7
62 5
67 13
51 16
65 10
40 19
46 6
11 5
6 24
49 16
77 10
46 11
78 21
57 13
11 1
29 15
37 19
53 5
47 1
24 23
80 22
37 8
87 7
46 21
23 15
65 5
41 12
14 3
74 15
75 9
42 22
83 1
34 16
55 8
68 20
59 13
33 18
81 22
3 11
47 7
9 14
30 3
11 3
37 15
1 14
19 1
3 5
4 9
40 8
8 1
82 21
71 21
66 4
60 7
36 13
7 3
69 4
21 12
59 5
86 1
33 22
59 11
38 18
30 11
86 15
59 14
66 20
76 6
41 8
88 22
55 16
11 9
56 19
81 1
7 12
77 3
35 20
56 7
18 15
28 3
27 21
34 2
17 8
11 4
8 9
76 17
81 17
13 11
54 17
87 15
71 15
47 7
31 9
74 19
43 9
19 3
39 16
84 13
26 9
22 10
53 17
39 17
86 20
36 12
2 16
53 11
30 14
35 17
65 15
19 19
57 20
27 19
33 11
68 17
30 22
71 18
43 16
2 23
11 8
16 15
14 23
38 19
14 23
82 20
41 17
26 19
85 2
71 16
61 11
76 5
87 20
85 5
51 20
76 5
66 22
7 13
12 22
3 7
54 12
50 22
60 18
29 13
29 1
47 5
35 2
58 16
33 7
59 10
86 15
86 9
61 13
14 20
68 19
2 4
8 22
68 14
19 24
78 17
31 21
62 24
9 11
30 3
15 24
11 19
13 11
31 17
9 18
74 24
77 9
24 24
24 13
13 14
68 4
78 7
39 19
61 24
32 11
85 6
35 13
61 2
46 11
32 22
12 11
67 8
12 10
62 10
21 3
69 8
4 23
43 7
80 4
74 9
41 24
27 5
53 3
13 2
70 3
59 10
86 14
5 15
71 9
81 18
52 13
39 16
86 23
1 18
29 13
51 22
52 1
27 7
17 21
77 3
53 2
39 8
24 1
63 20
58 19
54 17
53 15
79 21
41 18
28 22
88 11
59 18
40 6
47 24
3 17
80 11
54 14
85 10
79 14
29 17
23 7
60 7
19 20
54 16
71 2
53 6
83 1
32 9
11 20
67 22
9 11
62 1
42 6
53 18
9 14
25 9
2 8
53 14
81 4
5 19
85 4
59 2
60 23
78 15
26 23
54 19
79 12
36 1
55 12
