35 100000 1007
16895
656
31376
26068
989
27809
31717
27671
17282
3394
25619
11400
4287
31913
27909
4235
17939
28862
1071
18085
22566
26685
6932
29617
28569
31635
23072
10002
21547
9658
16742
530
12295
2461
17260
13973
20178
10471
11458
13793
27616
19914
2438
20308
9505
17117
10663
18133
7239
8705
23639
9412
25402
20356
7373
27311
21376
18990
18382
15567
29065
13998
20386
21710
21396
16853
19103
20123
27098
2927
22194
32506
7056
22307
10048
16320
23817
2340
704
18631
2737
19761
1048
841
27283
5934
6693
22885
25314
6125
7093
8160
28223
7450
29383
2208
17953
7511
23941
25502
23743
26943
22161
3388
32703
2138
8890
26124
26260
21267
13171
12258
19662
146
6862
3529
14633
16704
30412
22570
12448
10819
16469
17651
28995
4380
18721
2593
29681
24599
3271
19149
2520
6724
4755
24254
32629
15127
25791
11393
13642
25834
28773
16290
25236
4591
6266
6300
1862
14962
31357
14804
15765
30259
13162
27999
8346
5045
21409
24272
14878
2317
31203
30308
10891
20502
30953
13675
29250
3730
16292
25302
6816
11749
24176
21555
28245
1127
18738
28102
18154
621
7954
28596
26115
20083
20580
23390
10681
8692
14118
14676
21100
31426
1731
25089
15477
2290
20722
7195
28580
17226
21001
1988
1405
19664
13063
29962
27273
13370
21528
21138
27037
8290
26807
30862
23152
684
8719
32195
6407
31744
32203
13028
20169
21284
23101
28047
4422
30048
31687
7058
5230
1883
5507
26385
7887
27651
21476
12570
21109
13194
13874
14984
6640
6038
24016
11447
22086
31245
21693
11909
12759
3687
16760
29669
25739
11094
7349
6747
23407
6464
24773
17591
13043
11959
7103
25598
32255
2702
19877
17291
25710
30338
1563
18913
28128
30466
18588
28392
14318
10133
18828
13452
5767
11622
23492
1334
14179
16798
31453
30581
13773
13189
26134
15623
20778
13388
3879
25020
26632
10827
26814
5469
17107
29833
27330
11069
22494
15433
9858
20736
8400
22688
20666
32729
23043
3154
11829
25981
29608
22045
31088
6272
27189
15248
17540
14428
9099
32468
24637
25476
28440
2451
21083
5566
14243
28681
23041
17889
16334
29866
26790
40
26919
2503
19601
3239
20654
4343
28888
19472
9273
16717
4360
669
17553
8707
27091
5174
18038
10559
13543
9102
18479
24834
30783
11514
24399
26897
24314
2003
7470
25333
14381
29126
20073
7162
14171
17708
5220
29744
10951
8891
28053
25141
3477
22530
19539
18792
7469
6139
10998
7590
675
22511
7441
1866
3351
10700
10393
25452
21292
15568
11238
2556
28262
18245
29909
32053
22597
29421
3760
4074
26333
32072
30066
29130
8636
119
10599
17013
11647
479
27759
8044
893
27621
21265
16081
30811
20134
9458
17461
16991
14523
14489
3053
32145
5869
28782
12927
30875
4042
2944
8982
13787
12581
10844
17887
6379
14609
23024
15144
1430
24117
1892
17022
5927
13837
13698
839
18684
23888
25385
8935
1570
1623
13053
361
12274
23105
18630
13694
8310
22816
7551
20383
4229
24917
12054
17922
19864
7266
25386
3917
16090
22675
1401
15407
22667
18686
19172
18842
18135
6097
7011
1825
18423
17369
24459
11382
13930
6120
13336
6558
9078
8964
65
14790
25808
30806
27530
17762
18413
11149
28411
22860
23967
13049
18902
16193
18300
18490
10542
506
1677
14893
10142
10324
6766
1695
5628
15722
1023
28400
15826
19770
17843
4632
31552
29007
7746
10490
14693
16840
5427
1443
22974
11833
21085
21051
23569
17209
12527
32261
22716
24557
9905
27700
6478
17584
14615
8329
4592
25776
25679
21768
24593
24705
19552
19002
10722
31620
32469
12078
2257
28402
5752
27085
20643
8187
9850
11891
12686
26177
15463
18058
5471
22659
29561
25428
24925
25134
3034
30885
16466
27760
26946
1595
20538
26611
10556
6135
8978
3585
9507
21641
25023
17877
15621
10481
17233
23838
22861
18008
24007
30591
13519
25841
31260
8182
18915
10883
1790
32080
12946
10761
31071
13000
2244
6878
25296
17615
7531
2512
19645
7811
29515
21867
6533
27734
18509
13573
18470
3872
7670
5158
32389
25329
8456
27577
3690
20061
10428
2401
17157
2554
32627
26792
18717
6840
26803
1259
12600
29761
25395
8472
31250
19410
11385
23258
10946
12493
29986
21911
9722
23661
28703
10816
12033
15787
20686
14262
32503
700
28641
19814
11503
13855
4629
12212
25903
19022
24320
7975
26705
4998
29857
14193
2047
28607
12504
14589
13946
9405
23699
10677
13037
1662
7240
6923
17954
10935
26787
26160
30041
613
22740
14964
13509
53
29947
12157
7283
726
15441
7028
20889
18840
6459
5227
13784
30424
23188
27478
25436
23775
1775
25790
24277
32074
26203
5084
32018
6366
15137
32179
28630
15275
25190
25631
19154
26624
9578
22795
24241
2480
22348
19178
17929
17998
30502
1717
30231
5974
30792
21862
22241
11171
16002
4883
11798
19161
24271
2352
12361
26610
14214
9492
15038
30664
27123
22951
26424
19047
12356
16339
3537
25563
16626
8522
28211
5809
30614
20542
12937
29993
16224
2663
17981
17063
18633
25367
1441
20620
15100
18108
23893
17103
6738
20274
26867
18259
32425
29849
4715
5936
4712
30931
8421
22630
31151
28119
16360
25264
16474
832
10943
1847
27352
8272
14957
10538
5093
14855
7498
12935
2645
16251
6292
3818
31690
27633
17975
24979
6461
1497
20237
19420
32764
17668
16371
4346
25318
25967
1604
27892
16321
32651
25095
31490
19842
14469
11979
3542
26569
30104
18140
18448
11531
175
32765
10389
23277
2270
12118
5154
29756
12189
3789
12319
24958
8072
31461
13758
12294
2883
11267
26819
26412
4489
1897
29400
13993
13377
32683
532
14272
16430
6538
20829
30947
3565
21098
24828
18493
18718
20415
27504
19203
1187
21060
20830
12933
9834
25858
10687
21229
821
31495
21478
42
11434
5123
26363
9462
14854
26798
8007
12993
14713
16857
19611
5831
24643
5385
17199
21575
21295
9310
24668
20476
16345
14522
3591
16586
19567
3832
11381
9467
28074
29876
9385
14398
4434
2695
21817
7961
24065
8388
10498
27251
10103
113
15891
28786
24216
30548
18866
12536
9364
20997
28240
27005
6646
27393
21479
14504
32676
19631
7171
4750
12170
16366
28317
25012
5821
7540
28498
32657
489
6238
26
6915
24642
21604
1981
29731
205
22162
17589
25449
24115
30137
5651
9551
