18 100000 159
28140
27839
25928
30203
25887
4456
18179
25201
3487
1169
9730
8426
30805
12212
14221
22565
15635
30369
5800
5657
18997
31300
16046
13109
10465
14072
25541
23612
10105
5790
27394
15888
14167
11790
11412
31885
20300
23061
11959
9250
11
10992
21936
30324
14371
5855
4497
69
25412
17759
23974
23076
19669
4804
15333
24694
27414
14039
20361
27598
5070
21468
21749
16018
28515
22349
27950
14316
31009
4266
18227
18947
20675
10374
10865
1343
26357
6820
22407
22200
4321
7255
25152
25343
1160
13084
9480
23868
5772
23032
16247
22882
13959
6707
8176
23192
32598
29504
6400
29305
10577
20292
12526
28401
3255
25605
27250
11575
10871
14642
1550
12177
9708
17079
28231
22009
21160
4903
27373
18395
17849
9789
30681
122
8381
6365
23805
5191
21618
28
8218
30130
25418
3232
3889
31864
25775
8789
21580
12092
13161
24876
29467
21141
18094
28569
23879
3839
22311
10368
26371
16506
25496
18659
5592
23141
5306
27076
31485
