6 100000 889
2670
18114
10466
26740
3527
5601
18678
19866
11462
4693
27870
32404
2668
31923
2695
1885
14161
20825
2971
30838
24766
25734
6287
30932
18238
10202
14181
21457
23977
25269
23757
142
9512
31240
4213
17864
540
10548
28520
6602
503
14625
21974
7479
31196
17958
19569
19353
25721
1539
9314
26129
2483
912
5108
25347
24229
3561
19897
22549
3487
14015
2368
29560
21080
29956
8177
26463
25898
24355
9313
26428
1769
10555
2865
25996
22279
29087
25629
11600
1650
11521
29972
23941
658
27432
31418
17103
24774
26439
20326
17964
27756
18787
17253
29174
29954
24855
23146
1340
5535
18819
20851
16423
10075
2623
1528
4944
6540
4686
20426
9876
22361
31907
4802
30695
6411
25824
25162
18087
27384
28570
31762
31329
8759
26534
17189
19923
9576
14460
4186
4681
31361
21113
7285
12938
3829
26477
27813
11075
32726
29421
2598
20416
29901
1282
10866
23646
3676
29617
9464
20913
16549
20053
13971
25874
11477
19090
1200
11192
11422
2154
7462
21945
20528
17841
32604
18230
16337
12263
30114
18373
1993
8519
25828
19369
12053
12717
28666
31461
16858
23936
28869
3102
26946
22848
7262
29361
25542
32356
1012
17713
14295
19558
23850
9905
25620
12249
20415
21624
18443
22409
13882
16962
14736
22466
30093
20626
31003
11173
9357
3737
8213
1941
11701
11224
30771
7572
16282
148
11585
24520
7129
6493
1926
26630
2963
3925
24307
23318
25508
6559
16336
22867
5030
28423
28323
3039
10004
22296
13169
12760
28486
1543
6705
14008
18337
28685
24484
27663
30877
7518
21459
25087
3359
23556
25205
21363
7591
14270
943
17549
20450
13851
2011
9152
25345
4667
20888
19855
12734
19037
19711
1054
19314
9515
20649
28019
1832
12392
788
30814
11333
4940
11023
15498
22913
5556
8313
7038
7516
22925
12818
32498
12290
31627
22044
14369
8492
17505
750
31001
18786
16641
6962
27109
26488
6704
21948
23196
10585
1278
17437
481
12043
30900
31934
13037
21136
21520
5589
25561
16303
4313
1626
28692
15117
4975
8116
1071
8638
11124
13829
2223
18115
8260
18060
21634
7619
29556
26173
26153
20215
23392
24970
792
29734
30714
12455
26504
28503
9781
18240
748
28664
235
31060
8256
23831
31185
6511
16634
32685
29565
17124
29337
3221
17870
16085
6902
20710
27067
11247
2125
17222
23847
27088
11258
7487
2607
21293
24937
25264
32270
690
25184
16215
24778
1264
4575
13653
22593
19976
28112
24230
24050
12423
5629
13648
25627
25411
6410
1679
5565
7636
9318
21763
22663
31783
18330
4565
18823
7949
14485
29790
11903
20675
4474
28350
15262
23216
14708
17398
18896
25547
18584
21318
28164
13061
911
30974
31286
9601
28652
22725
31426
12393
1355
22428
27152
20608
30145
10116
8762
5131
26816
20040
17825
8405
21221
18540
4536
1655
58
30568
6467
22619
6249
2303
21543
12570
1052
2088
29288
20482
21132
12022
29170
22758
28962
28082
9853
12181
10176
8714
21196
6202
12164
1723
7441
875
7900
15629
2589
4806
19281
6923
32170
22233
19690
6021
10112
18352
30003
29855
29458
1017
7391
3831
10910
14474
6077
9567
5454
8826
8526
24948
4678
32226
4084
1924
2363
14600
23992
29541
26423
24515
19949
29873
17902
32168
18696
25760
14924
16439
20424
20024
5602
4169
13031
29334
13142
5071
28396
12673
26633
1515
5402
905
29011
6654
140
22142
2324
26576
26667
10647
32257
25313
15944
16687
10893
4098
27726
32060
23245
22413
24114
8075
608
12550
22532
23271
24596
28297
10940
28650
23073
26679
19357
24429
23152
11662
15748
20601
27593
7278
23851
30524
24182
5049
25072
7958
16972
25951
26303
3297
13234
25990
17578
12268
1018
12949
28
2220
21188
28289
14955
13985
6816
29350
19557
1763
24028
27611
6439
21718
18392
9010
29292
8194
4414
28022
30212
7815
12044
10040
2168
31111
28070
6477
10067
2625
18035
14146
28464
19375
31818
12896
8365
26264
4757
15147
16925
31928
28489
17659
19008
22850
15145
9496
29510
21430
6064
9961
29704
13694
9832
19187
26292
17110
32745
21545
25608
16036
26154
20799
27982
17469
26909
22336
12529
4745
14423
20259
24555
29200
2943
30188
1758
1146
14640
23195
193
3434
12722
18662
16139
27489
29996
5002
28617
610
15790
15205
32611
31754
12193
4675
21153
17371
29213
21425
28321
14018
6541
4449
19405
15075
25484
12835
300
18397
26302
30807
12993
15185
22658
17546
24372
20945
6652
15615
26113
15264
3959
20556
28286
8683
5997
27918
5109
1752
30080
23869
14932
3753
28315
9232
6698
24155
14721
475
8360
30227
31316
24722
8932
1588
7882
30527
27830
10285
17086
14413
32525
19801
24041
10195
20783
4099
229
29152
3625
18132
13584
12637
22171
303
26809
5706
26969
11635
4144
14887
29577
31591
5994
28689
3878
6234
15881
17773
2800
32678
19497
13007
8380
23971
20222
20175
20072
10808
13452
26058
27681
7085
18651
6072
8480
23775
7864
25705
29763
20355
23754
23342
14606
1131
9676
5938
25423
30674
123
16142
29815
5662
13022
21416
14902
18958
28712
19737
1954
12158
5686
248
17192
29141
21659
21694
7605
14700
14256
28318
20448
28704
7200
32637
13357
14333
11833
9970
13064
3584
28027
10008
28296
16565
22741
22701
2161
12508
29309
19135
12549
7627
3309
335
20159
16398
29643
2505
5786
330
16279
6995
12941
15759
20315
7491
13337
17913
21015
14962
7164
20671
13261
16105
10353
19964
27531
29812
12843
21119
1637
24472
21098
24129
13186
23826
12317
21025
11342
24423
23481
30833
13712
24488
