29 100000 3525
32615
4296
28732
9492
24874
17738
13616
19704
32194
31937
11580
12853
9782
28381
17978
7830
1694
22980
19541
18991
7966
25754
19621
22861
18728
24553
22875
19483
19477
20020
3611
32264
16367
29359
17841
5444
2397
19311
13975
21674
31453
31848
23409
8698
23008
29848
6943
30231
9678
25640
30917
26519
2410
7438
10610
2781
5300
21363
10419
18372
7198
16534
27576
10265
24085
31712
18114
24288
569
11214
256
4577
8347
18893
4095
26828
24326
14932
23645
4025
66
959
28201
6701
4578
24702
15391
24473
12335
27383
22536
315
27296
23681
11321
5832
8033
31506
12160
16341
30100
24697
5553
20630
3307
17026
19850
23462
24774
1038
30032
5905
21065
2026
29033
14945
4720
8761
8689
101
21623
5881
31987
3889
8077
18947
14688
2616
7250
423
9636
21734
20820
30071
11467
23078
31858
10485
23493
774
11332
28480
14880
23216
15096
8921
3817
26938
23797
28271
11139
14889
9010
32687
4000
18069
31454
12888
14783
25805
29057
24777
24057
19148
9324
624
2674
24006
30927
4994
25167
32640
10920
3119
11888
25332
15068
12490
11726
17563
14357
14449
12446
17892
29408
5680
4158
12292
31030
1288
12551
23747
11271
1943
27535
21807
1571
31697
18548
29941
3901
20555
21501
26330
22858
25473
19794
892
7136
29080
18616
14072
25613
1129
10667
25219
29573
5368
8309
7832
8787
13470
3905
28606
7074
25688
25669
194
4848
27097
3363
4439
5920
27481
23491
32561
15588
18210
12139
12311
25207
7600
25942
24146
12601
20010
13098
32223
23393
23911
5039
18977
28188
19859
19462
3578
16975
20064
3847
27442
30796
1669
12518
30913
7500
29034
7598
16041
11181
29903
1931
2280
9806
27036
14994
6968
20780
10416
12812
22977
30741
24902
20628
20275
28605
3190
4039
9565
32715
30746
29707
26403
27914
1917
13489
21966
12191
24475
17137
10229
5500
2288
29798
27299
16078
21612
6500
13765
14916
20633
26715
8609
26734
29497
7275
19386
28757
2387
27950
5055
21446
10316
14095
23526
9916
5241
1312
21383
19225
20414
1367
28530
24091
11160
28721
3685
6480
28297
31409
7339
24272
12070
23654
21197
8069
26573
15527
9152
11288
22493
21678
6826
15086
7055
19086
9474
21293
14377
18148
15463
19210
32544
16258
31634
31721
16970
4876
32094
28577
3467
16194
13033
2267
8453
5181
10287
22970
7389
28692
27255
19557
30381
32482
26137
30485
15644
3551
10670
22866
23013
3306
15079
26065
2670
19039
744
2896
12388
1136
19032
30179
9342
11376
27112
31384
15095
22550
17552
27152
31317
3367
13955
28982
25479
15014
15212
11523
7319
19401
2669
17934
6492
158
29016
13170
9289
26853
6101
17036
5783
13993
14591
17108
7015
15149
3014
29565
717
26490
3878
10737
2910
25526
16262
3760
8871
17587
32533
32506
7594
19337
18339
25904
6818
11968
21468
5939
26278
2386
22519
17340
4832
12487
15651
6623
2779
19542
2690
24004
25430
7318
24896
25493
5912
29933
30374
13547
117
5554
31061
2673
22242
20885
7049
15382
16835
15073
23575
32486
12257
18880
74
20244
29288
20705
9499
1450
2398
16558
24599
23131
29782
22804
18624
23849
14819
27435
28484
3638
30648
5113
18932
16420
4221
24570
77
23366
12153
3790
29872
23809
29982
20762
9788
15784
9084
17677
22929
29852
17058
17773
7643
31166
18887
10836
13406
11680
9470
28290
3007
8897
26892
13255
7338
5251
13606
1008
14556
22441
17305
22045
13070
17867
666
6669
19233
26740
31070
8643
15166
16337
218
15316
24013
24984
6381
22326
4390
24919
20893
31974
23787
7202
7090
30619
20579
25835
4732
32695
10724
2100
22433
1653
13880
5829
6088
32335
4359
11737
20527
20735
15318
24472
10081
3615
6
17199
1962
19227
21196
32138
11533
447
18596
26337
8999
1484
24660
24065
25499
27427
18060
25737
21218
9822
2092
18676
19093
4250
3853
22043
28146
23235
22191
489
14883
19952
6571
12189
18193
25081
11887
13331
13005
2066
3772
4139
11995
27719
7789
24038
11712
22834
10073
11426
3682
9274
9533
23214
11668
18348
5946
26738
26015
18783
8102
13651
19715
14519
22797
15715
4607
30273
21013
2069
24041
13674
18912
8319
11609
22256
15584
1629
560
26305
807
28269
27693
8951
2149
8152
17200
16159
2767
31136
28599
898
24820
6057
17361
23254
12969
26542
6848
3836
25213
3863
32280
12377
17911
26786
10644
8399
826
24011
24253
16965
5978
5854
2472
7813
8465
11040
32346
20847
14773
19865
29410
25393
12886
32488
21805
6985
9099
17907
6755
440
31615
2271
31873
31576
32076
5176
7611
6684
4654
19243
6850
25020
5593
17808
16964
30987
16976
4648
30447
5177
10141
24567
17100
15118
4026
31009
24063
11092
22375
18490
992
21507
17453
10156
5643
2698
32255
14560
5147
26630
30758
31986
12624
3156
25956
16869
21172
2448
8736
11346
3141
3739
3000
24486
3058
11385
415
725
18242
3618
5624
8821
11500
18088
4986
21644
28714
12167
22939
10069
28595
8381
21727
25863
3576
26481
14634
10183
17010
25691
10475
11844
2851
11358
30111
31102
23788
10104
19765
4019
21230
32059
23017
11818
7960
8146
23424
14402
28009
14055
23701
10748
28174
30537
13843
27887
10361
32653
29014
13613
18441
1372
20999
11907
7391
16578
8415
17248
14978
5934
13152
5889
25151
31936
21068
20411
29726
32146
31229
14693
10863
30992
32369
20089
312
3570
5709
11446
31406
17455
28284
15429
27341
22227
10221
21878
29577
28291
1331
30114
3375
23286
23021
20336
23965
797
14649
18936
4430
14906
22978
22317
14018
3573
21263
14292
12519
1901
3137
10552
20499
12086
6604
20550
32744
17387
24833
4003
397
3822
9551
21738
3484
10884
3312
25623
12627
26949
11151
461
18437
13462
11325
31175
10138
4612
29386
7054
13491
15997
6133
15951
13704
7173
275
1471
30565
2957
3204
29865
19984
27730
13311
23163
8470
4448
11591
20877
28327
9841
21370
16896
15688
11017
12121
22146
16071
15168
11326
7900
30678
25970
4136
22569
23753
9503
6476
31129
9861
25696
13071
21803
28992
28593
13534
939
22556
21411
6254
16846
908
25817
7781
32439
10206
381
8834
31178
27130
24269
8732
2294
24121
31054
13713
15706
8693
9416
18573
30955
30120
19840
32626
2625
27491
7277
31969
6862
26307
15204
26383
25735
24521
21388
15348
25537
11173
23315
8682
31904
11311
13506
32102
8924
21202
6761
18366
16361
28028
11784
29039
7541
31037
15662
15595
15625
13425
17609
20305
20117
23326
2949
23851
13535
24233
8877
931
6158
1112
8886
4331
17687
4197
7259
21043
22359
31122
23240
11128
32751
22324
10974
21005
29216
32015
11087
387
23711
26145
6398
11243
30007
17280
24232
25019
27823
27912
24733
30693
30304
28076
18564
12948
19377
1730
21256
12517
25242
130
25389
28647
6887
23821
2993
32631
24261
15327
6246
4342
7797
25496
30421
30373
11299
18765
19097
17021
11330
17699
32717
32322
16168
1539
4862
8047
20392
253
2137
22775
31996
18691
24598
22653
5495
8390
238
481
23442
1699
21120
3162
25084
17723
24906
8141
11534
8945
3648
12810
8110
22138
21610
23123
19181
13911
12124
23685
12916
10832
24281
9417
25243
27363
18967
25767
15174
24792
18304
29305
22692
24228
31318
16983
32060
30332
32353
25746
4990
20840
20369
27585
14422
1477
32137
23313
8080
14257
1469
13624
31431
29914
20920
15942
16368
22072
15850
21183
25118
13524
4185
16286
8421
12526
21979
12613
21165
15729
26687
9554
11008
14404
27332
12253
3867
11448
29385
20197
7934
28326
10804
17473
12156
30755
11588
6269
8503
28679
18374
6067
15339
19111
650
14212
31088
1472
157
7765
14232
12568
23150
25
30702
14846
29301
16336
2206
17095
13504
13197
20875
23548
4740
31379
23211
13673
22759
16753
31357
1340
30250
21334
26996
28448
8062
23638
16960
15063
14149
27157
3684
13016
29995
4041
25697
15005
31594
10319
14271
13320
21740
31440
9412
12360
4032
25495
31296
29805
16526
20191
17325
5418
30225
19435
15105
30196
29173
9158
26515
11788
12324
7278
9506
112
1808
23422
8708
8568
16910
11423
30965
19473
31328
937
15658
29061
13480
20320
8588
10739
27399
170
22117
1711
5291
3345
12626
855
28598
8441
26430
1946
8181
19814
1369
8212
19875
29511
8348
10741
19403
18336
30594
20097
12728
3703
26018
6045
23308
11932
29081
6458
16851
25249
27986
27107
1157
24348
30933
7540
21289
23781
27981
27773
22525
3410
25483
4188
28023
17251
128
288
7566
22309
7387
30052
12910
11105
2056
22065
21338
31444
31662
4270
24933
31196
30492
19102
17377
2825
30234
24882
20599
23525
32721
11631
8681
8354
26187
21109
24958
30826
11931
31757
1804
13231
6932
31675
22744
16497
27393
22940
21050
9221
705
27923
3600
22974
6713
7976
16801
13338
10702
3142
13063
3233
9354
10299
30668
18283
24945
18480
30490
22988
8196
18179
30160
20193
4215
17020
12185
23516
27185
31894
5842
15336
31219
9054
27482
5698
10643
26903
13369
13194
32077
2597
14360
4338
12897
3830
31304
25276
6332
19851
1836
31400
9759
21684
27778
31217
28472
22950
2982
475
16579
21221
32509
21073
11938
12677
21060
25229
7489
31472
8342
3773
2365
713
18582
26153
3425
17667
27077
11863
6650
8168
10379
31604
27289
16068
15809
406
27020
30839
15054
9762
30319
10631
5869
14098
6026
29613
23679
32313
31959
25994
18493
8100
24916
21250
20000
25403
13662
11983
29442
20415
7148
22920
24304
8613
9480
19973
24314
30868
6008
5025
20324
20904
6299
31695
16728
14753
4594
9011
28847
15738
22208
30188
21867
16192
25303
7252
30000
15539
19646
30947
21516
20478
2339
29690
9299
28776
24497
25886
9623
24959
16962
17947
4332
26150
11982
26369
10903
23789
3104
20748
3017
12321
31778
19772
10239
4212
24002
512
24641
8433
16622
30684
9467
11219
8112
23890
14864
3720
28379
15272
20052
26214
7019
12841
32617
21594
5895
15363
19999
6673
14367
29991
6703
8067
7221
29220
20954
10963
27675
5995
9197
14543
839
20855
30061
7801
3192
28470
26998
32216
22132
14564
28641
27734
28552
27492
17417
9404
466
31032
24260
14644
19254
12701
4974
28003
24088
15626
25593
22387
28908
4384
21927
23999
16646
15932
16743
21321
1542
17429
1935
16339
2028
26978
14771
22790
8031
31176
18528
30939
30249
11986
3745
20512
12143
28115
11615
2826
17939
30563
26818
15604
21713
5915
4121
13913
13175
8589
237
15669
21547
26480
15754
13548
19
710
6878
154
13290
12004
20839
21557
25761
17676
244
19596
29394
30822
9407
25477
25610
8378
18692
25367
8679
18946
7511
7767
1435
21346
10243
32305
24781
1788
19423
21307
20360
1710
21189
30962
14427
8576
27392
7081
11751
23120
20967
19868
18767
6054
4075
11458
15691
26395
18047
14252
5242
5786
15589
13167
12316
27881
26533
27209
12001
11981
18055
1524
3461
6265
7188
20986
31958
20717
12477
8075
5461
10437
12904
20941
32294
30586
12753
21463
19211
29108
19910
29079
31960
12439
8697
7816
26425
23618
28273
22781
17982
26841
838
15056
18648
18178
30502
15506
21912
6851
17425
2712
1276
31728
20189
7141
28810
7107
27824
16730
10105
10622
19831
27646
10478
25791
2419
11798
27175
16161
27287
28838
26115
21139
5887
6496
11304
18938
3542
1876
28754
7033
19329
2145
1765
2832
10728
29979
15102
31645
29333
27807
10778
8944
29212
24303
17002
29651
16270
26752
13018
9619
18464
22294
2196
18833
30298
20274
14017
23891
28061
30872
27172
31388
29060
14201
2000
29564
12856
2716
29273
27931
20909
6162
16889
14448
9361
19972
9327
11647
476
16953
27874
3247
29954
29439
10404
4378
4086
22996
15211
29918
20813
16435
22588
26504
1234
2062
14105
891
6780
27057
6365
13799
22505
32286
22567
2977
6702
6890
16632
18500
25539
24111
18482
17216
2747
5707
18328
5052
27062
8493
6249
19763
1563
28419
30985
29185
211
11877
13293
27153
23677
31630
23667
15116
3045
22435
7532
18298
11009
6114
11884
32594
5248
17114
31726
6736
26288
12085
30232
20934
19082
20123
18970
14793
7369
15018
27710
3079
16109
9784
23205
19038
6838
22911
12704
13340
29215
5485
28487
15098
6772
11307
13057
29069
30005
19431
10708
21298
1362
26878
28781
10427
15457
4020
32157
16784
11131
24519
31288
22357
30261
18646
23850
32662
11025
7575
19945
9186
10858
17799
11854
16551
24021
25441
20443
8950
27412
22145
16780
18410
2565
9863
2390
2891
25257
21969
16206
30789
19153
32629
9801
30245
6466
6554
23594
578
7807
24830
12397
20175
28648
28372
21902
28805
19558
18084
7742
8730
7359
11275
10097
23064
23815
20157
19352
9006
24361
22407
5528
10225
373
32340
8397
5826
21766
30909
20286
15114
17740
9443
24194
15015
7667
30670
20486
21056
4724
8878
26239
30905
18571
21167
18458
3788
22526
29827
8885
7915
15546
23820
15252
3478
22819
26791
12633
8370
15768
23086
14208
7529
30040
20091
16386
30827
12690
2574
8645
26295
7762
15120
23004
682
1317
9542
17380
17860
17833
12996
21560
5590
12202
14631
32747
20570
14471
5975
22576
32708
9093
5795
8436
24425
2310
19167
1880
22580
4619
1037
30728
11535
10477
29758
3208
15115
14911
31371
5191
30769
7030
12263
26355
32282
25334
17573
27386
4401
11988
14259
28548
23587
13766
8743
17650
10688
10499
25351
19209
25888
8089
7509
32603
21817
17223
21454
15888
18427
11543
15733
28705
24975
22166
14919
32009
22011
24795
9343
27733
32017
19396
22339
1823
1968
17004
24517
16312
31562
18112
17382
10130
17702
9982
3074
26942
12338
31042
28540
16543
13140
14707
5884
6171
8583
21362
19429
11991
22415
13505
31040
10775
18140
2230
31752
20245
7263
15287
18792
21742
10430
20002
24736
15517
1716
13689
12154
31981
26397
17084
8846
26279
19426
9032
24658
6141
23287
25436
1984
25538
27927
31938
11561
8264
278
13578
11112
13925
12266
7231
24642
22648
18228
2224
22736
10395
11047
30185
20479
25267
28084
24532
31967
20489
14356
19051
28755
7937
11340
31426
4955
25203
766
28044
8965
6138
30686
2371
7233
11795
4572
29025
15640
30792
16097
16449
5940
25417
7460
24070
6859
28709
27159
21782
24328
25399
23068
4241
25937
5732
8858
30265
17245
29107
24413
30848
15652
23374
13999
18217
24347
8437
1326
21470
8173
3597
28189
14752
5807
1575
9381
17265
10952
30155
2964
19434
3986
14021
19882
4614
22347
15638
5186
7415
15828
20887
7985
18282
13793
832
14277
3948
5117
5358
28503
7677
6654
30433
13289
29990
592
3978
2612
19714
7548
18601
15830
2822
1859
29424
8543
12031
30600
6652
28928
25812
10310
29747
15852
16340
20726
32519
28592
2286
19890
14476
1219
26761
6013
23767
32127
5692
2817
26293
19073
8664
264
10516
19273
16450
19636
9487
7642
5333
24151
31741
9877
5994
6404
24333
1268
30247
24811
16609
4772
31051
11905
4044
9839
14577
20063
23873
27716
9103
9555
22051
7152
25426
12267
26411
5475
21247
7713
31438
12373
16054
9120
262
11841
14979
14383
21942
18331
6276
30729
25113
6693
25045
19390
28597
28896
16793
10713
21881
21427
25323
24978
24995
12708
13500
5269
1895
7374
24138
22966
29591
18603
20440
26105
27740
12453
19099
28331
8456
4094
25490
26924
18011
9245
21901
20843
32188
15572
6131
17577
25783
6633
976
18517
6330
19166
24298
14370
25270
4222
29781
4352
4730
17505
12672
1863
8865
14240
32273
11249
8159
20148
12567
9227
19622
26817
8927
20293
29226
11098
10408
2595
26335
24086
15668
32473
19775
31792
20247
17356
27021
15783
27007
20817
15787
17300
8741
21662
31098
22953
27452
6866
5742
25988
9650
2619
20277
4798
9355
6191
11170
10982
5011
22954
28846
31134
19549
2810
30765
32601
26367
15968
9157
24120
1083
26313
28562
15507
6080
7646
9521
23081
17535
6867
29036
15379
7690
16353
20824
8808
118
548
28993
31133
20354
9606
9778
11218
874
17774
19586
6908
23597
9307
30206
26422
14508
9279
7143
20007
2240
21407
25547
26847
9931
26580
15693
26659
22659
2512
29324
11207
10182
22426
17442
6865
17355
6218
23502
8978
16993
17029
31705
13903
5005
20038
8749
8427
12890
13722
15452
15322
21826
8661
13358
13069
15545
5540
866
7109
8059
4218
3885
30438
1130
31271
23027
24584
24262
7707
4842
19554
1178
17250
2323
720
6463
11714
22538
2830
10306
1925
26836
61
27462
19835
23066
23982
28134
28374
22314
6193
9392
11109
27025
12855
28677
2691
19244
2865
18029
15921
30804
26394
11262
9262
23088
1283
6408
2355
31082
26380
14736
19535
1606
18910
16746
19450
26994
22252
14742
4953
20284
7450
21267
25264
2025
4624
23375
8979
17434
3556
16658
19977
19734
3944
3458
29219
10879
9330
16124
2347
5926
20853
30673
2486
19331
13367
2291
882
5100
14214
19674
14138
15459
10213
16709
1357
27925
29054
14953
29023
12181
10921
8595
5572
19728
15649
31097
20858
1387
30465
5214
1179
16790
27128
27310
6342
9564
25236
8090
23383
26940
8438
7719
7991
29975
2680
7079
16823
10525
26407
6406
3235
9400
13124
14207
3744
27336
9937
28543
26616
19686
19271
15594
1588
11409
18523
6962
5355
20929
12573
21061
24217
18192
9176
36
13671
318
5125
30078
6335
11802
18781
11617
24388
21444
7000
20613
10910
4060
22266
24551
18074
28608
19640
27280
15972
6512
11559
618
31780
13726
31650
13373
16711
15495
20192
15392
32428
5272
10051
25222
22367
1783
6263
29083
15940
23829
15193
30568
2213
31690
12269
11601
7685
4528
9797
12790
21962
26151
5150
552
23058
32261
22725
9673
3622
28156
14955
27865
30791
31512
2361
7992
803
15562
5599
22005
13654
14609
31897
10947
19818
12475
28639
22450
13389
5918
32611
29085
9936
11366
25036
10024
10676
25048
2159
3083
3472
31663
19866
19283
7560
21464
31038
29282
12992
5503
28786
15034
12604
16059
7912
14931
12293
5956
12612
23760
14750
1973
4160
20529
21708
10979
16079
26002
30208
14603
30888
21207
14741
6297
20668
13648
26034
17837
568
599
6236
6779
30691
31810
9109
11018
13803
3455
26061
32012
20329
1161
18625
31832
31683
6110
11410
5808
17993
30964
16091
18467
25905
11013
4745
29921
32494
20761
17468
20249
17596
26338
3845
11034
26009
13645
7340
28751
2270
6282
12299
10596
9253
5618
18263
11648
30312
23270
22197
9088
3402
3775
2093
586
16607
26170
19577
12925
727
15919
14612
993
28304
2748
19692
25632
21282
7905
3315
18450
28127
31232
30582
21107
16326
21190
20009
20945
27681
23403
21964
26421
4813
7094
30589
4174
24052
2116
32698
7045
2229
25552
27008
31508
11961
11579
24840
14015
3146
26095
8037
32006
7588
10531
10925
16256
8007
20891
25786
12053
13103
19963
20578
23895
28717
28985
21510
1500
19852
17561
8371
3621
18455
23369
31151
14984
14210
18623
20881
14651
23406
9415
27911
19637
19063
14157
20747
20261
12559
18581
19294
12383
24209
8765
16397
19486
22622
31911
23139
25599
676
2600
8879
29393
7142
14928
22534
26856
7565
17125
5381
18281
1889
4393
17988
17399
32117
26517
13878
5168
20028
2446
2406
11604
11473
27739
5020
11923
9464
11908
20061
610
16364
28396
16376
741
13211
2155
11657
31997
5253
13353
24714
9071
28825
10018
1632
8053
25757
14996
15436
29082
11364
22893
4235
30971
6223
14296
26694
22401
3733
29597
1303
4932
14848
2164
8395
25968
18610
29465
32670
8234
28613
11730
24137
1158
11035
21080
29172
19962
20474
6042
24419
6936
22209
14504
19553
22750
3763
31628
8803
14986
25826
9978
2802
27971
16917
13762
13068
32664
13784
19387
370
14837
22933
5556
13840
30113
12171
18028
1683
32075
13303
28255
24180
29017
13982
6115
25245
6831
27356
4726
28054
13619
7967
3239
14526
11746
2544
16640
19705
2320
27976
8448
2130
27222
9579
6766
9890
16331
14927
17852
9960
7857
31839
17333
26206
25466
28413
22352
13946
12200
20713
20043
23431
31684
687
22888
8289
26012
20333
19374
12901
2545
1255
6367
2917
30776
32382
5069
31403
18631
22074
3308
16463
23260
25855
11835
28405
20531
15389
3834
2666
27307
1792
18270
11536
29804
13006
18569
10891
32130
26876
18489
20427
23171
5075
2098
28234
28242
15362
7401
16313
8694
17679
19228
9766
13446
272
20607
773
3418
334
55
1696
14258
26223
15002
22202
1515
7517
30459
22955
31483
29607
30954
10013
16253
15800
8149
28142
24311
12322
8085
78
21936
13473
24460
18960
8382
26069
637
18647
23631
6208
17312
13837
5151
16035
13123
16866
19975
14944
12433
10289
7634
17720
1879
29624
14658
32145
21296
12754
4207
5140
13518
18720
8224
29894
26040
22319
7745
12137
27395
3732
7271
32096
20736
26545
16291
20464
31692
7345
24181
21949
11161
102
9532
27604
15803
24106
32420
5810
5550
30636
3202
24168
5328
23509
22215
28869
9966
4569
19511
3294
28203
12365
18818
1940
6010
5393
10696
14376
9118
26168
13815
5570
30554
16699
12670
8955
1570
7403
26401
30396
23734
27333
566
21374
20830
8158
9076
31392
23952
9889
17122
8458
25715
20378
27855
15345
5521
21113
21815
28518
13755
20737
18103
20606
587
10223
10969
5158
17448
32349
2110
11972
6095
20509
23574
876
22732
23437
9059
2589
29615
9125
16755
26543
28108
19752
19824
32383
5389
2624
11140
31571
26247
9514
16241
24033
17968
11264
7555
2191
10301
11507
26926
31984
27973
15070
7673
21778
26449
26496
23868
12828
7103
12204
19647
17681
13718
28113
29484
8372
3736
27494
1644
9017
25604
10867
28528
12628
27199
29406
4248
15025
17815
32120
12712
9700
7952
34
22020
13545
6345
5906
16178
2973
9489
11955
7798
827
31206
31950
8140
31395
833
23367
10587
1370
18889
23874
29498
16265
24555
17111
17218
25986
2683
1915
30753
5385
8019
17649
31574
2962
29114
13738
26277
20866
492
501
29012
32549
15260
17656
6442
5452
15550
9322
4084
5141
25541
30539
783
27277
16806
27759
15388
25948
16612
3485
17407
