6 100000 836
30102
4827
16923
16624
32048
11576
29429
9555
29666
10970
22322
16544
5388
11014
9301
19131
8266
1799
28537
20448
13454
4299
22426
1244
26843
14360
30444
6149
11652
20523
11918
28655
768
30973
7473
15183
11989
3292
488
31065
28798
29115
28815
13500
10773
15846
1366
6431
10141
32537
28901
32737
9006
16933
16873
24828
13269
3336
4361
22749
2549
24988
9847
19923
11574
21564
4604
12704
11597
1991
14568
22710
6860
20944
30209
13196
28603
5754
2574
31142
23263
27079
22716
8079
29831
17633
20012
23212
14334
21025
24417
18664
13584
29368
3340
11007
7007
21753
6602
32270
13592
17953
19140
606
14141
28577
8507
32606
22593
10282
25191
24487
30127
6500
5537
12300
22837
26112
25589
21345
23705
25283
22345
18370
8803
5560
20432
15851
24956
21238
29556
30320
8919
10518
12889
7682
1523
30301
23876
27666
12837
8835
4020
11001
30562
32252
23624
24290
391
2497
6305
32189
25290
11221
10287
29073
21580
8188
20842
31833
11051
21649
6846
14508
6332
18625
19635
27302
18064
6667
6141
16972
10224
15676
21841
23987
6003
20093
3217
7055
28646
30997
20583
30682
24972
3339
21135
9531
3429
28611
27536
7718
19351
14241
3005
3220
30020
17557
19606
15061
14063
25750
31684
13226
19154
28791
15190
7468
31629
21622
11091
21129
14611
27110
31599
22490
28664
25111
6586
8514
16713
28393
11452
16866
23262
26320
17752
21685
27532
9133
13739
28965
21462
31032
5030
12930
11560
16030
24572
31417
7665
19785
26103
27719
11638
21028
12452
15648
8695
19952
2461
29616
20488
12019
26994
19769
22178
23635
5520
8034
12978
1730
12878
24853
12817
4088
29343
27451
23209
26425
22488
9086
27610
10485
5494
28044
27450
20838
2662
850
1516
26897
27444
943
25358
1552
10630
14726
23279
29071
6925
10539
12155
14581
32692
28649
18563
20801
13137
15098
32759
1227
28213
29229
4515
10165
5433
13604
19782
23511
30339
19764
17950
15273
99
31238
22443
24540
468
17233
24243
1610
8804
2858
27559
29284
13163
7738
17585
24978
13124
13784
5251
12864
21351
444
10106
1154
25599
18182
253
31665
7475
18170
3919
5044
10746
21072
13613
3388
27953
9754
8709
5937
7658
6070
27263
1997
3737
25791
1848
23533
32315
9983
26194
18121
30929
2429
25061
4193
5485
15885
13682
19056
14560
4075
28849
15174
3200
7629
3227
5384
6834
16235
13749
14458
16274
22050
22411
7148
5876
9451
29740
6826
2751
5760
30382
9858
26980
30120
13257
22371
21416
26784
27901
29521
23155
20416
13290
8756
6615
20392
7811
31724
12567
18621
31544
10713
24420
8885
7761
4821
763
11453
29235
3914
437
32071
1814
15343
12229
4546
16534
26201
10504
22270
11455
24705
5022
20183
31699
23713
15967
16710
2815
8703
8046
1364
15290
11011
27395
31443
28703
2718
19290
25566
24403
2344
27500
30389
2658
28301
21881
3055
4928
22444
26673
26222
8732
10000
23117
30589
14640
24919
10733
15165
11845
18442
6502
7161
12709
13004
27791
16099
29714
5821
27660
18074
24393
24013
3849
14662
2545
23365
21906
22052
25162
440
6129
4867
10016
26921
23213
28465
8352
4167
5446
9566
10489
23082
30106
26489
11367
2819
12888
30736
2516
28391
2224
129
14815
32174
31103
22316
24061
15062
30633
17541
18477
27073
20576
31543
10377
6157
22159
7727
20463
15940
2021
14709
6089
20132
25321
15818
25042
32133
20834
9228
27711
5584
16794
20199
5854
20366
7435
8591
21880
27996
2073
32271
21026
13991
14471
24620
14164
31587
28463
1903
16333
3936
31748
3187
17244
11176
5783
20943
26459
10184
19412
378
15833
18604
2280
6025
17552
21197
30118
15121
1281
16115
20561
12324
9050
24612
27048
2486
4514
14535
26031
10806
12251
10396
20893
30168
1221
13763
17054
21070
29767
31121
9695
1776
31173
24072
10882
528
19459
24351
8202
14670
28827
28541
17569
21960
5175
24696
8700
20955
25936
8125
23821
20297
5418
25573
16999
19175
16498
16052
24987
23931
25434
8529
8045
11237
31197
598
9354
27560
12295
9125
5456
17830
16647
28364
24161
29877
23290
30873
22105
21439
22298
13345
30845
20236
30268
3845
32487
2510
1849
27109
23192
6422
6430
9076
18275
19481
31321
5712
7406
2125
6833
11508
20570
23355
14442
20700
25391
16218
32302
28761
32151
31371
9180
30383
4562
11874
4521
9868
30059
25828
31843
30498
29863
10597
25594
333
13403
20311
31184
17264
23486
31139
30041
32490
5289
22334
24729
24401
18341
15370
10869
32353
7730
21113
2508
24740
17901
29276
1770
13950
25387
19714
12800
9204
32684
5532
14996
9850
28251
7030
28627
9
25615
7728
25286
21080
6723
27523
1731
30439
3
11986
9964
2093
15346
6336
10344
29029
25679
7804
12572
1534
3348
3671
28825
20912
21228
8595
31825
8383
20526
4985
9662
29059
24336
26862
20043
25316
32134
20333
5472
32659
4638
22425
10319
16327
14722
8722
18762
27446
32058
6766
6446
3338
10309
9524
10678
14274
88
8907
22823
17103
15948
17554
13635
4265
31633
2964
5984
27879
9535
17269
22002
11410
3244
15199
17430
8553
29551
692
23865
27254
15941
9693
21047
7737
32080
22715
30959
12
14066
216
19659
19280
29397
5081
