30 100000 687
28223
16131
11855
16913
25
25858
3706
21375
23906
32663
20556
4306
23438
27602
15772
17804
31934
1106
7516
28222
13316
25441
19245
22291
17803
27005
1626
15739
23750
30254
8035
6941
26612
8463
25131
8388
4012
32537
25453
18138
22881
4409
6838
22302
2050
13696
11721
18166
22942
14964
28445
25889
26297
863
29007
6094
13740
11808
19484
22110
20165
17153
6824
8787
17552
25239
640
1528
24466
1245
13720
12707
19797
30649
3420
28531
11991
21407
31774
24187
17140
22222
18771
26128
30716
19663
30203
8879
9643
6444
7540
8532
3309
28786
21321
6996
712
22831
5413
4237
3644
26974
14972
10699
2469
18126
21859
4121
29662
19946
7588
25156
3461
1042
15533
2703
24611
9537
18503
25390
32610
4403
15692
5081
3555
23842
737
7726
22454
22981
12833
19913
30540
23259
8091
4198
2807
14605
18232
24148
9690
20925
29276
26029
6906
10408
15794
22686
8418
1030
31680
16463
21901
21044
954
12359
4010
13577
3789
15881
1215
20187
27823
11659
6130
18413
3162
22710
16411
810
20042
17194
8672
23156
22953
19093
21834
10605
25656
16884
26833
10439
8933
31731
20978
13331
23218
28647
31728
12809
7491
17156
19989
2519
947
20037
25024
25780
24027
27707
2433
30807
16834
27796
16461
24828
15665
162
12041
31092
29968
12042
8493
4569
17013
20479
26956
25794
13202
7492
24320
16085
28300
32172
23479
30125
30442
21989
25210
30047
19480
8064
25443
7426
31880
4397
30667
6624
31228
21878
20892
32464
2420
13095
8941
4436
20840
26393
23296
18596
1979
8177
30033
3864
22956
1804
15460
6629
23494
3817
5521
20022
22863
15179
22035
17784
21887
5306
20673
7030
16191
25038
21496
21596
14377
18493
21585
31306
1225
27879
1961
9765
1546
20967
31126
15089
28419
11431
27670
4981
30298
12862
1425
18787
27818
18249
15918
3465
9836
45
3279
29569
13704
16587
17905
19129
23900
26955
30753
23658
28965
5621
5707
22705
28210
9609
27680
22860
21389
24972
6296
27544
18158
1861
14050
15869
8550
20202
8107
20575
24764
16479
407
20463
6703
31516
13506
28306
2609
6718
27934
20145
5448
7701
16056
16917
17011
5393
30815
21019
7619
8373
19202
31809
4806
25536
16028
20879
10038
19530
1882
5144
788
18569
26548
30942
17252
9420
19109
867
16590
25361
14497
9033
26130
24932
27711
25651
23535
30354
26835
30838
19220
5354
23388
19464
4550
25521
6888
1539
32197
17586
12245
15721
14731
23007
20618
15901
17072
9818
23375
2331
14502
6300
18583
19483
6847
22309
31057
9297
23017
24729
1146
30498
28446
28316
23500
15837
31935
17230
24366
9431
16603
27626
21224
5580
28008
941
6598
5140
30111
7613
21101
20543
7087
6635
23
31667
32322
22219
14614
4986
3650
13048
16395
7535
15271
18983
18769
17670
1118
28914
25383
14383
28770
8513
5134
31695
21183
3696
20002
22650
12728
4605
28646
18296
29738
32042
30372
18189
4309
32076
30961
7485
26324
3252
22070
2664
7456
8889
19331
14833
1531
9166
24681
17059
28396
32120
31265
13573
672
26269
12455
20646
508
37
23666
17330
23644
8386
10900
21452
19539
29753
16397
8579
23832
5819
2289
17925
12515
12619
326
29407
6257
21370
4500
12891
29443
24544
23324
13770
28814
10068
14672
27365
2838
15249
16678
1556
4117
8012
30261
14749
13082
13748
3524
16000
24049
14229
4568
177
16361
24757
27557
5489
12250
8288
7204
24908
29055
24711
14361
2594
5721
24251
13407
29102
1705
2379
20224
17942
3636
5363
9793
19774
3092
4920
12543
21415
27725
6013
8860
15008
7001
31786
23924
3406
10860
17173
4363
18752
20353
28061
13705
28599
16891
8073
15017
7997
17569
16157
30880
14767
10388
28803
8108
27743
30580
154
3106
5820
10463
10782
11049
12771
11858
145
19713
10792
31673
18446
9188
24523
28816
2690
5726
90
16135
12140
16288
20456
28621
24770
25994
24644
14127
17809
1113
18796
7596
21013
13285
6685
5348
18460
6221
20864
21827
22693
14938
15344
4783
15472
4293
3988
6377
14889
18590
11048
24434
20809
18847
10828
23203
5034
23392
739
14232
2491
19387
9914
1662
20321
3617
16502
5356
1942
18955
7475
12920
24807
22629
32632
25049
29571
9289
30709
8292
727
2646
25639
18727
29591
17403
17008
3952
