45 100000 5315
20642
29280
21856
9245
15896
19981
26557
10886
7403
31259
19469
2671
9648
10848
8852
29570
16354
27181
19473
29214
30403
10489
13861
20377
27000
8789
4154
28609
21504
410
2660
10849
23967
30441
1562
20226
707
2728
21014
32147
30270
25280
32321
27335
20428
11161
16575
27731
31871
27222
22192
30262
31110
22056
17017
2397
5764
16790
22478
11021
4343
31891
20116
31587
8074
6278
13017
4659
26787
12002
29814
29565
31410
22118
7809
32419
15452
11160
22764
30388
3242
16222
23906
5955
7226
30498
31884
21429
28228
21469
28541
6773
2634
1161
11108
11901
14195
17543
6601
15820
1589
28877
12228
15564
26815
8657
25751
31854
23916
20128
5719
17591
900
7929
22191
27579
31682
15492
31876
21597
14499
3755
1277
27247
22532
20510
13356
24193
32310
31434
28516
6999
24449
815
11573
6249
11209
28398
8924
11507
1784
3047
21724
17349
8954
18774
15468
21085
9581
9371
6181
30647
12926
22046
20379
13845
23565
1021
2064
19228
24139
18483
32177
21164
98
15654
29084
29168
11548
13056
31667
18824
22654
24555
28684
21924
13429
17014
2380
4804
15865
16389
20178
32277
24500
13138
1729
5801
13801
764
7487
26254
31378
16765
17873
22961
18764
27071
2506
26311
14370
6567
958
17577
30195
25065
30093
20702
28709
23365
19088
21137
27726
31256
16878
29413
32030
26405
7883
19391
3020
24281
28651
28900
798
3306
31525
13479
23362
30236
18987
24856
14173
107
28362
5054
25363
11822
1225
31467
21795
26013
27452
21100
26163
21520
15418
30681
28274
30808
24837
28145
31677
2904
952
8808
1254
6314
193
28368
5845
20985
31592
25854
21951
9447
13820
1580
10022
3615
22968
17192
19517
14524
1255
10770
3279
23357
23586
12429
7662
11033
25945
14456
27733
27237
11550
22327
11934
30520
3164
8621
5772
30908
7040
32544
24123
20747
2001
15879
3674
10410
23982
28836
10301
24552
27921
1266
4473
24230
14571
32243
6907
5672
4423
9303
4857
17073
28674
21454
12859
3561
20999
31969
22445
22475
29190
15940
8375
14802
10333
2597
2776
21425
29911
30405
11121
26695
10913
5776
13142
14997
7726
25044
19414
32446
19903
23859
5162
21650
5838
2986
26641
18175
12232
25527
16503
8054
13342
15143
31706
12613
23657
15935
4012
28732
499
11351
11387
21632
25661
26935
9773
8113
15152
22570
12559
3875
16622
21610
32035
13487
29742
17609
9930
26603
12350
14681
28990
377
18079
17415
16564
23629
19756
25581
15806
27296
2507
29886
31101
27593
31811
19287
27215
14705
25959
23693
9217
9642
11101
26660
11639
13521
1597
28233
9539
23627
31284
18321
3775
18954
31519
23283
23628
16602
2794
20665
167
15684
17381
8266
4915
28537
2026
9566
20831
26195
11523
31332
11274
24248
28587
12432
23095
18049
26531
27697
5224
1918
7717
26307
16497
23893
16408
26746
1336
20904
19653
32339
25382
24323
29937
22060
4199
9914
31450
3868
28081
2346
10365
27812
1618
23082
21315
5754
19406
18419
22292
15629
15963
19772
3603
7030
4660
14727
14897
14406
24020
4399
9195
20934
19605
11463
30960
13016
4257
14055
26523
20420
7705
2793
32056
2469
4305
13752
31863
6856
29552
29461
26018
3341
7834
32379
17491
545
17646
29635
10573
13586
9682
18868
17890
9538
1067
4811
30060
22169
16889
23530
7587
12643
4365
32301
11227
23104
22797
30867
9383
2398
25878
25796
4908
31740
20617
27694
30368
6194
11681
29599
17742
12869
24551
27583
29878
14197
1403
8839
3097
755
25862
29316
26975
15962
29953
12074
13484
16431
2813
30556
29272
30218
19519
23787
13300
516
25666
21644
6183
27229
19826
17549
476
15226
3297
28444
14018
30324
15583
5105
15999
23467
31354
15816
785
20725
13339
11708
28114
2933
7628
18466
27372
15578
7734
4606
10476
26929
29449
23000
10695
3977
28468
19832
31296
3700
11368
8421
30693
17697
17162
14140
17103
21123
12436
13203
9971
6003
12819
14161
28801
32283
13918
19579
22356
5809
17128
21058
15026
24809
31200
9660
19711
21088
27037
23
24698
19725
27167
24863
13675
2457
219
19386
3587
3414
20145
4270
18042
30502
8540
12470
11348
28730
11093
1699
6154
12755
26581
2431
18349
3982
7820
20975
15832
24621
17210
17309
1789
28903
4509
692
2306
9592
27109
17980
1695
9170
24763
776
10732
11559
6827
16229
832
20053
21057
24966
31604
19455
18942
23142
21977
26402
21368
9227
23758
1590
5191
18702
31323
17679
4613
15053
7140
21248
10736
17509
32127
13215
10819
28478
20596
4471
7194
29841
8908
27424
21986
1405
11998
23035
32181
3447
24668
13530
18514
13144
22384
4593
7032
27991
1477
4996
18385
23100
15495
20010
16233
20691
19954
20133
1575
7281
21258
23743
17771
2614
31960
15872
4741
4834
13876
13034
27684
5694
14450
15085
25126
21213
22578
16123
7166
7876
27799
31778
31169
28978
32226
7208
3908
25310
21361
4925
32183
4832
7893
21821
22305
629
6621
26263
5426
25515
1445
5595
14156
18343
14993
19700
9427
17840
23126
17925
27706
16614
12877
14843
20978
22677
9456
1323
20610
28504
10271
17837
20800
32555
583
25533
5642
7856
29715
8584
15392
10193
19026
9203
4065
29745
18386
16061
13149
16129
30215
5611
15674
5490
16595
25812
12314
21448
11657
9238
4698
9349
16590
27158
12241
24255
29126
11043
19972
11740
21300
27116
28488
29137
19876
19670
15357
25998
2873
5702
28218
30873
13988
7589
11278
22815
7085
19894
18518
27994
26561
20697
13528
3004
32738
19548
14365
4324
23935
27653
822
19202
21903
28115
2353
11577
31585
21301
28924
31971
28153
30698
2296
31524
2586
3333
9477
21451
1133
23031
416
13975
9687
4592
30024
15991
28552
30217
28774
28679
15580
13279
13627
9337
20376
25764
5546
9241
12247
19811
4232
20537
20014
3199
32148
7342
14619
11478
13513
27438
18021
3501
24471
22623
8472
257
9518
32720
31787
9710
18251
17041
22275
8475
12726
20748
7866
26215
11829
7168
7973
11964
11752
22751
5061
31968
28189
25281
12220
20784
7625
11261
32425
15441
22837
30718
32429
4888
7015
29187
22203
3214
612
32673
20654
4463
10625
28211
30683
27238
4668
10971
30939
9382
18286
8210
22500
4146
21331
9228
31402
21851
5791
21204
4529
22791
27380
6204
4901
23560
12564
3613
3899
18371
20435
3854
12390
29805
23761
6287
23973
20068
3044
12060
5470
28013
1080
9742
14109
22901
26841
25132
28406
32421
25045
15723
31313
7728
6653
11716
3925
18000
31773
22953
8488
22741
10153
19805
6096
14510
32474
22760
6145
13992
10681
18952
13917
27111
2059
13391
21535
25091
11562
26384
8929
18147
28832
8321
30047
17856
16917
14560
14582
18512
4080
26140
1386
15021
13933
7555
14379
27322
9792
4696
32236
31974
4219
21913
22811
26532
10018
21052
30857
8528
29242
14958
24521
5065
21091
30179
24448
9970
27433
14663
14944
19333
18339
11743
5703
28890
4716
4060
29110
17046
22007
19978
29870
28717
13774
28219
8961
17829
9086
18610
24805
29712
13529
23923
23150
32249
10717
560
23225
32522
16585
19851
9370
15828
11897
24515
5343
9389
20455
31252
18889
32293
14360
5748
10847
30627
21110
26865
4813
1432
19434
19736
7307
6901
26666
30961
21936
27664
8865
13672
3446
27763
27338
26553
18469
31584
2850
27287
12320
29159
24441
22086
23297
22959
18039
2902
13372
10330
25550
16611
18662
23212
28645
27493
950
22721
28294
17177
25625
22452
17322
28681
31755
5633
23535
26094
13516
17911
29215
926
19426
29378
3568
14301
28683
28522
14359
1845
26956
11785
17797
27772
24653
23779
29732
12896
19356
2783
21721
13198
23503
9590
30001
21526
31709
8822
5771
20931
1311
26658
12529
12095
19032
2483
4122
32102
18597
4519
1062
14828
3134
3069
9131
12120
14657
8773
7346
31361
13385
30773
2998
21289
7884
15767
31065
7022
30114
20736
23901
11145
31569
24794
3192
31851
21931
7167
15974
29634
28360
13282
16462
21987
20708
15797
4785
10904
506
1838
7156
6197
30265
13532
11046
2267
15634
16069
24272
15677
8082
17453
7207
25099
32651
25516
9070
9806
3204
10420
21521
30234
14626
11337
8001
16573
20701
22027
26742
32105
29352
26258
20632
10511
16039
9564
2303
4255
29395
13700
19197
26236
12549
32696
11430
11886
11401
22146
12297
4046
32331
10564
5765
32279
18064
23767
15928
7464
6134
27880
16772
1454
7718
29948
8141
20813
27876
23842
19989
7251
31115
1816
26415
8009
28213
2744
27241
14567
24105
12829
19040
9246
24730
29308
27154
2922
22313
31374
1172
14322
15479
11045
26201
17218
5617
31553
11304
179
30110
30
28271
32619
14461
26813
17708
9384
12537
32428
9639
29929
25172
5203
21867
80
31227
14221
14371
21922
4937
20643
9667
12903
7785
25069
700
10454
32300
20347
24205
12718
3764
7953
9123
5659
15555
29344
10458
27054
3635
9475
23638
12741
12943
8670
930
14474
16769
23722
31746
10797
17299
8358
29943
24428
9395
28886
18886
20399
32196
24588
32709
29147
12752
7376
19693
4864
12703
4275
17692
22329
19918
21354
16676
220
19709
29240
6900
10005
25263
23390
26820
3572
25165
21411
30570
13604
20427
22349
15824
21617
969
30967
26714
16348
18010
3559
14543
12298
12868
10296
16221
14352
27837
2867
15644
4191
6025
21020
4004
20674
25030
23701
27224
681
11763
23863
27618
17629
1692
15268
21439
3968
13577
18425
4934
4574
20980
29817
19612
9940
3484
8330
6692
17713
25068
24504
21312
23045
22065
13857
23136
27559
18972
2056
7964
22295
22319
25551
3623
25472
28277
13057
6598
23643
17867
24435
5225
7777
6084
5071
31596
4671
21434
19418
29415
31662
12823
524
7102
32295
32483
23247
30420
3691
27941
1823
149
5364
21298
21598
15471
26943
31635
16117
10434
19065
19291
27807
28282
24141
28704
5058
7076
27529
24163
25183
12444
20090
14036
12005
18674
8182
27550
12686
20180
30870
26352
20041
1046
30231
3238
27959
22224
14143
259
28007
32015
31724
1912
13284
11928
21522
9097
30845
6243
27129
749
25600
2218
20367
19328
702
1683
6285
12705
25336
20681
26931
3743
22685
13565
28415
17382
31362
29848
18046
8778
5053
30858
5679
7393
12835
11289
10250
10748
4439
22522
25532
26524
22729
22869
902
31707
2250
31500
3780
27473
19624
21086
28898
30293
15204
7295
13589
5536
2017
17935
22723
2247
26811
31875
4544
3203
11532
14468
24747
11709
26487
18040
11414
6363
30552
7115
30914
25113
28540
14980
17173
15565
9293
18359
12008
27258
23288
28188
13404
20137
9977
587
3878
28069
16150
15901
14776
24009
26735
8392
31578
25778
30170
24935
1894
30834
28523
6240
17366
26736
2666
10394
27658
25212
30203
29424
21022
30855
7738
22052
2456
6474
14714
26151
11251
28224
28930
11473
16279
7573
15932
5603
25960
770
13930
43
6184
13077
1503
23797
17081
12958
5656
12253
15201
25360
30312
12172
14978
18653
13131
11068
26135
24346
7840
10176
32315
22330
21241
15218
32253
16450
4220
8516
16459
24322
6255
26926
17738
32762
12991
10512
24371
17367
7103
19413
32498
28943
23966
11479
14397
340
21310
10165
9623
3173
1190
1512
5826
11985
16874
30258
13600
22299
21446
15856
16060
32427
115
28195
32689
16539
9810
29554
7823
21559
333
24692
3640
9745
6662
15165
8446
1273
7048
29256
29460
28931
18694
1629
13223
27277
16106
16935
28781
6982
277
26445
11435
21848
20816
23965
6981
8890
20676
8198
11575
5456
11734
29968
19496
29949
22004
15016
25883
8728
26530
7041
327
25734
6571
15420
24216
18711
10419
22586
17127
22946
182
7152
13670
12238
13793
26143
7912
27754
14033
25366
5735
19421
3656
19652
32535
4335
19906
9072
22373
23880
22841
703
6769
29852
2518
12651
13463
27454
15947
19601
21161
27806
20425
30220
15307
4845
27311
5124
11103
15505
9271
26750
5169
475
27283
7457
4425
2334
835
6792
30869
29353
25442
9230
12692
4028
6809
28567
26834
1560
15347
18223
7838
16385
13291
1108
22407
18101
31686
29390
21609
29423
28125
4623
9219
24106
18766
23421
24458
8684
17325
26460
29830
1892
3153
19052
18761
32556
8751
11771
9065
30762
3317
6146
25227
19045
18835
18500
17129
29981
31049
22575
17339
26504
10401
16766
5037
31474
24961
29357
23883
13112
18417
20979
3717
200
31529
21092
11485
31349
42
18453
18199
16390
14942
228
27232
12789
13293
3986
13626
29861
824
705
10286
28028
10337
16689
15625
16745
28613
7655
19793
4601
30807
6298
10926
20862
4470
17818
10082
26047
24000
9869
627
32199
12764
30903
32365
12333
25708
28655
23103
1297
6364
3074
434
31483
10245
7373
12020
26652
2337
16513
17355
9284
20649
3000
32317
3265
1078
23539
4559
11331
31086
19184
24207
4808
14482
22427
6226
18493
23204
14101
26093
17868
30946
28660
19286
11711
10469
32326
19494
28357
25
7675
10963
7105
10343
31828
5680
3378
20515
29485
30849
22662
1658
29175
10181
3036
28359
17560
23997
24416
20622
31603
8197
6449
7419
22418
22607
21540
4304
18035
19535
30725
19662
4735
23208
1020
29626
3234
24315
4254
9375
18605
10953
30950
217
22629
31331
16851
14777
2528
25348
7979
6133
3951
3464
2002
14137
13555
25027
23158
27708
12749
21937
16313
3651
25595
28313
3642
27036
5847
3322
13006
22580
20332
32417
21394
31560
14473
17411
11142
10314
19685
337
28146
395
23116
24431
14433
6905
23647
26861
30994
4140
23790
10050
1035
15939
880
17222
15072
29209
23615
4314
5877
11810
8148
32232
27683
6879
7603
32280
17310
5271
14275
28243
8479
31646
3076
647
9638
18486
31556
22981
23452
11645
1012
28443
26950
24946
22596
15044
23630
1819
9690
14789
28942
28664
3347
32062
10125
10322
29825
20147
26782
28743
811
3340
32656
4750
3790
30534
32625
6738
5663
28908
24278
13948
8835
24574
5102
7933
11110
3702
20297
30851
26955
3398
59
30548
16613
4048
30082
6335
28531
26071
9974
1096
17897
26252
13004
21271
15544
1101
2168
6460
21436
10495
18687
29221
4322
9319
1643
9578
2098
480
4800
959
16969
30113
23919
21628
27160
7268
5580
11834
8702
24196
23807
18544
15203
17567
916
9428
20277
21133
19879
23788
14793
8481
26086
21640
26105
21900
15332
16519
13094
11917
20731
13731
12106
2195
17853
22262
5046
4692
24918
22058
29763
27347
21049
26053
4709
20043
15093
6698
3225
19275
12615
15752
4031
10119
2268
28289
26177
27445
5315
1803
24903
16055
14058
16914
23633
12447
1443
18352
31108
13224
6342
8581
25420
28307
8946
18208
7434
30364
14417
2775
19999
22412
8307
25502
743
4531
1030
4810
10158
24582
7061
5555
16567
1614
10976
31228
29251
7936
20469
6086
13940
8438
14589
25675
2884
16499
31380
3979
17554
25574
26380
5425
8077
7313
2081
2661
1286
31545
9738
14585
4868
22385
9954
21809
3890
24740
28333
10046
18284
13182
28560
30573
12848
8119
31012
3915
29756
13834
24328
29184
14693
18204
32672
19875
11891
4897
17323
13978
2151
6719
5944
6216
31898
11458
7274
26383
10780
5107
8559
15945
17852
9662
32579
10281
32636
27852
10238
24864
12153
19164
32118
31040
27758
22919
7229
19622
6387
763
28861
21556
27819
30007
6852
25597
29062
15609
14332
8609
15579
25389
13927
6484
18290
7165
25972
24422
28797
9665
14009
18111
30164
8191
26614
1831
30306
30678
21290
8201
29621
32505
27871
10061
19445
12174
18067
7129
14981
1581
6694
27677
10210
20078
10994
23814
18278
11813
22034
17141
15722
5793
30645
16286
16441
21601
22726
20735
10741
6989
25833
10437
21870
25520
17639
10601
27021
29125
3521
9712
10984
9188
16591
31137
16211
17479
27589
5692
975
535
25451
16664
15786
11565
28451
2040
12334
13399
21132
5284
10197
24846
26448
4931
1209
13140
14677
2013
29160
29016
32586
18574
30991
7556
24275
6270
20344
2647
24620
27084
12387
2031
5205
13696
9552
29328
30956
6261
9861
3150
17255
8756
13313
1369
11821
28963
28591
4694
24947
7150
7994
13184
5740
30875
1359
18534
31417
15798
17164
19409
12693
20883
14812
30123
12010
29333
15219
32747
28184
26807
301
14661
1745
16742
28905
21201
32557
19996
24553
595
23324
23687
18747
2383
19703
30516
29538
9716
10912
22485
3996
18132
18540
7483
4361
3713
4261
15610
31918
25996
23002
1326
23784
17500
18841
30922
10679
1559
14750
8490
24394
857
29909
25804
24008
22463
26390
13347
16960
18918
26066
26707
6730
1157
30896
19239
212
19465
3888
7147
27841
31886
16721
24595
9069
15133
25408
15264
6700
9376
4430
2360
29739
20609
17243
13804
15818
18993
29498
7845
9867
16255
30402
29367
23296
23588
30800
19191
26860
28517
16177
30292
7477
31145
1295
9848
8442
29277
17078
4251
18365
1093
11677
9885
4149
1065
4819
5101
12077
17599
13104
23599
11872
30660
22137
23531
25995
29356
32120
6116
4665
1915
9835
15995
30767
2719
19865
24607
10973
2216
610
2186
21317
9126
15702
26169
23121
279
29057
32210
3482
20671
9699
16368
1112
17910
28276
26896
29294
23329
24715
11107
2662
12527
12751
20768
23990
26526
31109
9953
7802
6812
26655
15907
617
25793
23299
19192
23622
8135
10220
23290
18129
30993
22990
14111
22360
7077
8902
10049
31703
12425
27106
5049
5966
19587
5031
7471
19817
9575
28668
28226
14145
30421
8943
20471
14964
20581
10039
12051
17719
14561
22536
13828
5956
10977
31767
1513
19444
21969
17774
30630
3467
27702
24385
23251
334
6221
10704
17616
11075
25611
29150
2989
30624
27873
29989
1660
29727
18054
7204
18962
21720
1551
590
1974
12219
15031
15497
25981
4169
6564
16272
12004
11905
24702
1223
5808
20728
25204
7844
15184
27800
29767
14270
18745
3686
17405
17314
17896
31899
8853
11395
10648
1207
17019
10534
5549
25007
25865
22773
30578
28252
24460
5623
772
11976
549
20031
14114
654
26974
20907
5501
20483
30000
29733
2416
1300
13272
1634
14148
28783
8091
29003
17027
28446
27993
21115
26026
14108
16604
787
17903
26292
713
16972
1022
28736
2746
18809
1638
3490
10440
32713
21329
29670
20549
3993
16176
17886
19882
19835
7877
28032
8582
6899
17430
21010
22836
1185
22897
29641
32265
26006
20520
7146
26756
28258
14272
20176
4466
8724
30230
27030
29295
1748
28991
7891
1141
23295
4119
15602
7354
1116
2560
229
14395
31523
30713
2386
12979
1430
9409
4703
18557
9037
29267
12404
15846
15371
9339
24960
29772
27516
14317
18627
20505
20947
17410
12419
23547
13588
20016
9244
24493
1388
602
17555
17254
25048
20038
30597
11975
14321
10040
948
11916
12471
17318
2099
7572
24951
31308
17710
7211
30649
22216
18414
26208
25209
22336
17792
13382
6735
27348
31122
28338
12736
1666
21299
15252
22212
19353
22856
6442
17194
23191
32699
30826
11696
11879
21422
24145
17996
17454
6206
4952
29030
9084
12112
4390
28401
26315
21805
12596
18340
23626
16098
6492
4648
2050
366
30451
17881
10214
2160
19785
25021
30655
6436
29192
6549
15659
16429
10883
32526
31862
14628
29398
11057
30748
2368
15124
32082
20177
20730
31121
8895
5017
30103
6872
14491
9398
7135
14565
17659
18080
9556
13067
8444
9976
11746
13882
24596
17110
18917
4734
4691
17358
24330
27964
30730
24708
8294
16704
18508
19907
32345
2524
21485
5817
5820
27879
17872
23712
24818
21527
32134
32516
23054
11495
10779
25452
30505
15843
3085
18899
18462
15197
21763
29802
7071
14414
7799
16411
32107
22461
6580
29028
9047
14349
17766
2566
4792
10242
26277
6513
15682
2552
26033
21654
13294
29205
6631
31563
10948
13062
1053
23200
24655
1697
6408
11658
20825
22609
22544
26084
31043
21935
26088
14411
17060
20234
21964
7780
20403
9562
19633
29191
27254
13707
11940
6816
5025
4795
5815
20317
13886
10233
14481
20513
8568
26799
5814
1722
22857
6294
12054
28330
27982
30342
19938
26416
2130
6223
7571
10813
876
294
17363
17668
21593
31642
1622
23834
26073
5556
30219
32016
16803
31528
16004
30229
17362
3146
25481
25032
11002
7047
30907
30193
11633
25356
3140
8717
12152
14992
29649
1657
17419
4123
2585
4689
3690
7049
29900
13243
27863
20301
29465
27330
8818
30919
384
15217
17751
7942
16316
9554
11780
1482
15857
862
27857
271
24025
6423
18546
30493
17638
29804
16825
9478
21408
26590
26529
22933
15022
5788
28022
21866
30795
25269
27359
22999
2357
11682
26849
16845
25580
32657
18475
8474
26275
19744
18697
8707
22927
3280
28583
6767
460
14985
27261
23759
21184
10674
28875
18433
20680
13715
14936
2206
20634
29639
15992
21415
2750
26571
11618
32736
18452
29044
15285
25673
20431
21045
22109
8965
7967
14758
18209
24623
8532
9979
2764
30895
9142
20446
4825
27358
17753
9865
22789
12225
10056
18782
29188
17185
16464
4570
4061
22070
21976
24647
16304
6731
13388
172
26355
23413
5185
3843
796
17391
13287
22756
17283
16050
26899
10000
16451
10203
28217
16474
10764
790
8505
20023
20012
11292
26566
9760
20464
1746
7742
4394
675
286
9743
18255
21280
1882
15743
27619
9727
141
13002
28869
30491
3078
2711
26126
20525
10090
23714
2408
26100
1651
30702
10787
32197
31593
5914
7533
21342
20076
23741
12103
24314
31555
9702
26038
24461
12664
20891
14068
30861
1468
20394
2784
6058
29781
16695
24896
26389
21947
13643
21191
20103
11266
23071
7691
18799
30160
4677
26691
18839
9004
28152
27385
18834
23843
11207
10494
24716
13409
17065
21194
16370
8327
30983
29386
3733
31266
14442
23983
15174
15425
22683
941
5344
3479
28095
246
32077
5912
16049
10240
30927
4168
1519
14550
27248
635
22642
30336
18849
5187
14166
14617
2846
356
11578
11119
4836
16577
19636
13237
3371
26286
13805
6853
22149
3881
23465
3284
26044
21450
28071
29547
13334
10798
17938
23509
21625
1483
22029
22222
14136
27403
5853
31481
14528
26737
17266
21574
15709
23449
45
20426
2156
14336
26724
16025
26479
20616
12480
22572
12855
9354
6060
6935
7358
15521
22885
21766
27127
10093
12514
23942
24782
20633
24593
12448
2448
26041
3144
12385
26519
13835
25762
5206
21530
29339
24259
12104
19495
30809
8139
28592
28777
13576
18307
22655
26246
25545
2526
15352
6379
11494
14801
1302
11059
26589
30738
21149
18076
29935
27598
12056
7892
4371
14797
13811
30617
20164
2015
30378
30151
31242
25840
29007
19035
24241
16415
2305
27137
20594
23346
12269
8947
15748
18516
30346
7995
22280
22574
319
9378
20772
10879
19428
1904
11686
8287
21699
14987
14228
23030
20585
26379
13888
15130
431
27543
29957
767
30789
18882
28485
6000
18380
8154
16234
25669
18093
5330
24237
9168
28855
22894
11852
29031
7395
1024
18919
13568
9696
17258
2173
25868
12936
12398
8067
15585
25340
11237
19538
7336
30735
15717
18596
17763
24826
17571
564
30524
29134
28182
28744
1352
20157
1951
9085
9673
21357
21311
11422
3293
9115
17538
24777
14452
2782
19196
4823
15577
3453
16505
17271
6405
29973
22939
21557
21187
18015
15871
6117
26913
27319
4779
4807
13108
30723
19966
19919
15225
21517
4816
21274
18205
11522
3963
7811
24234
32650
12893
3159
28500
2615
19755
30572
11140
20002
23005
31917
22229
3062
29532
12997
22308
5701
8496
19029
29916
19734
21481
29064
20690
927
25744
32213
4474
1902
26096
677
25539
11955
18752
5636
14053
8339
18197
21113
31113
6093
29624
28491
30893
20700
6303
6893
689
32125
25352
3847
16324
30541
13036
18224
31136
12426
22777
16224
7752
21642
12395
31381
13784
23437
29372
13310
14190
24258
2624
4231
19925
19499
605
7775
31910
17804
30039
8683
31045
26922
11447
22083
3678
9017
11122
17689
11802
1307
9779
4184
30280
7244
5423
9312
15117
32191
11488
19449
5393
19697
7745
19500
21999
31475
13788
26228
2752
13185
14347
21048
14891
16979
20779
10219
2232
5705
27613
5965
29442
573
6411
20894
24040
28858
68
17463
30651
5525
21553
21704
31527
13158
18172
18794
27917
24657
8944
28078
31934
11784
28713
12310
23828
20208
24859
6737
6271
17077
2088
29116
23325
8089
26388
20454
24587
3592
3536
21695
14126
14537
4548
22304
1404
1632
8938
12945
28624
13671
17887
19411
241
31112
1413
25384
3077
14721
4955
562
14870
4228
8548
12158
22564
11453
10993
1790
25814
3947
6421
7155
12528
19148
7355
10804
16750
14040
21708
27132
6831
10856
12249
17209
28911
28847
23836
10959
4991
19704
21514
14845
28136
13760
14887
7315
30837
12675
7125
24103
31224
26396
15870
2039
31171
992
5262
15522
10746
31497
1570
10878
13406
1826
25739
20535
19288
4639
14261
14384
4330
660
23803
25274
19242
30537
29359
13471
27243
1449
1524
10131
30818
29078
21798
19881
19031
9624
26739
13536
19586
18375
2219
3551
10348
20441
7270
2976
5578
28264
9703
24719
24882
27425
30511
6797
12367
9332
22573
32323
10293
4172
5587
29654
27639
30223
20994
12592
16873
18236
9704
2007
11922
18334
8236
32524
14249
8056
32646
1381
30686
12352
23928
6286
1578
14038
7740
29293
18025
9985
4020
4953
27168
29706
10418
23578
10160
22511
4533
9329
30760
19572
32737
24575
13024
22244
21343
17208
1781
32562
23032
6741
11449
12195
23862
364
5317
3354
25105
4682
11385
1893
2829
29162
17215
32570
6391
14517
10982
2075
14222
21897
10379
22496
8854
30165
13965
15598
4207
8105
12175
23981
3334
11412
23083
20121
20049
25716
32211
11420
18480
21228
24494
24742
2171
20449
4796
2208
3987
29350
19822
19969
24886
24829
2074
32688
22849
9951
25955
9247
27803
1861
5111
8966
10069
10287
31406
7245
29434
31134
4143
2708
31728
24636
2613
20734
9514
17251
23770
18956
24349
9964
7999
65
32565
17446
11653
26698
32554
4728
6275
28830
18323
30422
23760
29072
10188
18219
8534
20444
28782
11861
23127
32096
176
5392
12525
17300
26470
22397
839
22641
18726
138
31267
15965
12793
32641
27059
7906
7335
32727
6607
24190
9351
10164
5898
22106
18152
15480
27916
16872
11902
4005
22374
25489
1925
24055
28596
13618
27108
31014
27944
4568
12796
11489
4566
30582
17698
11864
6916
29179
13426
4359
27459
17716
5895
24611
25538
13964
7005
26008
24222
276
8208
4348
26667
17161
2453
17782
21749
3751
22859
30710
18595
10628
10503
21442
7741
21003
7493
21173
20915
25290
13425
21813
19280
317
20259
8419
5930
10752
19096
1509
7965
1274
1875
2025
21833
11944
9236
29590
20219
30209
31700
27052
24800
28010
2837
343
21397
14479
32642
23236
11382
18934
18725
28529
9102
2129
3922
9107
2625
14718
26992
29225
16642
23522
10631
2348
20250
18170
16709
26176
11687
14858
3055
6739
6886
7413
24768
10900
18037
12134
15247
3886
18086
28319
17662
6965
15688
32115
30066
23778
9894
28828
8267
20268
19732
20368
6497
22599
29614
24592
16421
215
13693
26997
29103
20921
18091
14686
8625
9226
23808
32012
26403
10791
32533
30798
26289
21367
9269
2061
10714
24204
31953
22947
1279
29416
6717
14194
21780
22139
21767
23992
20661
397
13102
11747
102
15073
25265
25817
3669
989
12747
12700
18312
25677
29317
18075
8124
1577
4111
14224
13766
954
21004
28841
25189
7399
19458
24581
24442
8564
28019
653
27236
8983
21349
2797
28343
9259
15207
15249
17833
4523
24213
31149
6166
10737
9234
23840
31336
4973
27414
8300
25365
8342
6695
15754
1708
10808
16964
16186
24602
6968
26663
37
24455
31702
7469
27536
8378
12178
5195
468
20286
6562
19913
6173
10790
24539
31893
21615
13633
31416
6635
3344
10939
16016
1703
2687
7671
13194
8468
25217
14188
22438
20299
14720
12503
3828
25567
16116
26027
2948
22075
12504
31902
19319
27977
31684
24904
22767
17338
11558
14484
27087
1084
13417
12169
21023
1376
10308
26207
6368
13249
12344
17849
8007
11644
27046
17496
24409
7275
29009
8152
29004
4056
4949
2404
18748
29082
7939
23998
2034
27340
9824
28215
7506
25279
4370
3749
6589
15937
5870
12679
478
23926
205
27582
26407
27252
18008
13311
28367
26710
17272
3520
1723
9981
2391
19566
3355
31236
10536
20737
8293
18846
26971
23662
32680
9143
23976
25968
18501
27972
30535
6953
4821
6347
19240
21175
8192
10967
25255
26901
25798
10291
20640
16031
8394
22713
29249
995
26497
13216
1895
30089
14990
30118
9765
16856
1290
15474
19022
789
23669
11371
7416
13064
8500
8402
17441
31205
12048
20963
14894
12105
988
20953
31144
8765
24146
31696
15303
24383
27202
24703
29025
26876
5218
15628
28361
9374
14911
13331
6214
24792
4037
20741
27853
16881
18200
16569
1612
3608
29992
12084
1440
22158
11363
924
32691
23655
9569
3666
10853
12807
15440
24618
6509
32480
25927
4407
1227
20847
29287
24737
19757
26791
16282
2032
5997
371
751
22744
8964
21916
27083
24338
32668
13519
22804
7334
13546
22877
5645
27612
13741
20276
27409
3320
5278
32493
28455
8985
31413
28996
11452
14376
10823
19282
25231
4577
19556
10722
22136
10633
9691
32373
32327
15968
15369
15516
31613
15589
7681
30301
23047
20414
32053
31669
15423
10781
24232
23731
26778
25270
2005
1591
30486
26673
21959
16999
31364
28708
27704
20773
10115
25689
17806
24420
31879
7983
30095
10269
20588
22361
7724
760
9434
27382
12822
482
3523
21039
31371
25668
2107
27980
19563
22341
6361
6409
26645
31880
14680
30782
10719
9157
2078
30589
14927
15711
26806
28957
18513
31732
6033
27453
20319
1768
25569
2424
11403
32380
14578
28073
17601
12951
22000
7357
28038
24570
3893
8008
23746
13281
9304
5234
28573
32525
22978
28484
20232
11667
16161
2944
8825
1825
22770
12483
17261
12184
11738
13230
5201
907
23744
25476
19374
18108
32195
12947
12788
30119
15825
18604
32756
9822
11362
30410
12140
6182
18504
10792
5075
20018
27846
19338
30584
31888
20573
23794
21757
15426
16373
3219
14464
24158
1074
19660
29556
18897
29441
13891
13591
18295
23499
6556
31423
22898
2699
25216
21188
2738
20627
10805
13920
12717
12252
7918
22842
3692
26257
8550
31031
1396
20919
24629
22634
5174
9485
12558
7783
20570
8903
17228
15209
7029
15681
10377
10644
21486
32593
15930
28607
30351
5072
25861
18362
3735
6433
17010
23438
20
26754
12543
14951
6337
14522
31317
14211
23820
899
13196
20383
8892
1677
23730
24609
12006
19303
15772
18468
12043
30259
8206
24165
8368
139
22871
25620
7285
7348
13001
951
23205
21754
3578
26539
17444
11303
23776
31658
7924
21407
26828
12901
16558
2344
30942
2619
22104
20809
32681
8476
26000
2439
31619
9573
31089
22633
21974
6453
13570
7372
18700
29260
6128
14061
5474
1390
7723
21295
7660
8343
13095
28128
24173
15641
20269
26717
13719
6732
12780
17622
30161
16199
14478
9600
12468
14746
16791
20363
12452
29508
32541
21647
14587
6864
4882
7233
21819
26697
3852
23182
12653
1667
19233
28714
850
15104
26220
11183
12622
18634
22923
30476
27465
17148
19990
2821
3428
20839
25303
17439
31369
13635
14460
3765
4116
26341
24187
7096
8800
15154
18012
29385
13288
2987
6098
7186
25467
1914
15692
3127
21735
13860
30189
12519
20172
18228
363
6828
28925
20371
12956
13866
26809
15156
2763
21400
4767
18760
7896
24522
19603
30608
27623
24456
26748
30717
10074
1498
29373
32621
8522
16262
19362
9172
30731
9938
27674
19942
5389
3289
1508
28240
8746
20714
5985
22123
28127
20334
32152
20695
32333
19549
21747
2263
6790
25338
12093
11191
2474
15334
24754
7463
9541
5602
28682
20184
7643
1458
22562
21270
2021
27894
19364
25059
11482
27625
20487
5194
5016
14798
31053
14269
2319
23516
3215
14283
20212
11323
25446
7287
991
26142
7917
18655
20434
15626
9545
9347
14290
7439
30461
30729
25546
24985
18801
12744
32678
21728
28393
20657
3269
26610
2778
17799
16405
28160
2029
12847
14026
1856
28773
4754
12366
26870
7997
19289
19598
7278
18704
19910
28929
222
1867
8661
27114
32739
27178
10583
23409
7930
32518
19580
10226
4982
29388
1734
963
6775
27645
12919
16097
27450
22206
19352
12349
30297
7401
26077
32003
14931
5778
28410
993
23220
13371
18404
2591
6043
16311
22769
30423
28612
16133
10989
7070
8298
10908
3609
11874
6696
27344
9499
9410
23345
2192
2762
11911
23303
2980
27477
17950
31427
29334
29754
32377
32711
10470
13041
18034
18217
23955
10325
26498
12254
30121
9431
28685
17380
14312
19215
2975
22942
22606
31018
17755
14262
2957
20548
31448
16706
21712
13109
1397
2959
7462
10655
6316
4749
27937
31055
6944
4100
27073
3106
1878
25743
30196
26219
5269
2414
11061
16183
23274
8359
3292
30953
10820
11219
14878
2970
31175
303
2838
13767
32742
29480
20937
21774
1886
7903
27035
7584
7034
24879
15126
27985
31118
8883
360
25636
27187
19502
6485
27249
32610
8677
30446
3589
32395
18847
17764
16869
28052
16523
6990
2012
1250
20528
8536
4580
20264
7054
18214
335
28306
10801
6291
25920
22704
19186
19355
11723
8106
25913
17603
9014
15532
4730
4224
19891
23848
686
3415
30406
591
18395
14787
451
406
31849
29286
16281
30547
11831
23704
18638
18756
12413
3080
