9 100000 6618
18054
21107
17780
2930
10496
25369
24560
26905
24201
19294
28389
24239
2998
1778
184
29743
25947
17581
9438
761
25165
23450
25663
7231
4658
3148
3330
23168
31776
7446
4021
8411
23256
4083
14382
24817
21767
26215
1101
31697
30039
28971
6588
1934
11847
20974
29521
14006
16307
26112
27818
20188
19715
8172
6164
6169
11167
27532
28204
12887
29211
17001
28876
461
28588
8560
32637
27419
10789
8233
27949
16148
19262
8583
12198
1178
966
9203
4463
21871
22470
29781
7468
3304
811
510
4770
28987
1274
29734
9695
20015
24778
6421
11814
17983
25860
19213
20553
17993
27663
3246
17617
20879
26876
26219
521
12915
10114
27997
5470
25132
9207
30957
2222
15872
6977
13821
11822
23083
9658
16872
21966
25308
20428
17491
30300
8787
2804
31575
2648
26093
14966
9553
15791
24770
7800
29647
31204
4188
25256
18682
27411
22667
22169
23021
25138
31567
3226
19782
9766
22176
30212
16592
20141
13453
6627
32486
7157
7119
23832
11717
21450
20532
12748
14387
2591
13290
17845
4051
9284
22661
17144
15621
18068
2673
32166
24732
11976
21741
29140
21928
26529
9643
22062
16787
16164
20261
5032
18522
22412
12311
27988
21399
29011
1551
5284
32487
2258
18436
5312
26994
14621
11027
27933
27024
28702
31435
23487
32356
17304
13957
28979
15555
17940
8780
13517
10218
23683
6616
1708
18675
3811
24129
24937
1062
19877
16991
19981
18657
13208
9541
30796
2873
19150
25380
16236
4772
11891
10834
6509
31329
31744
24036
4505
10098
30150
30055
7413
10180
28750
2920
13854
28810
27057
10514
8575
5134
8708
26195
31700
17661
31570
25797
21103
16438
32692
29482
8248
21410
15590
27758
4215
6577
24225
18366
26841
5069
21404
14232
15616
18725
32668
9205
26568
27324
24523
14539
25766
22537
22313
25572
25204
8387
20535
13291
23171
17648
15519
22142
31874
11426
9609
29741
17824
23303
24690
15919
3876
25233
14454
9452
11359
10003
18409
15578
28894
21445
19000
2048
22000
8175
19994
23706
4656
24876
28288
13154
32215
8279
362
4602
3464
19145
28554
7327
11019
32274
23711
2420
30482
14764
18207
30318
22084
15463
22811
13661
13280
15128
5229
7503
30818
8791
914
27396
1849
29588
630
16527
22381
22861
7593
24750
20522
3598
30768
26661
29607
9013
14079
19112
24744
4916
18747
29968
17711
4815
9357
1305
22524
4946
2727
30690
31618
7143
600
30925
25733
30646
3092
32159
9588
8330
29144
22095
7362
19907
7217
11428
3606
18222
25734
31318
23702
27496
30336
29436
4343
32309
18109
10024
28474
32437
9780
18593
10689
286
19312
27561
634
22466
27552
25003
17959
515
6263
3188
8335
11276
9212
3831
29598
21785
2017
31144
20234
13912
13126
11823
25741
5019
12663
19173
31997
19392
18225
17215
16323
13988
6659
29177
18046
10818
2892
18766
5109
23654
3601
2110
9049
19921
12243
17529
1668
4724
14465
9807
28666
28316
25961
15614
22814
10568
7336
3223
25826
11485
9985
20040
5226
5762
8477
3843
2102
31051
2161
22522
1544
10980
22923
10017
25623
14885
16616
8994
6938
4934
18695
18380
17362
5836
26874
8438
22287
5028
18767
373
9554
23748
14920
31855
29229
29268
20762
14924
28164
12997
16662
26736
12342
32430
2639
19930
32051
22187
4693
17305
24887
11045
15413
21930
25055
20384
15966
19363
27774
15981
15890
5346
10374
7917
15122
30844
27132
29425
19129
23467
9712
1756
23945
24851
27838
5097
25972
256
20025
10799
1862
18329
2124
4687
1128
16945
7239
27290
26708
16238
29332
29072
9772
1167
25849
13660
29392
32484
11441
1138
13671
2828
15340
1783
13520
6688
71
19519
31026
19031
28624
19053
29965
1823
27957
17395
807
1912
20579
24834
28609
7196
16660
3627
16388
21068
15438
13728
14642
23496
9201
21072
30713
5061
31190
1859
31828
2798
3352
27474
18563
28805
32071
26268
18611
11735
14230
29867
9581
4005
14236
11192
12179
28638
30441
10843
4359
30705
25494
3961
24193
26640
12720
27868
32630
4348
1025
20422
18121
7589
12025
30533
8036
26341
26754
19391
5081
30712
30538
29389
1139
8468
8840
20269
9842
3117
4729
10437
768
6215
29723
30672
11554
6737
31896
26586
23668
302
22388
1407
30516
17550
23532
5082
19810
10655
7294
9056
6259
28693
4573
1594
31460
1644
4308
30167
30436
13637
18158
25346
22257
29575
18024
22079
18441
5272
6507
30128
15321
29736
10505
18647
24796
10625
19514
348
10327
16983
31164
27093
12247
5281
3237
17208
10776
1897
16190
1724
25909
14268
8291
10552
21648
17334
12578
4923
25223
13411
26380
20981
25243
5901
7851
11398
31851
23652
16722
3777
24383
19152
24030
5406
27091
22659
8294
20729
13246
4004
23278
15537
4942
16011
8645
31143
4214
31042
29209
20712
19486
1375
3585
26027
7770
23010
3074
29055
27733
7757
3527
15481
1617
22751
16345
27787
21131
8337
19539
26826
7497
27906
8558
17828
25044
1476
21898
20829
8474
6930
31668
18970
6075
22780
8763
2452
1915
12494
17229
12842
16113
32060
20767
29433
19910
27830
19074
12532
13499
21077
11234
13809
27844
1630
4338
6778
12933
11306
26599
15903
26543
27577
30738
15815
22061
12166
32182
13038
8307
6967
3170
26575
28029
20334
115
3714
10960
31862
7385
31622
11673
7062
24838
27904
10005
10325
31055
315
15342
7484
7500
21726
6430
30092
27020
17571
6622
7499
4731
29776
22784
11270
17534
16326
23885
4238
22902
25879
22745
20488
3664
5403
17056
12781
549
13636
9691
29058
31878
21693
15048
27994
28059
30247
1123
17363
23735
17308
29727
14568
2547
22216
7587
22779
19631
22686
6428
4167
5165
15139
9527
8588
250
27530
31626
21257
28914
23134
23679
18211
20129
8240
25166
13593
12324
21002
30339
30166
3944
4081
17822
8725
11716
14588
988
22946
25924
22223
4429
16509
16868
29791
22453
26266
18124
15026
32132
17826
1031
15931
22655
12469
16424
16242
15246
26745
13816
23751
26490
28883
16382
22226
68
23507
26867
30142
6380
8347
4119
4456
25039
3122
5679
13877
29245
25614
20970
6706
13797
26663
13742
447
29595
5970
26156
1103
24957
15269
9641
23332
6
6849
8614
25216
4581
21115
16125
19831
26154
28907
961
3927
20782
686
18385
50
624
8120
32028
22499
15346
11756
20629
30312
2216
25345
12697
24347
17438
1461
24251
30459
31826
106
1742
11000
9754
19909
32473
25173
29157
23125
24723
21152
16131
26449
14598
16115
10670
14126
11246
8050
27111
23725
992
32433
30103
8665
3448
24594
13482
22243
8404
27227
8329
18403
4991
16230
13944
4397
18759
24595
3284
24754
21775
793
13540
26088
32184
9668
29986
21306
27762
21809
20833
8242
31043
29556
30824
12141
7527
21778
27148
28933
1110
8138
7379
21657
28443
7817
31569
12457
19532
6425
11902
23445
5928
4902
22972
18916
19637
22653
16638
16105
29974
16163
11740
3452
10481
31967
29835
9636
19600
21601
29631
4524
4711
26800
22723
5809
31061
11042
2893
11560
7866
21437
7677
21516
27551
21821
18387
28078
22278
8718
22539
2784
4919
16059
381
29457
29293
8751
16524
21656
8824
6521
6884
13837
21159
10231
16513
17660
19209
32520
757
21962
7903
26988
5955
28733
10178
9611
13305
10899
12473
27046
8384
32743
23992
15649
9126
13778
2480
14154
14884
31818
24476
481
32100
23365
16854
7509
2616
6530
31726
21029
21309
17231
19337
16619
6637
23797
13176
3061
13633
24860
26197
18432
26435
2923
31881
18724
7657
18556
30050
318
17923
5254
22338
4222
30795
30338
28279
9439
24016
15588
1761
15127
23258
26014
29249
27525
29843
27166
21517
27223
8511
30983
16306
24216
18490
12068
16891
15491
28084
5798
2976
5038
5314
22042
1393
21912
10845
16099
30394
30746
2739
3320
3434
7085
14234
4203
30053
29970
12981
26707
2224
9682
28168
31041
7660
19468
3062
894
23907
20196
11749
20863
5300
25891
3561
29944
30859
1069
14951
15958
17069
25296
30090
12590
4719
18941
7296
1482
1947
12482
18540
11951
229
23791
25452
4035
29034
20788
14738
29419
4446
11060
3723
24197
9725
14602
18852
19126
25700
14844
19662
28575
12942
29412
16111
2122
28944
11093
5414
27578
14247
22456
11732
20253
3936
30026
17904
38
13581
3064
25959
14175
27667
29123
30415
14785
14272
22443
7153
706
31462
15317
21145
3558
16708
24966
4301
16365
19485
4303
3485
30709
24467
12782
23474
15506
20048
19247
10752
13433
20321
5105
11534
29572
8166
27749
20877
17658
21533
10932
25956
10556
28759
27892
12816
18127
32742
13879
31911
5780
21392
12297
11794
18336
26077
8516
30229
3708
5757
9423
1285
26279
28505
28668
29450
20821
12612
2012
7089
5450
22733
6280
20450
26760
30784
4052
18470
25529
5580
15658
18602
31651
16476
28919
846
24586
1020
27161
25697
26018
28453
11466
2782
22272
31994
23821
25139
28561
21563
7923
2566
10693
7762
12232
18199
28225
5282
20688
29583
15743
32296
4012
24345
9319
236
21518
11195
6058
14040
29093
31032
6865
21452
18072
23737
2366
26400
4258
16534
20109
32634
452
29269
29851
32154
29337
14969
12780
2572
6148
25868
2319
2088
6200
27403
17486
12230
24777
15648
7543
31913
20464
12259
18022
31501
30290
17055
8769
13432
6528
929
16321
9459
26538
28035
22438
13876
10056
21729
26047
28301
21945
17775
29671
29582
15465
13971
1169
953
8500
27800
19556
965
30451
28910
23831
7380
26758
16302
6479
18379
18760
30493
17575
2505
30448
7766
31270
10745
9705
5509
7226
15542
8345
23843
11935
15793
29544
21447
16218
815
24877
13638
32146
8969
32741
10419
27921
9029
23093
13204
31838
12875
25705
30397
17157
6704
29142
25071
10372
17106
23012
30046
1718
32001
10488
19113
31385
23535
29882
9768
4344
20520
23277
9053
23300
669
10753
16926
16531
20781
5158
21079
21259
6886
19102
1909
2086
14639
2185
15892
29466
13289
28743
25676
7640
29151
3999
2382
30343
14021
5206
19745
22191
8672
29994
13375
24827
25906
11543
32746
2252
13182
1589
26828
8959
20592
3430
5910
25080
24208
8970
20075
20077
30095
5471
23667
25209
6503
28379
9168
17400
1141
29171
25258
21973
24275
11835
12640
29558
4620
20618
15978
14932
3887
31671
30721
6619
8253
4133
6596
3241
29627
32065
6221
30475
30941
18553
17886
3259
8082
11364
7307
20403
31796
20158
15335
26906
1439
10290
27182
3614
19261
11565
517
14981
14857
22641
16222
2759
24249
26229
24571
13467
31775
13132
31018
24901
18606
5953
24528
28324
4076
22496
4092
19552
4851
12272
20732
22721
31097
11660
12807
17076
19356
22945
31272
7271
4362
2259
7355
12660
4093
25557
3005
25712
18349
28193
9290
24414
25933
12105
28329
5137
8173
20678
16158
12249
15212
21560
29789
18254
29702
2138
1189
9339
8265
22123
17160
6802
30842
17027
9745
31694
11550
28731
28384
21287
10600
13006
7647
31021
30426
17041
11333
28565
25823
11230
26746
7110
24211
30491
27217
15516
3091
6239
15115
23085
3508
21777
16156
15443
29007
18800
6112
17556
1533
15041
28672
4237
2005
31923
23675
845
19568
11020
12616
32679
26731
10743
12293
22222
30067
15633
25229
32754
21493
7145
19714
16141
23565
23953
29547
19155
20465
4945
17527
4118
3108
8943
2529
25123
5395
13216
18083
12099
20804
15904
23830
6801
7201
22734
24010
8540
13719
6176
22027
1876
31111
21256
4604
31201
26074
347
26651
1046
26964
83
29443
10418
29831
30061
6968
15429
26367
30079
16211
3984
19079
6344
21240
16749
16877
21182
29432
11722
5946
22163
28487
19197
14634
11348
799
3150
25120
725
18892
21498
32260
26191
21903
1791
32377
25023
30596
11591
4175
20338
6519
15823
30546
4148
23564
26151
24884
6766
16953
626
3724
12346
30861
21238
12318
24804
5996
2604
26386
25041
12356
14111
16946
17742
24932
6739
1728
2690
6784
29327
21697
13451
23685
8498
9495
5913
6029
7051
4060
29803
2803
13693
15998
10066
15982
12813
27798
5987
26833
32303
8301
7133
31252
18214
7490
2195
6729
32620
10023
2338
31094
10613
16338
29287
21252
14611
14298
9562
851
15085
5280
5502
3966
146
6184
4647
28797
20749
3032
8870
14495
27077
4586
23823
2321
296
13898
20723
25488
24083
6868
29446
24939
14536
13904
13019
4978
7417
29757
26900
28631
18670
7411
26209
12066
2971
20754
6399
14850
3359
19266
5878
20917
25171
5875
22172
4435
14051
18020
23875
23765
5907
30683
4289
6103
29216
5173
6961
8161
7776
17322
1218
23724
22076
104
21348
19750
3380
23325
25450
13050
26455
29104
3116
18669
23351
28465
19488
26170
10
22531
32759
32338
6161
13586
20065
28385
11354
27699
19343
18049
5221
31519
22008
16268
8420
8731
24671
10964
2791
21728
496
20397
18033
5008
23170
11491
31709
6346
655
1651
2989
28310
16837
469
21608
18893
31516
26981
11908
25835
27193
15819
23979
9077
28688
7824
12673
13392
13933
11971
1712
8056
20651
3283
20826
12979
29936
31581
12672
24093
19086
4622
31680
25630
17876
29678
29648
17259
19827
6079
31453
24686
6983
14523
726
12701
32624
18842
15832
27788
5500
18887
18573
29154
9734
29523
28348
2888
18270
20041
12520
20801
11088
23882
7768
20791
28745
11641
3677
2570
10275
12428
30370
20711
22454
29711
12721
29004
9814
17652
9263
26685
7644
19495
28887
11669
14287
12576
17289
18972
17429
6317
23343
2907
1334
14840
411
3503
28369
27539
29816
1870
31823
13331
9292
15168
9087
12593
12928
720
125
4579
14790
8063
18201
639
14244
26933
7415
9835
18384
2358
14490
10125
12071
18172
5210
2742
12642
26073
14637
16793
11997
5484
5947
30488
893
16184
13537
21861
16407
32035
2334
26904
5855
23355
18753
23589
11175
27977
15215
6049
24673
4654
26930
16290
20953
26767
10428
5100
1294
27613
7844
17051
570
27767
14080
11920
19405
30767
9815
18000
3360
32545
2324
6214
20840
29379
23271
7940
4454
32129
31915
22120
12583
17139
28143
6491
22419
12945
6984
5584
20866
12653
26233
24168
23527
10332
10742
31405
21200
21322
24725
28545
8962
10463
7063
28921
24793
12201
2049
6789
11742
1242
20696
25701
9302
27623
5792
2196
5094
27883
20180
21825
16898
16390
28106
3366
23990
28251
27074
3026
24256
1516
26528
29621
32735
23218
12210
27743
12958
29499
20405
990
17632
11062
9
23341
21489
1829
27462
31929
4388
4280
6074
16316
6284
28993
22275
28845
12015
4637
2968
24162
10985
20505
15983
4268
24999
19422
30074
20932
8713
6217
5447
28359
21653
25966
9226
14701
4965
8331
25352
29421
9544
9317
28216
15288
18692
19270
29363
8497
29429
29666
18392
8741
7518
12049
27691
13642
23836
20789
3190
14452
31758
32371
821
9208
8405
9843
8528
7462
14155
12186
10504
18919
1794
32251
28800
6545
7150
19805
1560
30404
11289
19490
5037
3412
6881
32000
13557
6901
7826
2980
16254
17597
5885
20149
25469
13429
22229
25305
5997
18804
30643
10044
11081
2038
27050
17267
924
21402
19241
217
27155
12496
186
20676
21295
6067
1600
4384
31950
13284
31058
8357
15595
231
24047
680
20624
300
20943
15403
7846
14390
32113
7895
20541
1613
11580
30253
6905
13131
10135
21917
328
24498
15135
19092
1531
23498
6412
13020
32103
9981
6856
1126
5075
85
24228
10462
4518
16138
19929
19565
21467
24408
21156
16460
2645
32199
25840
20580
17859
18108
25197
30751
15738
13578
23102
31685
22367
1737
1940
28125
27662
5462
29241
8207
27444
24940
10704
25134
22270
5672
14605
18107
23769
18460
21838
28315
10661
6292
3111
10551
24930
26437
27683
16998
3349
16377
29319
28643
1836
18063
27643
19899
16747
19182
2119
24124
21556
29149
1017
24953
25163
14353
14099
2380
1428
28189
10905
1467
5920
17243
7913
19441
20276
8305
12649
11936
23733
14863
25532
23435
4254
15741
2325
6017
11764
21784
12220
28689
1094
32410
30525
17504
17899
1509
25227
22105
15777
20540
17018
8378
19198
3841
22823
11929
11674
4426
30110
31802
31121
14331
11888
11290
2365
28496
30264
10414
26832
4069
11675
25113
6246
31636
22012
20921
4126
27770
18162
12580
12722
3507
13485
28109
29985
2403
27545
26648
17355
26303
32008
4904
20087
134
32346
32250
24762
32616
15428
17383
759
28466
29387
21351
21153
4644
20045
11387
7242
8333
32300
2301
31425
21355
17013
2852
29869
28614
23373
18995
16075
12655
8479
2668
20475
14725
27405
12213
4716
27106
10548
18993
26138
22671
29386
3500
23286
24143
28768
14597
12501
27000
13639
16165
8845
386
29562
20933
10443
32508
13040
15049
19237
18961
25908
24692
22956
29687
26110
31017
23938
30997
21364
11264
23874
31701
8192
6366
11025
1422
28973
30225
15000
3476
25969
23456
4822
19634
16006
8834
26563
19627
14088
4150
26649
19214
27129
29393
5368
1254
26950
9351
29642
12932
9751
13395
18948
24438
14060
25878
550
916
29893
6594
23485
19951
380
4420
26748
23717
18648
10875
19829
22348
32232
13202
32167
10328
4106
9258
8835
28249
26765
26143
22403
1505
27371
4333
24734
17755
20445
13766
18360
28511
18163
20114
9092
31937
13037
6676
534
32717
14861
13825
3364
11265
21047
23220
16839
16996
28040
22981
17921
13713
9055
2536
9551
16740
9051
17583
19348
20687
30693
25482
2904
5726
3422
24233
18950
1753
14437
13594
26540
5473
3370
22907
23623
28871
2984
26177
27666
12903
9403
9409
8797
27769
6620
12093
27366
19990
28534
21573
21158
32222
6857
29416
21275
26035
17133
1822
16021
15450
24377
18308
3770
9911
29297
12774
15149
29518
26208
1377
5324
23912
30064
26467
13924
32042
8667
4421
8986
18926
5542
22132
24069
29520
22162
640
10134
27941
22497
20090
8455
12385
25960
12095
423
22039
12972
17666
20421
14828
14866
23424
6285
32237
14592
11322
27059
23989
22302
30876
19512
136
22847
13125
28991
30118
6248
29130
15099
21525
15226
28008
17396
22429
13067
22840
9777
20507
17926
15446
5977
9453
22184
10281
22573
20402
28476
8495
12484
12592
25661
21231
19175
1392
21938
17277
12985
32698
13563
26901
15735
32617
28495
11919
18705
11883
12553
27852
10393
19246
30703
6266
15105
29823
8280
16405
28085
10840
3575
4652
11412
31271
30136
1235
8355
23509
13234
20189
10261
2120
5441
5332
5153
653
23686
5125
14049
1758
4743
20081
8395
19177
22032
9060
13254
2993
1304
28579
3800
28245
3392
12978
11824
3154
3814
1721
24224
17551
12737
24833
1845
26782
32416
32259
8247
24612
24492
5767
20548
15444
4413
1037
18915
21506
7641
14854
12107
16829
18693
3406
16614
23676
12306
32427
9761
13240
28815
21249
1093
7858
23116
17855
17883
3460
27874
22730
10172
27270
22098
8496
20677
32204
11892
1637
80
25381
25846
29605
30266
9862
21026
1270
14276
15844
10696
28889
1484
436
17078
11639
2806
32322
30401
5353
13543
26099
10240
3484
27618
9240
4444
23189
28626
13530
32646
3538
21566
11457
11486
19446
27233
4728
5940
1446
26421
14444
22746
23792
25713
3409
22224
8514
10762
4861
15805
2843
18340
925
4324
14069
4552
17020
1502
8674
7555
25001
6823
14130
18985
13044
13456
22688
17515
23863
31007
26318
7007
8917
30722
14743
26025
545
14194
29578
32751
29043
3662
1475
11978
18375
19566
22441
32292
27117
20987
3353
16813
14583
18838
7956
23363
30550
21263
31255
19341
18064
2755
2053
30001
28839
20454
25356
26572
12453
2061
30779
9202
6747
18807
24471
24832
16709
24917
11028
20568
6654
19025
11631
15664
14105
6765
11134
18348
5145
6111
30007
25824
21327
19658
11545
8899
8327
26469
16017
2359
8586
16058
27517
13925
32661
26607
17739
14128
29571
15534
18687
32277
19548
20905
24044
29213
1537
15912
1442
14072
4412
1981
19437
10901
3000
17232
2485
6071
30230
3731
10868
12888
26164
21430
13730
25099
12187
20685
4558
13764
29290
6253
9100
19240
9711
16204
22286
3424
5245
23009
18768
29170
32216
21746
7223
5706
5171
9934
2186
31207
10703
6541
6991
2796
13036
19721
15497
6000
9479
12184
26090
2081
6817
14544
15548
16208
6508
12404
24767
28583
4615
8842
2019
22108
2761
19325
6558
20947
8880
15956
15716
9677
15795
18706
2015
30801
32638
4578
22168
25937
6552
8068
19291
12541
12169
21876
2736
16217
2449
13264
20470
837
5889
15485
27078
20665
6493
24573
6156
13349
21918
3381
32223
32261
29688
32550
14325
12014
26464
5142
1517
23087
13364
15153
28954
16915
30571
12417
2667
24315
12334
1002
10368
18159
26201
29739
16469
4584
9379
16389
31497
27417
5421
11578
3916
14010
16093
31242
8452
27167
14271
19973
1018
30769
20720
8352
2148
827
7088
2356
9757
31256
11464
20122
3177
13358
813
19893
21299
18784
32363
9846
7600
20241
2327
29801
31179
7449
11802
31215
19845
13027
10537
13281
31139
7681
6835
26838
22015
29264
30301
11034
29073
24074
2889
6080
13237
12178
20323
10451
26899
6787
31312
7960
10523
19773
15694
2884
977
1200
17446
2589
29094
9458
15389
31297
11445
10733
26815
27816
29980
5903
16162
29713
16581
30028
10566
11647
21951
26971
15695
16240
3852
25393
15011
1519
30086
468
29479
1483
16775
31145
4940
21225
13564
14467
5263
18721
23446
5647
19743
28333
3950
4162
8975
29845
934
15094
4968
19797
5711
24166
20409
22536
369
15248
19988
32388
25673
5193
24061
5164
9974
3626
9316
4234
12310
9914
20949
31132
25244
32725
27736
3695
21400
3240
770
6933
18609
9075
10365
21553
28292
401
25141
16725
31762
20152
8651
22906
7943
8268
31867
28915
26784
22303
8302
8415
26704
13601
28516
13553
6523
25242
20215
20423
9675
303
28361
21609
24252
17712
16077
31420
29603
8306
14043
10970
16279
28051
24984
30641
26675
25203
11106
16605
8381
10857
17391
2079
7604
26426
1674
8319
4082
30707
12768
6955
21184
3995
31916
31485
21230
19896
10482
3583
31973
18973
26571
219
5861
10168
15241
31088
8639
27728
18227
20880
1874
20834
12943
2128
29181
8019
2462
627
3369
25022
4135
32603
1656
27975
25784
17647
8092
32396
63
23944
26562
17102
11592
21509
17543
17626
3740
1146
26969
4725
9533
25890
22314
17224
5400
26637
21043
17441
4377
29977
29672
6423
9531
4365
791
10138
5578
18585
7581
26567
28403
19620
14386
6538
28780
18654
14134
28392
6500
22829
8484
19054
32301
32029
11473
27051
12973
15785
23027
19655
24034
19937
17545
3573
4690
23427
16330
4840
4949
32501
23142
24329
17570
16496
3871
12896
26105
14263
16989
18306
9912
24327
7649
9687
23805
22546
2392
24902
15543
6300
28619
24527
403
16423
29187
10716
10318
9099
4183
17743
31728
18691
15532
27795
24703
23442
11381
30802
30987
9800
15430
5257
28214
11098
8543
8711
5443
15129
15265
1329
22442
17906
3023
11654
16919
5228
20785
21948
21354
17295
10230
6101
22909
10284
21860
8112
4064
21133
27122
13792
10329
6691
7285
918
13903
7284
13086
24997
21455
18032
22607
23386
24341
18173
1453
1075
10296
936
18525
6142
16286
2405
22965
465
21191
3505
16895
25396
331
7408
7755
27218
1837
20165
24333
28550
2062
12331
19005
5945
3207
7850
16647
3780
10175
14730
13828
7896
10543
29045
6393
23545
28610
31331
12218
19855
10950
5864
24914
3267
14799
26570
12572
30207
6586
4460
8649
3847
14527
2696
12384
2290
991
23457
23518
16150
10719
29428
13073
6373
27831
12739
10952
20894
28281
335
3939
26398
28129
20995
5827
30644
15510
1833
3972
29473
32330
4545
16085
21699
25127
31067
20080
18676
18433
21593
2733
22973
25699
395
10297
16865
1336
18626
31317
2617
28358
12228
3576
11320
2362
17376
7723
27526
22305
2464
9753
30407
3258
31584
9888
11066
8926
28808
312
2139
4061
849
27343
22350
6957
17384
5664
1929
8320
29133
1087
441
18933
22341
3755
4788
16889
27543
17590
18680
24186
17614
15921
5850
9826
28708
26414
15024
12783
15025
3610
26034
32579
1175
9468
475
12770
1690
10302
1264
14475
20360
20201
8258
4707
25304
15802
28094
18180
13068
360
23693
28343
10432
2423
10148
17244
12149
22971
9964
21504
12837
23272
18732
11214
12091
27742
4877
19181
27185
10002
2545
28901
1053
29630
22180
31063
21538
25035
27764
7265
18097
7730
17284
2511
27107
22041
19626
3873
12237
20062
29243
7656
3160
32198
308
24853
31670
10059
7104
26441
20819
20203
19064
12138
26050
31603
558
11608
313
14709
11271
16994
9005
27196
26237
5842
32059
28959
28862
19815
712
9383
15871
24465
21141
12217
26055
7394
6015
31892
25495
6258
32287
24970
28986
10936
26044
11579
3058
23088
27096
4847
6312
8349
7188
18572
21982
28174
28997
22245
8027
30663
16266
28898
4927
20861
31192
26030
9035
18055
16038
11741
21491
13348
261
14294
3980
4930
16959
7103
5968
23638
9869
18001
27184
25418
21864
15603
31945
17862
14270
30878
16949
17333
18629
2238
2693
21165
17248
12620
5533
14035
13347
11528
12291
16711
31602
11539
32734
14510
22717
26485
11135
3763
21721
27254
2925
28173
24650
7790
30352
21090
17992
8437
289
230
14770
25340
8041
24646
29852
14655
26632
17840
10940
25372
3477
15249
28669
5505
1213
14480
26364
25977
25157
1397
237
6287
22758
3678
29358
8401
20973
3719
14843
13197
29188
10402
22396
13710
16670
3472
29373
19798
24622
3525
4038
12619
12707
21363
15673
9418
31710
25492
5538
18866
6338
11979
28934
16292
28312
8104
9488
21110
1049
27215
24603
19859
13942
32449
29925
1343
11499
13464
4931
17941
22747
28325
6397
234
31593
28187
17309
32440
3933
28611
12784
29017
14433
7163
23082
20549
4612
20890
21897
25748
19583
19649
15580
29549
10333
14459
26641
28346
28069
15816
21954
3344
20988
1038
23350
27993
6738
8688
18413
17327
9497
7747
11493
26558
27631
28439
18408
3671
16721
30685
7619
24287
48
30111
5811
5474
24782
19160
18923
18894
2096
19381
25635
29303
23019
2007
23180
9421
14666
6191
10014
2563
8007
5373
23104
17480
30734
2689
3055
6571
20487
23776
10382
9930
7857
2133
3743
19525
9223
260
2357
7311
3436
951
22483
2932
18860
7560
13609
17588
2298
11325
15181
14707
19585
18901
32469
22501
21226
3393
30893
16966
20437
6052
30158
11555
4742
21151
19099
6474
8093
10067
16984
24248
22644
15502
18071
7091
24217
1015
27686
15887
31245
2910
31085
5979
24342
22979
3733
17297
16677
27821
11355
31182
24050
10894
16640
596
7400
12261
14258
25554
28068
24891
28142
6269
24888
6084
17037
12634
16213
14740
32125
15946
28555
20193
28867
21819
21562
12092
9535
18411
3016
2288
14906
29896
467
11016
13831
27067
10814
12039
13224
18534
22372
8650
29834
19314
18185
3276
19307
15480
3919
10653
24108
5820
26593
17492
23714
23453
13798
18930
10759
26008
10449
6179
8004
10397
27616
3812
30541
14339
21645
29758
19903
7054
766
2840
5539
17343
15309
24865
4491
23124
311
14708
26520
22437
12954
15672
1917
4867
5550
26440
5067
24579
32037
30412
28067
3709
21457
15968
14954
21099
9605
3417
10727
17970
32622
25021
30085
26914
29530
18862
22479
1210
15987
8340
26356
164
29697
21824
7952
3757
10801
18918
22828
24676
29135
12089
10808
21862
27291
2249
12200
4891
8142
7155
23514
28195
7316
32431
2080
12162
18640
2251
19942
25434
11383
24027
23408
2765
2863
23145
18751
18304
6006
12900
30073
13320
6548
29259
12624
15062
10237
17121
7390
22526
27826
14865
10594
2556
14984
24419
17084
28937
25946
18405
12851
503
1913
27119
18982
14580
3568
8126
30640
427
4366
9996
16264
26503
13417
5345
1450
16848
26553
31600
17936
26719
1229
5376
6041
4272
6722
21615
6611
14496
8735
11927
11572
1725
22929
13688
27825
31522
21605
21280
18333
30222
16938
2606
7556
1653
2766
22631
8732
18964
26301
14445
24
9569
15930
31231
20521
5175
9170
11864
13167
27253
3940
10277
17190
118
16532
24312
16074
29138
5570
4250
24198
17723
15589
29568
26849
2553
7848
19435
4662
9482
26028
28882
21590
11305
2223
19571
9235
1391
22773
20807
22837
16707
8445
3039
4205
31630
24188
27938
28151
22055
24075
6481
10150
8469
8838
12528
4319
15378
13887
8885
1035
27602
17122
18954
3650
28482
21175
13468
27433
26611
28701
9573
22083
16909
3682
30354
21433
1854
23566
20620
17792
27434
5396
1326
1738
26807
20841
5384
28299
7409
10193
32767
23068
26822
10635
20616
12177
26343
29608
16802
30422
25366
15322
32654
17920
14274
96
19134
5186
30719
31952
23523
27320
5779
9589
19061
21629
26875
19995
19507
10855
15509
29267
4139
22143
12889
15993
18145
20380
23727
25124
13471
29567
11553
18459
6767
30456
25213
13394
26222
5457
22530
19327
29772
5557
4108
24755
23850
14589
22513
22882
10389
8499
24919
13487
1051
23412
10902
12131
9277
5777
14965
26324
22632
23079
7760
3779
6446
12844
17867
1755
18908
30825
15570
12447
9257
8155
19802
31977
29700
25613
18513
8494
30380
14734
27771
25266
3340
28455
9621
8083
30485
25210
29844
7393
27629
24640
14267
6232
5103
5696
26845
19377
539
12563
15014
29324
5646
29978
15382
17123
3200
20654
16243
27159
12079
4625
20426
25327
32729
22289
24417
5180
8857
20031
30469
14423
29335
8715
24393
2454
7335
6992
2564
26224
17638
18942
3491
8803
14290
2859
26252
13883
18703
14713
20628
14750
9782
11844
13000
14553
9880
4192
5271
29409
12698
16417
4155
25820
11932
4755
5601
31754
1697
7828
23466
3572
1007
17275
15619
12724
20197
7246
18021
21242
14939
5172
27703
22743
20722
16703
6328
6467
27511
15200
6008
15677
25754
5962
15824
504
31260
22250
11789
27202
2368
15864
22867
4496
4675
12827
27477
28655
22827
27619
1621
1779
26428
16842
32540
32667
19037
9537
20737
21218
31074
1014
31845
672
25838
1949
802
3515
29263
1070
12726
13122
25344
13990
19116
31691
18907
31804
19264
419
20831
17690
30927
28303
20893
19749
5847
5720
18740
28459
20051
12890
7272
3479
30626
17616
26715
572
23681
11538
14439
27152
24399
4094
16856
2172
27780
16399
12400
2141
16383
10763
27097
10217
110
16202
15765
4239
4311
29890
10320
32657
21285
14212
11095
32043
31224
2578
29223
25857
10194
26165
1185
23147
26682
23458
16414
27023
29917
2093
25975
17470
23433
1666
8304
17240
26067
28432
23784
12980
29447
9237
27907
15641
21937
26762
29512
21293
15159
17443
29569
31627
491
13114
30487
5652
27145
23481
23262
30894
8236
6154
31029
9160
10238
15851
22406
20878
27141
2182
21881
31376
21092
22190
21169
3470
8223
175
645
3797
16503
11709
25237
5163
31873
23347
27394
21682
2670
6781
32389
4141
13144
32157
13076
2442
29546
15809
22695
7213
11828
32105
7634
31998
12185
7041
24349
25923
2030
808
30684
20007
30499
11346
8493
29837
2685
9254
23094
26172
10224
23740
21731
10951
11055
7328
21583
18986
19108
9771
8290
7131
3612
15592
19704
32454
17495
2052
10981
19646
24402
11184
14094
17766
14999
11393
22342
17481
13985
10697
9023
8314
3624
31309
16942
23587
13175
2386
31372
7052
24878
22137
15126
18503
24067
20022
24432
24258
16724
4606
13195
23606
23643
28535
12222
5772
22633
14366
20572
3639
21255
27759
6388
652
13161
22260
12834
19046
18978
24351
29945
13441
16851
18076
10233
12302
7053
7736
3954
23572
10512
31306
17314
26717
14940
12957
24508
13592
20072
13370
4935
3402
13773
20227
18414
20418
18350
22361
25119
15033
1191
21734
18952
27549
23426
16432
2388
30669
15727
5609
12994
24238
19049
2737
14319
15556
12647
18198
27088
9041
21841
30209
21374
22379
6064
235
30165
21965
25542
21067
28644
11243
26598
8196
18278
23059
18291
6185
22958
20837
9988
17591
11047
3730
8590
27181
30503
1276
7815
7905
6069
5411
27356
28633
17437
31611
7595
13303
23246
21111
23542
14651
12368
1079
13147
16446
2280
19788
2305
5921
7827
19835
14520
13645
5560
18711
449
12564
8621
26967
26920
6499
24810
14296
4536
30904
22627
26997
22937
2960
30993
13057
1865
30011
15185
1575
5079
7304
17973
21891
14451
31477
17880
15964
31060
6157
22334
16104
29601
14777
22269
9062
28977
26329
11973
4323
12718
555
23336
29089
25764
13034
20125
29465
5854
29158
10364
12924
32595
22473
22589
275
26046
15423
8901
26671
17249
21204
1181
1921
24706
23076
7675
16874
25159
23716
644
18223
24795
28148
28314
13360
21341
12206
14977
5205
7939
26952
19726
11163
32527
9749
22896
11772
15
20768
13641
7709
9311
6195
12999
31266
27453
13802
7698
29083
19882
1312
2691
10154
28692
6318
25816
28833
24485
135
22775
1160
30337
12843
27335
8108
27025
21652
32395
23409
9480
8574
1280
5138
1272
1807
17337
20011
17948
2973
18967
18268
2478
5735
3850
18947
13242
8456
24577
30835
6935
11771
26871
15724
9345
32158
9932
2661
28223
32731
30294
28276
4478
17790
25178
11488
316
17487
19491
31458
27987
7852
16690
13865
9342
5006
5537
2732
12860
938
13478
13309
19088
6560
6777
27916
4018
12290
18778
12801
24989
5468
1371
29928
8757
12683
8819
8426
5147
27071
5941
5382
20742
27751
22130
15111
19664
27991
24494
25717
19856
4347
6256
616
24128
13614
21042
31722
29235
15397
20094
25629
26878
25531
15258
19561
3555
15547
14992
15092
5893
27266
6066
22365
4510
10934
12292
31814
9886
10892
26837
15133
27945
20855
2531
13504
6183
2457
14092
7528
1493
19580
19301
32134
22186
4799
30149
7094
24078
1380
18636
30688
23227
15267
21595
1205
8008
21712
7360
8396
18566
16205
31284
25601
24155
20353
12295
24569
19597
9475
14614
15986
8296
6700
4621
848
15755
14697
31191
7485
6563
12857
2313
21755
18557
18255
29946
28560
22146
32331
3035
10430
19395
6733
27392
351
32163
5119
21339
22315
13292
26042
4710
26946
10427
12320
304
16752
19676
8342
25549
1866
6880
21223
4056
16825
1952
7910
31176
10407
26245
8890
26844
24819
10986
15118
7620
31304
15869
16130
25191
8054
20350
21701
8080
10871
5090
14715
10151
29764
6455
31940
30100
11907
1152
4102
26922
5121
32689
8555
21511
10728
2527
192
20341
3388
8775
14471
1539
22807
7033
11852
31374
4249
27469
9885
32585
23557
28445
25904
16718
9341
19045
4895
27348
4168
13964
19066
2058
29108
13032
9356
18133
16143
10254
11833
12714
26771
7046
22299
18665
20596
24491
9274
11352
8256
23605
1521
16031
12269
10507
21544
17111
23297
25760
4378
1757
12307
19128
4623
29230
1665
28056
4884
12008
17440
28355
30261
25675
12011
20108
27003
20724
7608
26699
12323
24358
20876
26761
10793
11992
22509
9081
15766
28776
10028
12214
32567
10349
9206
7458
4784
27186
30262
15562
19755
21267
20153
15770
15514
902
18316
9156
31355
13091
23494
25300
32429
26498
27241
18200
19293
4502
26306
27554
1847
30244
23213
8788
26492
10862
31337
3001
4028
14723
19546
24096
24413
25335
21418
22574
16803
11344
30880
2219
9813
25991
14042
21069
14491
19022
13949
172
7539
31641
14435
17194
28428
10062
22385
11723
21196
587
24344
17090
27216
17794
15452
29344
20460
24718
29351
9266
1834
26516
13501
2310
3247
9706
23122
7996
23031
18462
22337
12990
2810
28309
11720
24979
12260
19297
7203
13190
542
13976
4431
31327
15005
21303
24250
11110
26541
6026
27423
26764
13270
25487
2752
12618
22586
506
20797
20112
14361
19260
28057
4833
11620
4078
10972
22848
22125
24243
26711
19308
10061
5385
31116
32038
21344
13584
22534
16587
17161
20874
12238
10040
32234
32392
4543
11165
31150
29594
28751
19136
6487
4115
18958
2642
1727
20903
20058
31251
10629
2605
20626
8633
7576
7050
15632
24545
4957
9921
824
10966
20938
8655
25460
15079
20211
22054
5966
10188
5671
10541
28290
29456
26804
17585
16261
31066
30918
10598
4680
20089
23495
15753
28897
2857
1522
10935
11143
12378
18487
22280
9600
28374
30192
4256
12533
9386
26131
30137
12930
6224
19205
5181
32645
29471
12072
21078
16188
18264
31363
25325
20363
5863
25031
2231
13260
5684
15529
10037
5198
24080
3528
15634
8431
13110
19283
10041
12659
1448
2985
32169
6593
3676
18139
5975
6036
31326
4131
18559
28322
16103
16049
16155
6589
11481
23520
31035
20551
20978
13980
2602
30429
26489
29081
21197
531
15404
12110
5239
27700
4826
29538
7991
32468
7890
8238
6435
10203
3281
27378
6997
19455
3394
32090
27979
25404
26854
24191
4605
17522
20630
24506
8717
15018
18013
9370
16221
5187
769
21808
27763
11893
24391
108
17192
9810
4278
1977
16108
3947
11712
14633
25411
27812
9965
6976
6238
19962
31408
31676
30682
25425
20354
27966
25183
18698
32175
568
19375
17313
19464
21273
1625
31536
18410
14703
28695
21017
21382
24403
3389
24567
10030
19839
2898
11881
27834
17198
109
23708
23075
7366
11454
516
18558
21557
3651
26697
17827
1244
8999
1795
16687
17387
31809
12225
11834
2415
9420
26631
17484
14227
32552
13372
11009
6032
14145
12294
7588
8218
32188
9349
16303
698
28477
31984
18530
11283
11657
20198
22782
30219
233
13542
17414
16907
19697
14798
11697
32116
24240
9213
16702
170
13397
19383
21779
28139
10508
2522
2337
25104
5306
11495
5728
17546
16763
14659
21379
30899
15740
19492
28076
23291
13180
3067
5131
7146
32432
4924
23196
17346
7988
5884
10142
5063
23795
32139
26887
7833
29224
18801
20771
4179
25726
28500
30235
12183
18812
23090
19948
16540
18577
20255
22611
16817
29906
12820
9565
10666
32233
5166
28330
23132
24962
16755
5392
19577
9655
15800
17447
5698
27502
10476
27360
25467
23224
933
23984
5439
18444
32629
17381
9113
10027
9594
2919
32231
9471
27985
339
9457
25251
8273
17061
29796
4879
16896
24791
9945
13286
11830
17302
23862
21625
8623
11194
3767
14492
20442
25685
16562
21978
8603
22182
4972
15880
25642
14558
13559
11104
28875
22570
7590
9114
6908
16066
18799
27864
17877
24113
13423
24479
10558
11967
17625
4898
29887
2839
30400
22500
18364
20769
784
10013
26665
31027
26725
13203
10699
15296
18256
1214
21114
14041
13753
21748
13150
14260
15036
21413
6068
10533
16277
5721
797
23930
8224
23899
12757
21371
27674
27189
17869
28855
30265
22639
17444
9489
29940
11288
32648
20267
13085
14699
6661
16255
15582
16768
11530
1602
8877
20054
13833
7618
30660
15990
7452
15231
29398
8181
31214
6444
13391
11901
11750
9410
1335
26805
6045
14330
32177
25739
21136
8136
280
11529
16241
18966
5787
25925
181
9994
13922
12964
27553
20036
26694
25587
7877
14071
27040
2946
14202
32650
14796
24565
6879
26497
5741
10265
11174
32434
6087
19871
24428
28528
21906
1498
31759
28878
29099
14038
20649
23818
4955
358
19699
20787
6845
2220
23526
18142
11236
28155
30634
20313
27540
27380
19474
31001
19386
32587
14522
26307
11795
3845
22690
30016
17426
14537
29668
12693
20510
15276
21501
12470
6863
810
26779
2607
30558
29701
9507
14741
3060
25626
4300
10715
30529
12315
29372
13447
2374
30926
4872
29735
2580
25416
23842
3321
3949
1201
18430
28219
24831
29340
7516
12674
9373
21116
6965
1971
9608
10885
12595
867
20945
28017
15460
30582
2729
31004
28608
32061
4574
7614
10497
12413
5320
17829
28877
13219
32694
18477
31469
6697
18714
22025
1196
16333
15355
17913
7873
25571
24630
14209
6432
24526
30204
8710
6457
3037
23263
18166
32496
13294
18612
32404
19969
6710
26032
7794
25665
8127
31437
23807
26070
8754
6916
2113
27673
22637
10015
12681
4096
29071
8863
12661
26107
22625
4281
24533
1302
12667
22188
1033
257
10528
14993
17218
6843
16406
4008
22225
26068
25767
24929
31816
17670
1286
4812
6526
20096
1104
28472
17424
10010
21996
31426
25678
20462
16282
15270
1414
9681
8473
15797
21132
3447
29748
14654
2311
11827
24534
23817
26314
14407
5743
23981
24517
30642
28263
28724
948
29489
10616
22741
18689
16822
28381
751
8299
13119
31707
12300
31386
2818
20926
15196
20379
21791
476
5909
6163
3969
13381
31253
6234
9172
12951
6165
12712
17475
16062
3608
9312
6783
24100
15190
20701
11374
25647
32197
9000
27409
207
28508
29096
28585
19985
2248
1300
29301
3014
31942
32665
15238
12749
20818
27930
14811
1588
30966
8185
30845
25753
10285
10446
28537
26104
10995
25813
20066
6953
3303
9940
15083
13968
24776
14003
7349
28117
8640
26892
24006
21014
28842
15224
16952
15900
20078
579
26416
9122
21588
11522
9198
16220
16095
8159
14248
27316
18662
2996
9967
24144
21602
31980
30151
21120
19026
28383
16904
10084
2620
9327
4550
15969
5333
30119
2372
2417
2045
23150
18904
26466
30
8721
23318
30097
5361
11255
21423
3593
16905
17296
23974
3808
28345
12989
31415
21094
14400
1096
4274
1691
17986
17752
18038
5871
6030
20441
10486
26667
12668
16257
23915
25077
1284
17044
15104
26992
31974
32245
21164
29617
28953
18774
13874
11541
14379
24499
9115
13368
6426
22420
11137
13500
16060
8037
20581
27642
10307
18407
11205
9446
3215
24836
6672
10786
23876
16643
18643
32704
25651
10157
4995
7016
1873
349
17971
4661
2029
18137
11768
15626
13384
26799
4396
22139
10809
10100
4776
31351
4307
5585
26399
12795
631
