40 100000 142
14486
5750
4205
13101
8581
2643
5511
7242
3527
29007
22383
21448
4826
8993
3196
6990
19023
11788
32420
31718
6190
4732
9845
26471
23630
31391
30395
4502
21605
31219
23336
11351
4306
16139
23792
31696
10756
1993
28540
12069
5351
7933
22910
12593
5542
15857
31942
4195
29678
3561
29204
6396
13772
5094
2332
30906
23760
15605
30323
13917
2775
9948
17290
610
26747
5047
20444
2054
15467
1835
26102
8394
4477
7008
26865
4709
18849
7440
28873
30881
4092
22153
22971
12038
16764
16588
18201
13790
7467
17252
31199
21069
10163
11444
3022
17889
1827
29108
24653
13717
72
27430
11456
831
32173
9047
18470
18443
11929
26343
1439
10039
29157
25303
21814
21827
13437
29408
13886
18001
25102
12896
30856
10400
23834
25008
32569
11210
26124
23486
17041
23225
7573
16250
7693
4316
28842
17032
20975
6900
29086
18636
