23 100000 544
23489
16182
26058
15444
12412
3681
1951
3744
30637
31310
30819
20536
14781
1684
25087
17664
6523
5051
6266
2146
26140
12104
1104
2716
5631
28552
31465
19649
29713
21588
29386
4432
16736
24125
13947
13619
18803
19980
31041
11541
27883
7810
5794
16782
5189
20032
1355
8360
3023
5798
27606
6115
7675
8373
10699
14733
13964
22870
20325
12248
11350
13394
8428
14061
28083
27370
9716
15
3388
9193
32453
15993
13440
13073
9687
1265
24680
15012
13197
5050
31466
398
27292
10297
20634
21244
12032
19018
29746
14320
15748
16089
1409
10944
32040
11274
13441
16953
27584
19158
6509
8828
16921
4751
6530
24070
2948
23857
17191
6963
6210
11506
3425
10215
1234
15544
31282
23037
18710
27468
19922
26068
25084
3012
13273
22704
23286
1531
31507
20823
24586
19881
9806
16242
5233
12113
703
4761
15535
22810
32654
8685
5251
3217
10078
12832
2650
24939
6746
32289
667
18804
18934
4537
29436
26671
29672
22674
12586
10100
7179
14979
10122
8544
20873
6150
30516
24637
16628
28706
27223
10687
1797
25375
21763
2164
18326
28590
29171
7524
25981
17915
20593
32011
3285
30425
16500
30437
20304
25576
31230
13521
29404
12941
26837
4919
24022
30248
15450
9001
12273
1381
24001
8667
22807
4415
8734
9407
24363
9929
1842
27372
30826
18888
14662
27946
2662
17605
17570
4925
11711
21903
12059
2710
22331
7855
16391
18971
31410
21006
21256
6969
22178
23829
29291
23233
28545
30749
2855
32404
17108
30962
9170
10094
1914
26890
11258
5830
18880
9564
8650
26381
2825
14124
9747
2350
32597
25338
26575
27387
22012
15454
18040
25582
16095
14316
21003
100
12972
8337
28493
26655
16902
16016
1166
5018
32538
4642
23034
31010
27308
16717
27325
13663
7253
16303
17112
12315
21339
19957
23973
29534
14302
10158
886
11687
304
2749
30667
6349
22090
26271
17301
29993
6361
1341
32454
14957
11951
14904
9487
12955
26368
30158
13589
30959
5756
30388
14970
2474
18725
18566
26096
7522
22755
1255
17484
3617
17684
6535
27460
28910
8963
7807
29430
26895
7504
28298
25628
13496
2331
17331
26559
2119
21526
18481
12806
14059
32492
2619
15020
30127
3282
15693
3950
19071
16460
26201
7434
4497
10495
8018
24795
7221
20091
26022
2526
10778
24452
28489
2478
6253
9651
19251
15804
21618
18064
24535
27935
25110
13384
17691
5996
17185
28056
24859
18198
25067
12190
4655
10580
16518
7268
19340
25573
1578
20931
32215
20344
26289
28928
22184
28019
3959
16227
1445
25676
12578
29998
1984
18065
2398
7985
21725
20282
19479
4850
8117
14115
23382
26035
23668
17657
22264
7718
11088
20343
25392
8549
18316
18261
29073
28941
28615
16206
5004
28241
29017
16981
17903
13039
20083
8641
16179
13946
4922
706
17235
25778
16028
12656
7417
6051
2673
21154
26147
8552
14039
529
24787
7604
21153
6231
7507
11842
22091
25808
32138
31188
20334
13270
15925
11928
24853
22215
30073
28598
22734
23517
5561
30259
19422
27154
12953
31486
4562
18421
13235
7878
30504
3729
17470
27570
12798
21428
29604
15155
22754
6288
11552
3871
32085
18929
21540
29321
6862
27214
1437
19287
28091
13851
19738
23301
28989
17786
29509
17867
30054
27415
31689
19467
9143
3621
4703
15816
28312
5311
19827
10797
9502
29994
462
14644
31498
18727
24339
22842
19990
16540
3908
28407
15822
32031
17034
