8 100000 511
16387
25605
14096
10648
22378
29801
15229
30448
4813
30437
27147
8653
31375
18764
18098
1789
21708
13649
8529
7682
22032
8303
26613
5035
30883
8434
24312
27994
23340
7965
3546
11137
20456
32652
827
26010
13041
31429
10813
25445
24171
8428
25926
3559
1866
3032
12855
18614
27236
13260
13497
3526
31464
5693
30642
5883
3734
4200
24628
3577
4139
9428
21890
29144
4665
25810
1206
213
23849
23386
19289
3992
19924
20802
8594
4391
31503
9772
30716
27205
17727
14668
28728
29814
30402
7223
25867
25847
13485
371
3872
25380
30284
13505
19652
28196
2030
3112
16811
14373
2466
7862
31119
27822
15707
16882
13833
10530
32226
12494
8875
1568
18627
16729
22444
14107
3127
31146
1183
18835
3572
698
24407
7787
148
4638
27954
21709
27101
17576
14473
18589
9815
32277
3856
16498
30226
1164
30386
6763
4855
28220
528
24908
17960
21374
20598
1244
22571
21435
4564
18740
32555
7666
20278
8848
15812
20057
5138
28953
29440
13652
3913
12360
22808
28101
6968
20159
2066
5140
11953
6372
2463
29995
18920
15002
11696
30804
15467
23034
6067
22490
23266
4788
12637
27602
20770
16845
25643
1677
4001
27930
27932
583
26850
12415
13599
15117
8026
29390
30088
30567
22946
4876
1273
21948
20333
30031
30991
6339
16812
30990
22711
16702
13611
3772
30044
22826
21985
14368
31051
13265
23875
22741
22385
25162
137
388
20656
13580
21913
23646
19725
8231
30555
12328
15727
22318
11773
16188
15505
7887
8106
5692
18461
19688
12389
9653
19168
20565
26437
5320
15471
26927
12919
15543
31042
21750
17375
11073
5300
20848
29707
11304
15380
28469
27290
27201
25395
16760
25045
10925
7658
18060
22998
26415
13686
22640
5660
30444
19514
8086
26705
25168
1137
12959
21367
18403
20117
22177
7366
13458
21501
20359
22677
16708
15719
27959
14969
10638
23171
16088
16048
27397
13567
1124
17049
32407
13790
27883
22495
20759
597
7189
14840
6484
29720
418
2725
18771
2377
2094
190
14658
18972
47
2676
227
30578
16598
27633
14784
21649
12197
12975
11881
10276
20805
28433
10474
18667
19763
29994
11684
25976
15314
30585
15953
17575
3771
26887
17374
11612
13854
11500
27293
22061
26728
25000
26396
24868
4509
4189
420
8611
21184
13977
23643
19295
5053
26633
2045
4460
1391
28864
20401
31975
14398
26512
21563
14923
3435
25860
7373
32525
31990
21792
28630
21813
6894
26830
12999
90
260
10203
3935
8358
8778
5343
29003
8235
18300
21888
14106
18600
12610
28454
12110
15304
6258
31594
26140
13117
690
23594
6219
3266
10506
28086
18863
15385
19224
8400
25471
497
23023
28227
6438
28847
18178
20631
4617
4685
25541
32633
26934
28601
8103
31831
297
19127
18482
77
383
12048
4670
14890
14460
20380
28501
7478
27323
17802
15311
16778
31807
30739
21967
1094
1452
30313
25646
30370
11619
27123
10391
26912
18595
2548
10300
12793
12075
552
1925
18976
19077
18284
11231
29559
1802
23256
7943
21163
16739
14394
2541
12747
7273
26559
14099
1268
16696
23965
19275
29610
32207
20017
5275
10677
29467
27955
17723
10298
15355
22869
24508
30316
27730
12270
28125
4112
