18 100000 141
27350
15457
13977
28703
12052
2082
32757
27529
15574
15573
23655
22648
9930
17673
26777
12316
21726
7711
16512
12382
5447
31101
16541
288
21538
15006
6334
26500
19629
18636
778
14604
11840
4664
2995
31115
4639
6868
26924
153
9161
17421
31673
15890
8942
17035
4966
22355
19895
2306
11478
4833
12623
11323
3035
23986
14771
1150
6729
9741
9961
19169
31322
24464
13931
16827
5829
29358
16944
32439
24626
20037
28253
19072
29658
24084
13966
23805
15141
23281
9894
18756
19718
3902
19912
22190
1869
5021
16941
292
19954
4827
11538
5537
4031
21724
5705
32391
24370
12287
13290
30333
27446
7376
24767
22929
5436
1842
491
6270
27753
3430
15724
26962
23811
28745
8723
25547
19264
3548
30191
26308
12859
22386
5097
24393
31107
18716
32662
28145
25667
26299
9040
16118
11942
15350
22704
11337
18007
27644
30106
