41 100000 2512
6074
17909
27264
25151
8570
2764
4819
16361
260
12401
15022
31014
27207
18148
13791
12800
2436
14087
27887
2343
3309
20583
7932
12279
31809
20658
3384
3526
31285
23238
22887
30071
31672
5844
29820
7864
29315
31554
5051
1842
11713
26817
32242
30200
20938
7060
14467
28812
23792
26066
6569
7808
2722
5613
3206
10235
21749
15500
1222
31068
13419
22823
28676
10854
18538
21922
13427
20959
7759
28978
25202
14817
1180
30595
28618
14436
22117
19717
7394
15909
52
21906
8047
26835
14259
3054
8863
1645
14389
22068
24630
18004
4499
21200
17880
17500
5626
13674
30023
18983
29705
14958
22341
30547
25622
19537
10971
27505
11470
28949
8738
19800
24992
6987
4336
11359
21440
25821
26664
11379
24590
25543
24899
21515
631
3822
10939
6888
29619
3256
16272
10670
28218
15156
11368
28912
10945
10682
1195
6635
461
23880
19467
30739
3274
18552
12244
2097
31408
31746
9700
995
31344
15333
28154
26739
13414
17153
3476
3895
26304
10200
27401
31353
15114
30429
11499
29694
17956
29962
15632
3891
21387
13841
8137
27059
19733
5966
10969
5688
11323
20422
11625
3794
25761
18499
22524
27408
7982
22275
12708
9143
29647
5842
26403
18606
6273
31107
9960
10294
1116
16593
11203
2617
5344
31270
2646
881
1415
5468
18997
23406
7166
8179
23067
14333
29993
13545
24830
4922
23739
5846
8901
12003
29597
32260
24472
14577
18365
27065
30889
1888
28052
21467
32141
18079
10477
17789
17814
3978
22413
15968
12198
24825
31815
28127
22054
25766
6544
31279
5582
7901
22244
4540
24476
23931
176
12707
9544
1520
20937
11251
24233
15874
15827
3759
11618
4617
22121
21603
32620
14861
29229
8668
20764
42
9641
4208
9048
26213
32090
10186
3321
8182
18732
25998
20927
2288
7172
13649
28924
13073
25208
28629
29071
7379
6754
28354
5185
11153
12906
24944
25114
22681
14789
1359
2894
27166
5967
6065
845
5513
15200
17808
11726
27978
17587
19793
17960
45
126
31011
32297
7902
6030
24897
12339
371
17943
19086
9998
31405
20315
8846
10443
5000
25625
5982
12132
7664
2484
3917
9399
12333
27322
12903
10808
14808
7382
22269
3484
27452
28400
21774
2077
16439
31632
13667
32358
24037
14686
9736
27826
9983
24244
29996
13385
3714
5405
17734
11549
21786
9602
7125
19203
20278
22
9794
31924
2766
1942
26806
29261
21353
12845
29374
8248
23123
32383
17217
7334
2227
20532
27888
3463
30338
12351
30386
29466
5510
5790
6178
5951
7238
26089
29344
28152
8730
20069
2904
24891
23860
32549
28805
16899
12081
10271
3994
29974
9475
4029
23215
13016
31343
12798
29577
10161
26067
17401
31630
8766
3634
15122
32571
23556
6807
4377
19555
6779
15616
27552
15421
7594
19489
9373
2741
4089
11691
19248
30577
13036
4960
13895
14076
30120
27889
27165
21984
13957
11424
20975
25628
7933
31255
2642
22053
5439
4844
11556
17211
20416
18894
8334
14604
16911
3418
5012
29262
29936
1338
10657
12303
5286
29997
25465
21988
20659
24839
833
20865
26215
14319
20041
15313
29585
16427
19789
29999
16119
18570
13648
19368
31081
6497
11440
2341
5634
32144
7771
27338
7171
20214
752
30252
31643
25831
7838
1755
5983
24621
29167
24843
25149
25109
25850
19141
9350
4372
4822
1000
29755
28845
8804
11268
15235
2558
18008
23333
21483
4316
26365
1105
12299
24922
20862
20495
21227
26827
25752
27372
3849
2744
26686
27379
5537
12264
32522
4428
11570
23690
13065
235
32502
28032
29871
27842
14674
30267
29511
6322
11674
24039
19048
8934
22890
30766
27633
6568
25843
13717
27209
4892
10664
26945
5301
14415
20573
28751
3329
23298
18165
4635
20368
30853
2063
14038
459
8463
1708
17784
21835
22930
22961
27928
15590
27047
28578
6670
3937
6717
16145
25982
13372
19578
25288
28069
12174
1518
3626
18740
26347
22109
24156
19212
16685
3829
18420
19419
7005
30843
13574
14771
9194
18413
10223
24454
26784
22285
32573
11077
24744
3568
3967
20724
23967
29965
30046
8945
5277
15140
20458
6359
24852
27585
5514
10873
614
27907
3749
10853
28610
1287
18466
28504
17911
26219
19032
9184
17980
1971
30704
6452
19897
27912
30189
25617
30057
30065
28195
535
11160
21058
4963
21821
3562
23947
12563
4605
7102
2276
9078
997
15951
30529
11945
17810
32364
4587
6352
12283
12304
1591
13363
17939
30264
32250
31174
4762
22136
7191
3335
22732
170
28111
31519
6268
31681
19651
16680
11664
4011
1061
2067
18607
7165
32674
21999
19759
24055
308
1299
7139
17214
2536
9178
29758
19683
23316
10922
28338
15338
31616
13426
12650
15508
24574
24526
15752
17384
23513
25152
27149
31487
7291
14591
20932
13455
18624
28954
30326
12103
29947
12486
25542
6235
29200
15349
32663
2342
23061
6411
14379
19263
1880
8330
10363
32036
32543
19345
627
18327
18480
22371
5022
2586
9804
17996
21919
11728
23362
23732
22631
23414
16963
1916
3151
1856
25243
12202
15248
27749
2595
6669
7861
11795
20220
22779
13034
31130
6679
31248
7899
32546
2703
22762
4724
17262
14938
20549
12369
24264
29743
17634
18821
32373
1006
22471
3349
28486
4809
21375
29916
354
16260
12689
11248
9801
15432
25680
29731
13086
4217
9042
11976
11552
3733
29487
28997
21484
25302
3037
16086
23242
12070
18484
9121
15895
13987
19533
12211
28933
10649
32102
30166
2567
24884
14282
2655
10041
6059
3279
8098
26852
31603
3691
19767
16896
14939
19298
2896
4547
8322
5666
30945
30062
2377
18790
30111
9024
23184
18300
16669
20577
31802
22579
11990
2516
8059
27754
22993
11895
20648
1564
17525
15400
18720
24260
5435
4930
1014
25851
25879
16772
16977
9589
27970
13382
32129
27530
21976
13288
21757
13082
29299
27179
19787
31697
31150
30331
18501
18542
27158
29174
9067
23564
20894
28945
3963
19083
425
16884
1687
28321
9028
7989
5281
30500
18212
14500
20756
23070
17156
18260
23963
18998
31277
9416
26116
27520
706
19411
28285
30218
1456
28586
13042
28001
7367
4173
19925
17165
17032
27829
5667
355
28070
3910
29710
22767
31470
18599
466
20023
31880
19087
13251
1409
18615
31976
22981
28470
21169
24411
8376
30741
16031
31124
32316
5974
19597
27783
19453
29248
13021
19134
23083
2530
14972
7821
30332
27327
18814
30504
16979
20545
3839
30836
302
5057
22262
30194
19562
22607
8172
17856
25190
22310
21357
26507
26550
30015
25832
29453
32474
6920
1722
2983
16939
5372
14644
23309
28749
13568
13422
3351
10296
22705
26138
22111
13371
4868
9374
30668
25925
5785
8370
21504
18113
23014
24717
12316
18772
9141
17138
10562
21947
22991
8349
21910
26626
12984
20652
28868
3049
24292
15954
14079
30514
2457
30438
31594
16112
14997
22416
15527
23897
17837
10827
3186
23767
32261
2246
12931
27573
10201
2290
22353
11169
20969
16442
22534
1709
13130
12417
9663
30445
7511
3726
5006
10587
21596
32218
23789
10330
22872
258
13605
28576
23064
2316
19267
27055
24127
5520
18661
29895
2688
31912
24302
18877
9304
7905
14006
9612
7411
30336
13127
5101
16874
4763
10638
28035
7197
15271
4715
14538
6187
15005
18206
24297
26101
18301
10662
26389
26458
28107
18584
11354
18151
27899
19115
17396
16654
6197
22621
16941
28267
27276
10645
3758
19558
28964
24731
23051
21411
18470
30319
7243
22893
7415
9860
29830
25921
5411
7823
17888
35
24066
521
6578
20381
29732
17767
2482
15931
12077
438
11224
8346
13773
12753
23276
22127
27879
21955
23382
14828
10580
29104
23250
21192
734
24745
21623
9943
18943
28675
12912
19574
19257
32161
4769
15053
30080
618
19948
2984
2734
24924
26735
25095
20392
22676
8044
31165
30081
23760
31193
6751
4654
20911
27255
6687
19414
12700
12740
18016
17995
7028
30642
16242
18597
16484
13594
31732
17131
19540
646
14127
30076
28570
24029
1453
11622
32343
1307
1561
21993
21776
20843
23039
5879
9193
18350
12374
4648
7088
27454
20646
11661
11721
21015
20527
23961
23666
9988
12482
23264
12711
11941
1021
30862
30592
18850
18785
5912
16544
29493
17584
15356
14889
13236
5858
27885
23658
28395
2902
12751
5025
21557
24215
23451
20796
24391
15133
197
31618
12443
26950
32550
24123
27230
6270
20065
17316
19091
7345
31733
13769
25143
30672
31545
9335
11293
2725
25807
19202
22947
18093
31857
31171
22312
12859
32392
20288
32091
3427
26801
26853
30026
1220
29367
14201
25203
11283
17735
6040
9583
9230
18923
26407
30951
5166
5430
11304
16551
7257
19119
30799
7850
5470
1656
18975
11518
504
30764
15812
3066
26956
21320
13865
6784
24975
22765
22432
28761
13497
14998
6003
10308
25053
9346
23479
30759
27734
31180
3604
15045
17369
11650
15480
15179
22689
14300
32103
11544
28734
29118
26774
23365
13887
29353
29537
21057
2073
14635
1571
29695
23257
30623
19258
3184
18674
6393
18190
16781
21502
19244
1609
2510
4488
21010
20344
13171
1605
10864
28033
9965
1216
17430
32725
13185
26394
28435
16872
14596
25195
28643
23797
8315
12974
29929
10558
4196
4964
24307
25346
29757
21048
10013
31817
28512
20597
8174
1337
3108
16244
15456
17640
12467
22776
19254
10605
3635
12248
18122
30167
32711
23374
20213
5656
17965
29232
3344
30403
24108
6332
5450
12160
21541
24716
3681
6533
21368
11883
5251
17824
19637
2858
23101
10545
7066
18987
23763
7636
3343
9029
24865
13641
30554
14578
8993
5954
23603
18758
8927
6109
11006
25668
14091
4600
6818
20954
22620
32618
21146
24790
9035
3741
3261
23892
8771
32661
5005
10198
11180
32007
18297
20744
24450
30861
29246
19056
22568
22960
16641
30132
13017
5538
24962
30841
20076
9823
7078
10103
25362
490
29114
3616
3079
20971
17289
29379
32377
25794
7030
244
24818
31907
19553
28445
20891
15124
18728
688
10522
26942
15372
28606
27494
18203
12010
18948
22039
11742
15837
18743
4615
13826
31424
10321
18112
18020
2543
13379
6981
8795
12500
20629
32506
10805
17247
1434
13464
10992
17516
3359
29107
20596
13100
30110
968
4728
2897
9485
2380
26128
19220
16338
29660
3559
26449
16295
22933
10687
7892
13076
10629
1043
9404
19283
12646
29910
31440
9477
32651
29544
4906
16259
26103
29472
10144
9168
7374
28686
2829
18184
10608
17018
20170
13733
7013
6213
24889
14196
20107
1945
15162
31157
8260
29769
10781
5369
21372
7273
20262
22946
6618
20340
9881
30646
7388
19666
5732
5889
3929
3040
6537
15961
7955
17934
28142
16273
21330
19160
3922
26847
15137
3915
2007
11492
22984
17913
3328
23829
50
5964
17150
16881
15597
19111
8024
2164
2222
16393
2154
32035
14059
25819
20184
5030
11250
15180
18870
30682
27238
16372
22936
26057
9241
16580
22616
6802
12921
7355
31079
293
5573
27078
19963
6660
24588
23659
11262
6135
8521
24878
20663
10217
9807
2953
8442
11355
7146
1041
6616
28022
5946
24548
44
484
17366
4481
19457
9065
8434
10693
28694
27283
4995
14510
11729
30818
3924
4297
28002
30014
26894
6541
22313
10666
31415
28254
6357
32487
8681
30221
6313
26711
6016
22333
25474
10803
9748
23143
21833
21948
18781
22777
19933
24441
19326
23872
17917
10721
22160
18773
21013
21071
19148
12032
23844
26308
24771
14348
11794
15661
17129
10311
26662
21677
17925
26725
21893
28174
28984
12066
3801
12682
19607
31944
30121
17037
21562
15823
25660
20339
20370
26090
27471
16327
12535
12221
10593
30344
4227
11104
4835
4781
15569
22586
23905
28740
16997
194
22759
21655
20149
22407
29425
1826
21594
12768
13380
4956
18044
30802
222
19464
5186
23903
11383
9690
24340
20503
15753
7403
29112
605
26990
20851
17220
20860
12075
10833
31751
20890
2158
11607
2876
29483
19842
10414
31132
23636
17845
12285
24653
12642
12961
11673
21728
5080
25575
18064
23606
3280
16457
12666
26748
8772
16238
20671
5665
4568
2922
24723
15487
25015
15181
22152
654
19545
10823
24394
4504
7841
30939
6916
22116
26756
8659
13078
16201
20570
23816
24793
6905
7904
1763
32590
18996
14930
19571
4732
8466
23427
27152
24280
6231
30183
4394
18394
23566
9606
810
15574
30443
1831
22644
26974
6079
32116
21708
32028
10943
19179
10251
30174
29194
14252
15652
14310
7783
19771
30965
15410
12897
21565
4536
16299
31261
21550
5970
19487
24235
16034
15358
9795
18892
24781
16197
11611
19734
11808
27007
2792
27100
20300
28439
9437
18138
4123
21577
1037
10993
31940
15510
29980
20462
11950
13437
26630
13155
8718
24753
21488
5021
19223
5629
12540
27110
2706
16683
12153
10229
17339
20181
21962
9763
23870
1309
25479
26035
22324
4405
11569
23127
30122
15767
11001
4001
26044
24009
2125
5605
13922
18820
24234
28854
7957
31293
21929
5555
17716
31633
29335
4729
11840
13440
19269
11448
30898
162
24840
29463
23567
17685
31534
7987
25074
21061
7943
11825
18463
18507
18848
13259
16199
19997
11789
4225
8961
28501
9246
23120
6738
28755
17223
23125
25805
14336
27171
19998
10901
10184
13161
14770
18516
10650
1451
21012
21248
13104
18734
9086
17015
6
22114
30663
20717
17242
2889
20520
11835
8726
22996
7878
15418
30947
11952
14788
24276
21907
11856
31622
263
17662
28779
3398
11513
8515
32136
13299
15648
24903
26036
21053
27163
14424
23003
1251
7826
6538
8783
28580
13680
4680
2820
32048
19175
8996
4300
4421
4662
14180
26572
31562
28461
13558
30474
15918
26413
18845
12180
20814
12361
7149
27480
30169
5698
6276
22097
10260
8400
22710
31175
30299
11265
22404
23144
27699
28424
13552
22738
9382
16688
23770
16342
27246
16679
20347
26488
21584
30696
10987
29807
16151
8285
783
9108
23733
502
12461
19438
7006
31736
7319
25210
21442
32155
15890
13582
29401
24801
6692
7496
15813
14249
14328
25593
1807
4592
24174
23397
28514
2596
21281
507
22971
4579
9574
17398
6702
10045
5287
8608
23308
12574
27150
22974
17549
8461
24445
7983
17898
5840
18778
17781
21415
16185
5722
5923
19314
26638
21801
15719
22125
23306
17243
13640
7279
22978
29518
13812
16986
27290
30752
2697
13716
17958
21685
1185
11159
17439
15395
21912
18326
28582
9003
2861
19157
32745
1437
6736
816
18938
8157
13905
8854
9368
6545
16789
19775
5888
10954
10499
15192
16576
26828
27779
28483
29215
7635
11374
10879
22492
22395
29002
10679
30452
3301
21008
29403
26643
23452
5362
5738
27760
20087
23910
8304
29795
25301
22009
16906
9176
7244
12910
30724
27169
18242
6369
11594
30618
979
22164
12644
6601
19950
7023
26446
19760
9607
28883
14051
6199
2430
12111
15699
8583
16597
24211
2023
30647
25441
9929
12252
22958
4145
25383
23444
32350
27231
19232
14110
16765
13459
19684
28518
25691
21867
15051
9831
8274
30234
24145
19527
29700
27925
4607
23609
8831
18646
30052
4083
32644
20979
96
2928
24187
14685
8433
5750
24316
16058
28029
14452
18957
30413
20325
3191
11091
16128
18109
32010
22074
18801
11131
22410
11621
32424
2091
19726
4445
20669
28309
24979
19270
20482
16184
23795
30803
4409
19052
719
13683
23360
32052
16687
3676
14982
17674
19886
29447
23920
27557
15093
24941
4331
17937
20984
26146
17619
14761
304
31375
20411
315
10431
1784
28308
31783
23913
12123
25427
1199
6044
26836
9699
31179
7440
24754
32240
11614
1008
2564
26659
8144
11069
21719
17957
628
26768
2633
26995
5583
8128
3365
32100
20295
27270
4706
26003
29473
23150
27026
18835
16408
4105
1593
10205
31959
23084
8587
2802
763
26059
20305
10049
16214
12044
16355
4378
4949
28405
1524
27502
1500
14895
31196
1040
15380
5911
23592
18719
7234
30115
5466
30109
7952
1464
