40 100000 106
14017
23722
9650
13519
29966
17656
6623
5823
30637
19442
26702
884
9888
6353
30935
10293
1365
4425
29078
20246
21458
7490
9680
11518
28998
12155
30744
14127
15190
29929
6152
15933
6780
1055
20989
11770
8160
17883
10948
31593
1257
23440
11903
14426
15195
25512
14554
18625
12846
15871
17281
5483
1612
22592
1051
21056
26878
15456
8097
27049
4172
14128
9334
5015
30503
16441
5714
7975
1126
2521
5430
19930
26451
10781
10754
12250
1863
32491
13265
12123
6707
9477
2743
13407
26190
25300
15203
5120
24561
18638
26105
17985
23789
26311
30119
28276
23344
30185
24587
11555
12063
31145
1528
2443
6224
27944
