24 100000 184
4924
28557
14980
6578
10547
20443
16249
21471
8201
30687
8475
30525
14439
11842
19003
12783
17263
471
10386
17872
16563
28812
20748
22304
13047
13719
13964
10845
25199
21449
18437
7536
9679
13459
17515
8825
12146
15135
29856
31066
13661
28939
20470
7552
17115
29668
28266
31277
13844
22828
13992
16847
13956
22275
12663
4702
5739
17308
5551
21635
4290
19812
13817
26859
30421
1755
11442
13303
1383
15332
23237
14875
13949
18803
7065
31361
20693
1382
14779
6185
24068
7273
27648
21711
1741
2986
2319
8844
27515
17497
200
5646
12592
28351
12336
29703
17090
25214
31023
21277
16631
18125
2965
20169
31639
23773
28652
27408
31630
13305
23910
1146
20036
23582
21470
15408
8004
26355
27451
24999
25399
13675
2821
11635
11170
30044
24154
28030
21183
8802
21204
21099
18396
3424
4017
14711
31460
6408
871
17405
20243
11657
11146
1131
11144
19946
9880
1315
20057
19549
13338
14017
3906
27752
22240
7678
16725
31365
6584
23188
23402
10757
19118
3146
2223
28173
13990
26431
14376
28281
23839
21364
13890
664
30431
12797
28794
2584
13895
21281
13767
22488
4109
27062
