19 100000 141
9949
6162
1476
24739
20472
20658
10333
3171
22731
22565
24191
26023
7072
13551
10335
11721
7355
16303
21405
2202
27714
27618
528
28036
8911
31670
28642
23563
28556
3536
25844
12953
20110
10591
2477
13354
25911
26853
2668
30616
772
10319
7908
11146
11070
541
12905
10863
5573
24209
19742
6286
24417
32745
7049
1114
25331
30079
7559
32524
5687
23434
5470
28241
1751
26768
14922
815
15524
23860
6855
9031
28177
5461
10740
23494
10030
22249
14774
27834
21126
25404
26859
9278
5048
11731
31102
31795
20969
6312
1589
8392
24606
2443
4415
27881
6130
29733
6739
16802
31829
3606
21297
12402
25381
8429
2435
23075
25400
6209
16070
30829
11390
7149
241
14367
9877
886
2699
426
11790
30957
11655
7562
2112
22497
6981
7287
21060
11311
6407
9467
18310
21731
18172
25042
17591
30367
29455
158
28128
