36 100000 331
28277
16876
21111
10411
5987
1503
5797
7757
24380
29221
21935
24
10951
22174
18294
21119
4253
32662
4958
8080
9624
15726
16714
5758
6118
23058
13716
11999
28230
6413
8922
22550
773
4654
28536
32295
14086
11211
14177
27512
32514
21052
23837
31041
3547
23718
1382
29696
10642
4015
5848
16825
29831
13145
5281
25812
19232
30270
23566
13407
12515
12406
6102
19039
2922
9266
8001
19900
23714
28102
10039
31750
23380
14684
13250
7438
32268
21430
24949
17011
31248
1851
3912
10600
28041
10883
30337
3637
9730
32661
25852
3217
10657
27045
2269
15620
594
24296
19097
10607
17441
29958
5547
13730
3477
9488
8526
26913
1476
10419
25104
2242
4371
168
2625
21229
19647
10904
29023
10747
12808
32122
1627
22015
32327
21413
17016
6327
653
11430
1339
27703
11650
3278
15037
10032
8852
17746
17622
30808
14838
4638
1905
11781
30299
21033
27124
26359
30432
15171
32051
17530
8505
23742
18334
3777
6582
9601
30905
24560
31588
3839
24052
16065
12706
22720
2263
21358
11493
12644
4458
29981
2211
15863
17436
10202
5728
9774
21894
26874
12606
30242
19362
11707
10637
16924
16589
14185
24477
19582
7790
11473
26905
31597
1967
30028
3834
30241
28540
26824
28297
18036
8962
11860
23454
9425
23773
24169
30509
24191
20381
1887
20449
4305
1005
23946
32592
25561
695
18534
23529
5525
3029
7205
16782
7251
16281
17831
2989
13612
17213
9921
24592
8827
10909
11570
32679
14694
27576
3248
25316
3611
4452
20620
15632
12275
8117
4940
32350
19096
4617
27831
13063
31807
12619
16677
5845
30713
29758
30475
7975
26468
17262
8535
12698
17525
12151
606
28091
27327
6782
7091
22167
30999
31623
16163
15674
4728
22255
21980
146
58
18810
6533
17718
5230
21738
19787
32487
19958
1257
26637
28084
7538
8092
26632
6441
15082
1482
14737
12561
15601
18444
28752
846
12547
20643
14422
23791
16317
6550
23248
15406
32152
31215
8414
26176
16591
13296
6708
21100
10047
15404
7785
23627
6586
17148
17457
9963
12012
32100
