48 100000 153
31233
29925
18140
28219
3405
8470
15384
2153
10988
23728
11650
11688
12942
16727
4341
29217
17928
12620
12120
17704
31686
29545
8142
31572
15315
21224
11136
4861
19350
28610
3081
10506
7821
30393
10187
7624
16114
23872
29032
548
22899
8538
13167
23059
30368
32384
25242
8462
8034
24613
7152
29731
2845
3208
13838
10656
21431
27224
13738
30283
4532
20136
26432
26796
13352
19340
28947
5514
6941
30119
7826
17005
31284
21530
18798
32551
24230
6589
866
25503
8754
23057
9022
23819
22979
32615
3330
4969
11224
22567
31478
29850
26560
30
29624
15288
23807
24427
32153
31184
13823
32444
8605
18088
17631
4570
13612
16706
1975
24043
16749
30575
14177
2148
4259
10781
6849
17757
1470
9718
20969
27970
25266
22370
18485
23323
30245
19841
13395
10335
14149
27442
1818
23511
367
16528
8852
9175
22608
19255
17660
27328
23668
29983
31440
24987
22602
8780
28285
12162
12033
15783
19409
