16 100000 1012
26658
29240
31099
22512
734
20664
16453
25316
10425
5253
30721
9388
20735
16859
29427
26182
23826
21702
28499
917
15137
19359
15713
23572
24441
19160
2343
21561
4208
13201
18345
26467
17686
1954
7299
21717
23370
5032
22186
22708
30816
28428
10961
23859
26746
6030
19406
2364
4583
4468
2382
7528
9077
25713
18333
20523
6562
1984
22988
29249
14990
17757
31506
25442
10378
21302
9190
19724
19473
16715
21108
21691
19198
28838
23960
24196
15865
25311
7809
22342
12289
20595
18170
30654
32501
10199
9094
456
5488
20967
10202
31033
2173
12121
153
16128
12438
14000
32482
24168
12274
18908
19094
7976
19948
8672
31256
1466
24620
27362
10966
21154
12634
31283
13758
16653
10083
28564
30119
29681
30062
23461
5715
30786
13870
26250
23179
20149
16070
26126
30499
13799
7210
10415
15415
1135
32176
19312
24524
27395
4852
16436
18848
18364
8686
13338
11520
8381
1052
4858
5268
30665
23953
18631
29235
31785
2885
18759
10030
10532
13877
8437
23327
22514
13179
30571
4879
10193
26312
28422
6344
19463
27590
26197
11110
24956
27804
23061
16125
1028
2990
24061
28781
3480
30883
16406
10886
25456
17366
26793
20373
11395
20135
27168
2222
12833
30406
12755
8399
27689
22399
17096
14852
25960
31347
6850
30623
6231
11134
7358
27137
7419
4841
6008
31478
5915
29591
32405
4566
4198
1588
26539
7288
10057
15169
8186
7328
24815
32471
12936
12779
7158
24526
7285
5950
12187
18217
3332
14439
19685
27892
5086
27219
25722
24870
26199
23849
9868
30732
16085
11080
2257
27376
19298
26518
23396
27842
19997
4872
1495
20072
9072
18258
26099
14363
21364
142
12525
27440
12083
5242
31626
8217
16641
30270
24083
3850
12073
7131
2942
16088
8421
17157
27873
24591
20381
5865
9846
22148
13120
17731
29444
23675
20703
17073
6636
18012
15024
1411
5169
4640
14462
12589
30245
6702
3576
21778
19485
4720
21090
15835
31149
3916
10146
3716
11567
17480
1458
18255
20979
13976
101
22844
30916
16158
20124
16226
6170
25633
7523
22199
31447
30630
20342
24769
6890
2880
25790
23532
5541
30169
31270
31768
13163
17518
24844
30301
9934
14752
24147
10929
27479
2718
23017
22769
3220
26386
259
31654
27065
4983
9079
11417
2183
17442
9260
19659
29372
28137
29356
27442
25575
20727
15793
8938
581
1711
5259
32020
2435
29562
5808
20481
10468
17004
30336
7688
21907
15606
22972
2884
13357
16731
4059
2426
7321
17569
30837
31314
26385
1105
121
18298
27740
16565
19029
5991
23035
3644
11324
8211
7547
7049
24546
8124
8252
31159
14341
22832
21547
3603
3114
26588
25656
8172
22902
6064
2572
17408
21665
16909
14663
16117
19269
1827
14767
11592
16464
12358
20340
20695
11483
26072
2232
31597
12136
27437
12158
4580
19735
19752
5233
23947
17524
15444
20741
13208
12675
21465
20645
31413
16519
17611
744
16657
23495
10684
2085
2064
4429
24223
8061
26074
1064
1360
20189
30580
26720
31180
21920
15756
23144
23762
24120
15561
29102
24308
10666
5038
25616
12129
23202
2814
13896
20353
19195
31467
9023
13245
16278
8545
8644
23978
30977
29959
17780
24837
19975
27370
23296
3338
31676
15758
5722
39
655
2514
32628
1683
19714
31165
6153
3566
24300
22492
20949
11827
18895
31585
13438
6161
15290
25988
9616
27579
7545
31741
29656
19438
26260
22405
10777
18456
9694
5396
11320
10557
25706
28168
521
11158
4231
3445
8606
28130
21735
11047
27607
2946
18829
4090
2088
24959
9223
12626
8351
21011
8174
28731
23656
6424
6667
29156
28275
21276
21300
14536
25739
20272
29979
17552
1852
25923
30935
20128
6126
30134
13830
7446
10313
9107
30519
3281
27617
32057
5792
9818
28960
522
786
16208
21754
27264
20084
16835
26291
18064
27580
12729
13623
5794
11849
21984
10035
30260
28295
18536
18366
28287
4099
5028
2334
17207
27587
1697
8706
13240
10976
30511
22070
21873
24798
3617
4698
27626
12060
29503
23791
2737
24618
26152
18683
14376
22294
4718
10273
19919
12322
11714
23542
4750
17683
23267
24898
21982
21074
11049
31496
30510
32190
24390
21480
24075
15447
14016
7793
26701
20333
23504
8582
24348
24169
7389
26224
25867
20454
25686
751
27053
19904
1226
19736
30574
22139
26928
27085
19278
20877
31066
26133
2186
24087
16843
30843
10365
23147
14552
32019
7245
16259
28099
13590
3005
8596
17623
32143
8250
17236
28745
29768
26792
13316
29881
22869
8313
31665
1969
26255
20747
3766
28717
25631
20229
6637
15955
1085
23577
31175
15333
17253
9299
29213
15590
32000
1563
18086
8971
18585
922
9387
15255
6549
11593
23016
25412
6731
6508
6576
2307
15020
32389
11026
19443
6784
12254
8245
17774
13020
21839
19593
10809
31539
11886
18838
17879
9503
3400
17728
17775
30000
25518
16938
12126
22015
20736
14095
2357
30049
15271
28406
4101
8357
2792
8275
6369
628
11771
8
22619
14058
2815
7432
32050
28592
10945
16096
4493
15941
32517
31988
423
9074
31417
20311
2403
20106
5436
28134
31999
29173
18775
10765
19917
32097
15023
5416
3592
20990
2370
26101
15638
7952
12488
13341
9515
31371
31579
5985
14145
10558
14726
18938
3987
32091
31754
23855
17590
14231
20514
20648
22496
20279
31622
31098
15013
23391
8871
28392
24833
18516
7298
1570
2980
661
20307
21256
6824
22033
9193
16983
8724
5771
25603
29313
14186
485
15928
18104
21457
10668
25050
32702
3360
18319
20070
18026
930
21970
32371
16463
1229
22638
21228
16678
14753
17271
4977
6844
23681
3318
15718
17911
32521
27602
452
15253
28074
29935
28981
2406
20920
29472
29749
14518
31723
26040
7912
3059
22858
5584
25587
25529
28752
13472
6811
31102
10252
3205
17659
28366
17508
7578
13803
15505
3554
19555
17858
17107
30876
25230
17295
24616
23305
28900
13475
19381
9958
9734
17312
1348
24565
8257
29942
2469
14825
19773
4999
28343
20259
679
8983
5284
29146
23175
30096
30538
15625
20337
15535
26850
27416
11105
20183
27212
22024
30285
24988
5226
20609
31463
7619
19670
17438
14899
13232
9988
11056
201
3915
31274
16467
12844
23092
5769
22999
15733
21505
28026
3079
19682
23669
22313
5470
15749
4854
1654
16735
25519
3573
21945
3145
24745
19109
692
23425
502
11044
13444
30787
17182
1675
25893
