27 100000 156
9848
11352
16062
6830
1426
30080
13270
27201
7954
13724
21667
15539
18727
18586
9517
5334
19686
9117
30979
21897
11801
8188
30809
6567
11758
6880
28238
5666
5895
26661
16423
7100
29042
8963
6629
12594
29852
1119
4342
1837
10682
5486
13613
13940
1835
7178
29830
9873
1965
5460
19463
27498
32077
16377
9708
19239
21436
4108
28170
28141
23576
30737
15078
10475
22206
21303
1922
7889
12979
2499
11301
32319
21653
10285
29880
30094
28580
30367
13434
5865
30095
12072
25885
15389
31423
432
11841
27177
14938
10975
23287
19831
21198
15439
30244
9820
4046
12237
21534
690
31106
28199
16264
10592
22211
13068
3048
6853
20994
26144
23881
22628
24372
24623
7145
12259
31670
20198
25624
3338
3697
5714
20801
26007
4501
25928
22269
12278
674
30881
27110
25219
23617
5511
4131
20855
13370
15774
11461
28837
29811
25378
23048
9804
30422
26321
2288
14123
19693
27581
26557
24961
1589
25802
8013
30034
