5276
3250 4700
2001 2414
3144 3969
2165 2261
5266 2878
2814 325
2258 3168
3937 1413
666 2027
4736 4269
4685 2394
4811 3819
1365 1299
1381 3878
1335 3179
4942 965
4656 5275
3568 1758
467 181
540 4202
3821 2281
1971 5265
14 468
1736 17
4583 4998
4118 1312
1022 1992
408 1055
2647 1460
2606 4331
281 577
2836 774
1959 4144
2340 3852
5110 1740
3841 618
1217 3025
397 4210
2316 2813
227 4117
355 3274
496 102
2191 6
3794 3999
1213 2072
3440 852
1022 2369
2071 762
1032 2605
1351 3911
4899 2073
865 4815
1891 1050
1683 182
221 1017
3584 4787
4717 3587
1428 1172
387 3866
160 595
3833 3471
4135 2729
3580 4221
540 2756
4485 5045
959 518
850 246
4571 1581
1987 2692
912 2175
1057 4264
3582 1018
2712 1449
2688 4876
1571 1832
3118 4289
5012 193
5037 1869
3220 4283
1067 410
1561 4302
3013 1426
2517 3067
3560 2745
4407 4747
770 2635
1148 121
749 2413
2219 2501
4554 3283
3074 4374
1990 2814
5108 3153
887 1141
2147 4270
104 170
4463 5126
2107 4490
1340 4628
2093 572
3708 1615
2772 1526
1084 3821
2464 1364
4359 1562
3028 2458
703 4763
26 1061
477 4571
4212 515
1637 4217
4945 2189
4133 4900
2947 1206
4538 1515
2505 2630
1997 4296
3331 1283
4627 3138
4498 2228
4542 1821
3748 3530
3107 4501
3512 1448
3511 4969
308 4099
441 4317
2662 1548
572 1815
995 2456
3045 2747
4214 2218
5028 2742
5087 2547
308 4199
4414 4608
786 4071
4945 658
3687 3870
491 2094
2527 2132
3154 3173
1078 1212
3902 451
1810 1352
2345 654
4018 3733
2106 636
5154 4647
694 1032
4395 3572
4240 4510
1472 1932
5069 2125
474 4340
3496 3292
4007 1022
3992 86
4499 2020
3037 2998
3279 4698
3744 3281
64 2169
5239 4864
3033 3311
4941 1698
4525 2314
4334 1939
1509 2264
1186 1972
3588 3853
967 3992
724 4152
3817 5104
1404 1873
5253 2685
4925 3494
2530 2429
3712 2444
1191 795
2143 2159
1976 559
3387 4207
4913 5232
1285 1875
4298 2435
123 4038
924 4474
4002 1664
4299 4486
4321 2640
1741 4163
2009 1679
3549 2602
4492 321
1332 5069
2401 2815
2458 919
299 1078
3732 4763
1201 5027
4250 3728
4811 305
3795 1026
1205 387
218 2077
5177 1903
1509 3747
9 3502
3499 436
937 4434
4207 4193
2664 1494
4618 791
3586 4931
3228 4735
4778 270
4095 2527
5206 3328
4684 425
2679 220
4176 1181
3238 2947
2373 1568
4467 4420
4715 73
3233 1945
200 567
112 1123
3463 4863
5103 1556
5080 3095
5201 4737
4137 858
1939 946
1899 683
4977 952
112 2442
1751 695
1520 2213
717 3967
4769 351
1055 3295
1224 2918
382 320
665 2132
2660 726
3149 4936
406 4565
603 1613
1703 4796
332 2574
5056 1312
5235 477
2367 1845
3635 337
628 4150
4108 34
1601 1101
4905 4651
1806 4944
2595 4118
662 545
1754 4100
4662 4261
110 5191
1578 3662
2861 3497
457 1032
4252 4718
2606 5009
4693 3559
1803 736
1440 3443
4892 3557
3449 3905
647 3356
338 3774
865 1016
4871 1792
3722 3836
1360 918
3477 4224
3704 363
5159 5023
4196 2917
2955 2972
3627 820
3642 4592
2034 3888
2809 1414
1250 235
5121 4070
1246 4230
5275 4849
5195 290
3414 984
1526 1783
426 3276
3954 3839
461 3991
1276 2527
4713 3098
2667 2967
1223 291
167 4371
4117 2591
2510 568
1436 2307
4993 4196
3361 4544
952 2880
2943 2706
1170 3785
3063 5082
5204 1979
293 2638
1215 3793
1808 3167
1150 4745
3044 4974
4018 5017
333 1541
1818 1259
696 539
4646 3674
5137 262
3043 2871
3106 327
713 4222
2413 2637
4498 347
776 335
648 2940
4517 927
4815 3586
4445 2440
4505 2561
3327 921
1651 1524
2239 4695
2658 1851
4475 432
488 2701
1920 1270
2799 970
1895 2611
3372 2925
340 3720
151 784
1410 1942
3825 3888
4874 4655
282 4913
3735 3534
4524 3583
1302 4970
2306 3798
4824 2900
3504 1464
4944 4180
1319 3970
3032 2144
3421 2687
5003 4360
4578 1352
1429 4143
941 1798
5203 2636
2240 3774
2157 3886
3862 2346
3062 3595
2568 295
2031 3026
3797 874
4927 2242
1618 3115
4212 1390
412 1044
101 795
4902 3339
4590 5225
2834 3931
2312 563
3901 3026
2263 2828
1382 587
3473 1251
1343 5180
483 4680
3825 4912
2850 411
1120 1937
5175 4626
2430 5052
417 3783
2114 4733
1384 3649
3351 173
2345 573
723 1204
1174 4924
4529 1515
2808 1712
986 3211
1397 3464
2948 4356
243 3327
4039 3552
2703 3374
384 3557
2712 4903
4822 4306
4156 539
3267 5070
4578 2436
983 1943
3821 4917
3195 4111
3368 3823
2008 3786
1955 2644
4329 4891
3543 2709
2274 401
1706 4925
281 2287
4677 4010
3843 2998
2623 1408
2526 3791
2384 3332
226 1428
1756 3236
2343 3748
1849 1996
312 3055
3867 4633
5076 536
2457 1668
772 1026
5053 133
121 914
1073 5082
1962 2692
5179 1807
4768 5026
2419 1774
186 3118
390 3386
5248 4929
3172 1336
2344 2236
1514 2858
2866 1061
4325 4011
5078 2278
624 192
5001 5259
3519 2767
2250 3924
1532 3611
1376 1785
5034 628
4637 4309
3912 4837
3077 2713
3784 1350
4412 496
4963 2252
3592 599
2609 2269
615 3754
2097 2282
3754 3745
2387 3141
1920 1960
2218 4129
4843 4733
4810 4117
77 2543
643 1939
2376 3816
421 1096
5234 4269
1081 3686
5018 3810
2902 4049
2489 1323
5049 3439
2421 1503
2644 3241
1537 3326
2548 3436
1312 835
3609 10
2532 4966
3318 4000
2952 609
1279 2001
807 4810
2734 1787
2998 3556
3832 3704
2998 4565
3671 1820
1874 2125
3282 1324
623 3957
3187 2703
3714 4295
3699 1947
2181 2049
628 3226
3477 1015
138 3574
4357 2225
3237 5117
2867 8
1895 2985
186 2850
4536 2756
170 2511
4317 1466
3105 4991
1466 1809
4936 4423
3846 3864
3448 3828
4287 5264
2286 796
3994 2695
1958 741
4710 1569
2074 2993
3486 2507
4167 4762
2875 2468
722 5267
4893 2276
5153 4242
717 3506
4241 2624
14 3518
5152 1072
2867 2111
4642 1009
128 3803
5125 3304
1913 2646
4430 2815
2916 3981
4255 4112
3606 4580
2283 2735
908 1081
4091 5097
1613 1295
2686 5158
4820 3895
3368 5020
361 2682
154 4463
2179 2791
4928 3603
5109 4163
318 4764
3563 1825
4291 2756
3721 4480
2607 960
1027 1607
5069 198
1249 230
4146 3695
1940 2033
5057 3370
4277 4989
2947 2217
1014 1401
4213 3181
1375 188
4441 848
799 289
855 1269
188 133
2319 1010
5058 2620
5199 1314
245 2307
719 3177
470 1311
4895 658
814 4849
3295 2841
1533 623
3126 118
4211 476
121 4565
1872 4375
1368 1724
1844 4522
2058 4076
3617 4644
4509 2441
3103 4999
1271 224
1113 5160
2861 4818
2977 1842
2311 2453
645 1115
1364 3856
4730 4322
556 3588
2624 3383
4360 2262
5012 757
2698 2012
473 1941
1073 3683
4312 3509
1266 3411
310 1279
2779 4744
1517 3807
3023 5204
623 772
1332 2522
1370 4125
639 2554
1234 4413
3946 1033
1613 811
4226 3589
2165 2462
4521 1498
2939 4730
1809 1866
3724 1247
2494 886
2177 3630
5056 1422
1875 2265
3247 1869
429 2546
4483 4318
1574 244
2564 1754
2013 5116
1299 5140
3855 2244
4791 1732
4639 1143
4980 5238
3223 4743
4295 4556
1215 4934
4040 2769
5165 3452
2397 748
2138 372
3741 1202
748 41
4962 4793
265 4308
1126 2618
4325 2806
4654 1400
2488 904
698 43
5100 3245
2527 2201
1194 2782
4899 4429
2213 2458
26 2235
1001 3289
3704 3066
854 4977
3948 468
2585 845
2424 635
1807 3791
4776 4536
5226 1879
1374 3644
2651 3334
5275 4244
3439 1647
4758 2878
785 3672
395 1840
1557 2615
1639 1995
2272 516
668 2787
3802 4574
4146 931
4634 991
3310 2919
3890 4871
4549 3408
1192 5076
36 1498
2275 4969
4124 1453
2708 1365
878 539
3996 2215
4610 3721
672 5091
1446 3968
623 3118
2137 2841
929 3310
4329 4495
5064 3346
1430 759
3319 5275
2755 1768
34 1779
1322 2403
2141 2841
4337 1308
1409 5112
2393 1454
4597 3270
4219 4864
3499 1610
1105 1738
2927 1607
1575 4729
4743 652
3724 2063
3962 2706
617 3475
3605 2452
1601 2653
3972 445
880 3562
4918 1226
2303 2551
176 1768
727 939
1360 382
2353 3429
4277 4449
2427 4230
3030 2007
1991 3308
1570 2445
1036 582
3306 3987
2640 239
5183 2229
3836 3932
3720 783
668 4118
3793 4316
2353 387
1599 593
3720 2159
2951 1408
4535 4998
3861 5195
1201 3888
2484 5176
1478 2604
4319 1215
1530 1299
2292 178
1345 4467
998 4913
1043 2373
2768 2564
2828 151
1324 2554
2913 4481
873 5063
3646 3914
4518 2387
550 3879
4707 4136
4856 1012
2659 2140
2480 4532
3283 1832
1060 4005
4985 1799
980 4798
1344 5054
2784 4519
322 4951
188 4487
570 4430
4265 4095
4410 3166
3718 5162
2747 4901
658 2352
1843 1106
1041 4970
1053 3524
4477 3351
3299 3776
4360 2079
3374 1309
3504 3981
2354 2036
1155 4522
2573 3853
2844 2998
1213 4368
3232 4075
3378 4462
5271 1836
173 4686
119 1192
4955 448
4967 690
1994 4182
1909 1767
5056 4259
3849 3121
3359 4677
4764 4944
3151 1540
3445 1047
4050 4815
4351 5188
4867 3950
3588 4943
5104 927
4954 1893
2779 4359
2246 4819
2709 3403
4485 849
5016 2824
1953 3141
806 5004
3598 92
4108 4294
2184 4896
3519 112
1224 1255
1605 3146
2339 3784
2589 4489
4121 3092
410 1090
3168 5072
3400 4150
2215 263
1961 3356
4747 542
5120 958
2848 3139
3750 778
4503 4553
2659 4027
4874 3746
2683 1482
2923 1022
4420 5214
3362 4629
2215 3589
3460 974
2510 2447
2274 3573
4011 1224
2652 3411
898 4593
1818 619
4694 3866
2455 3037
2499 3929
229 1556
3299 4084
209 465
349 2892
1180 177
926 2846
3120 4998
1961 4436
5088 447
3273 3753
256 983
3088 3463
1638 4372
4786 3655
356 5049
4646 1811
1111 3123
4849 3579
939 2700
296 2379
5194 3127
3953 3306
2698 4987
4311 4417
1890 4358
281 1885
1889 4441
4017 2513
3870 2084
1632 558
2516 149
5164 855
352 4516
5012 284
3729 4155
4504 2170
573 791
958 4430
433 3295
2714 1808
250 1646
87 3355
2720 2776
4295 4258
4983 1016
3998 5102
1215 175
3742 947
4846 2081
4961 2667
3705 1017
4374 3475
3963 1252
836 5025
2266 1244
4690 4758
3368 121
1851 4722
2507 2192
59 2475
3609 2348
5257 4754
850 154
2914 1434
300 2726
785 128
13 4640
2245 4056
1699 1278
1906 4030
1455 3263
2406 1621
3469 1832
3452 5231
1447 3581
935 3786
2657 4826
4873 3476
146 1801
426 4905
2494 479
4443 3968
3754 4444
681 3705
3553 1116
451 1882
1699 401
794 1186
2900 1561
3035 285
1840 4299
4211 1252
2830 1547
3070 2702
2881 3279
5163 2074
2318 3221
375 4101
3193 2516
2788 1269
1727 5211
1871 1225
1876 2586
3740 2850
2633 4285
1618 1448
719 223
952 3354
2381 4292
530 1619
1009 2735
1039 1466
3297 1940
2297 4727
1543 730
3184 1289
3620 2409
2026 645
2833 3739
127 4596
3368 4178
5081 4298
2830 1683
4509 1838
3092 5149
2563 3829
2028 2716
4425 2050
4389 1137
1918 1604
218 1907
4011 3938
1787 1410
2198 4522
757 1614
5032 1985
2752 3058
4233 2789
5012 1198
4202 1586
1550 4886
577 1572
4947 4192
164 401
3815 3436
2685 2592
618 3663
5014 267
4774 4132
2728 1192
3346 4498
4125 2783
767 126
2015 209
2712 2847
4286 4087
1730 1563
244 4437
4801 5184
837 1338
1351 2274
2127 2957
1223 3586
1092 2762
5132 1752
2232 3277
379 2600
720 2178
1960 2172
3755 2487
3868 3065
2811 4575
386 3720
3366 201
616 1701
3035 4955
855 2127
1442 142
779 2150
4342 1167
367 3778
4238 4133
1756 307
2347 1395
4531 2801
3274 2361
1890 4416
4624 587
1003 2203
4922 5113
186 1871
2673 688
241 4576
3490 3838
2429 2347
4073 4297
1254 1876
781 978
4650 90
2428 191
2149 4786
183 134
3268 1419
1336 850
121 3704
4260 3819
3800 2062
3934 780
2164 4896
5145 5203
2162 3338
3849 3917
882 320
2353 1333
1940 2357
82 3812
3077 2817
2850 3514
1187 2134
389 4227
2619 3093
4090 1237
3960 2532
2851 4045
477 2096
1952 924
5083 3403
4669 3618
2731 3733
1896 3134
4398 968
4344 3209
307 1691
3141 5121
2621 2332
3454 453
1181 374
5046 687
3244 1698
635 108
2983 4668
1891 342
68 1323
4984 185
4269 1563
4761 4402
411 2898
2950 5135
1507 1970
2311 1961
771 2260
338 5202
4008 2756
2972 4171
3378 4096
1232 2963
4735 3709
5184 3805
1256 280
4483 4051
497 2017
392 3501
2415 5121
4552 2298
5114 2422
1185 860
3894 3036
3222 946
4073 1007
4367 3074
1226 4476
5089 5128
1747 2703
4977 3696
4333 4152
1275 2211
4369 4503
1393 2962
4396 2801
4278 2576
768 4053
787 4851
3421 3248
4522 1645
4200 1523
4437 1723
1549 131
2231 996
1290 4368
4555 4703
1149 3153
3144 2995
3537 4669
2727 3343
4068 3571
865 859
3274 3601
120 3378
1459 2572
813 5123
4355 2062
444 3342
3825 2935
1778 542
1732 3890
1130 3977
4402 4630
663 2544
1127 2831
3585 5069
86 2574
3881 2774
3453 209
1218 4882
3033 2850
4223 2102
2917 12
145 2236
5189 3282
2537 4277
4005 3657
2651 1498
239 2816
4216 4118
708 583
771 3189
4913 1798
3332 2850
2429 4089
5276 4703
4412 67
351 4708
4394 4258
331 2696
1593 4063
977 3255
4807 82
2483 3642
1739 4342
4937 3632
4384 2905
2932 4778
3406 1938
2543 3350
5125 4973
2891 5090
1310 1739
1884 565
380 1859
4908 249
3575 2368
401 3993
1021 729
1800 61
1540 3640
1701 4466
4019 4061
1427 4286
2241 2470
434 3982
4710 1714
4114 3761
141 808
2343 4537
283 2430
2670 2181
4421 5141
4969 3703
2858 4237
2210 2096
5111 1073
4367 4345
4507 2317
999 1828
2642 1699
2838 2674
4281 3468
1623 3004
3244 4825
1710 654
3741 1226
3650 1022
4042 398
848 571
1433 1791
3047 629
4352 3287
3625 3985
452 1003
2632 3490
507 2226
2919 3691
2443 2496
552 2356
1116 5187
1007 4025
4044 621
2677 1869
2850 5069
1438 2949
4923 170
4872 4329
4424 1160
3397 483
3076 5259
3211 4087
1631 2346
4506 1393
2393 2901
4712 2178
3463 1545
3850 745
4874 2340
5171 2451
1314 1193
1146 3544
2482 782
3215 2350
881 1872
3699 1143
2597 3198
2518 2237
4236 4459
4835 404
4949 154
2196 905
4629 4510
2580 490
1770 3179
2100 2543
3737 3349
1097 838
4214 4143
3624 4156
3935 3895
1523 2358
4705 112
4625 4295
3160 952
2080 3906
1750 2106
3191 4619
2226 1203
2532 3098
2705 2341
306 4838
2393 272
4342 3643
1229 2325
389 3533
4739 3010
1607 40
3262 3017
2481 1398
332 3118
515 996
2870 2834
2266 3244
839 172
1398 203
4016 2966
1450 2524
2356 4862
3683 2934
2803 3854
3453 1088
2813 2162
1853 3558
6 1971
2439 3401
1294 5006
1780 4665
5175 3136
4393 3112
4467 1638
3725 2947
2836 2131
3484 2077
2507 443
1186 1462
1904 2886
514 1193
3211 2044
2871 657
4704 1234
4857 3896
1452 976
3763 3918
4264 532
498 5013
1388 1130
2879 3885
1280 4688
1872 4819
5196 3561
3641 1911
1890 746
2040 3786
2585 2522
3993 819
415 1840
2443 1037
4776 851
274 2077
4908 2665
3870 2521
1504 948
1713 21
4835 4981
2028 1724
2041 4467
2900 573
4325 4118
1038 1356
5060 4439
4829 1808
2150 2418
45 1234
4945 3868
4256 3199
3442 1925
1975 1113
4053 1464
976 748
2432 3266
2743 4514
4211 4580
4349 2256
2997 1061
4436 957
4413 3206
1527 1337
1082 3328
4790 5245
3463 230
4584 599
2719 1665
2545 672
2534 1022
1957 4587
1442 3873
1617 1246
2311 4741
3038 1291
1755 5052
2496 3836
4892 3514
1242 2834
1739 2717
2146 3104
436 4268
2505 530
1519 4834
2734 2301
2487 1719
1125 756
3179 1752
3612 1333
1812 4018
1468 4145
4392 5143
3246 2305
5272 2841
3743 2348
69 1820
4621 2168
4525 1431
611 106
1805 3271
1598 3809
3799 2956
522 4114
4041 4868
3420 1378
2643 4278
2354 4990
3924 5169
2026 3966
3181 776
1958 2851
1308 4387
3825 2775
3766 1661
4067 1897
2752 1867
1464 5085
2596 684
1394 4288
3526 2196
1905 2990
2687 1613
396 4996
4219 1644
627 2929
3731 4148
1185 2850
3447 5157
2094 4594
3842 4005
4246 1890
4845 3762
834 2994
2739 1592
4526 1185
120 1503
3804 2683
4674 1665
5217 1707
4619 4577
1946 4192
1376 3926
2907 2707
2147 224
4969 3730
4215 1397
4856 4720
4489 1788
2342 1274
3616 180
2824 6
4280 4146
464 80
4815 2493
1753 2413
4095 1920
221 2085
4565 2601
3454 3668
1980 728
4633 3754
4945 4360
417 4161
5255 4936
658 2347
4041 210
2525 1743
3661 1948
3581 3104
1144 1029
3939 4588
2052 1145
5130 3128
3770 2924
3079 1320
2387 4487
5125 3654
2448 656
1226 4382
4263 1079
877 1078
335 3232
2066 1621
4053 224
5229 1852
3613 917
332 481
5068 2568
2101 3118
3009 217
2295 2332
3700 3171
4029 1883
4787 3053
1243 2129
2656 823
4420 1872
779 992
17 2309
821 4098
4828 2352
5198 4918
4964 4449
412 847
4019 4495
4224 5247
1812 4122
3469 378
718 3576
972 509
3434 350
3332 4774
4108 1756
186 4927
3166 4470
1941 64
4488 2375
5067 1080
1442 625
208 2712
2969 457
3840 1603
1082 2125
4823 4606
4485 855
5099 4433
1135 2718
2749 2731
5116 4486
2828 4354
3104 2495
1138 185
1251 449
4 994
1092 2161
1528 4390
2756 3477
1061 2850
1034 1016
3257 365
3057 4157
4438 2736
703 4560
3850 1614
77 2676
2324 106
1755 4523
4412 3483
3603 1542
1756 2113
4152 4590
1735 841
4936 5262
298 4863
1476 4906
4670 4538
3428 2426
3006 3745
2661 1800
281 3252
3366 1890
4857 3564
4228 2237
1464 4650
1383 1264
767 1094
996 1208
110 3542
958 4309
4023 2671
4004 2155
762 5131
4664 2523
1688 5201
4619 3427
4378 4271
5083 3408
1408 3500
1226 2217
872 4086
2245 4237
4849 4109
2965 761
335 4530
1161 1093
4300 1560
3320 976
4120 1424
4414 4597
3947 2441
2969 686
4269 3777
607 1727
1979 2037
1817 2836
4910 1176
4477 3701
3028 2694
2780 5015
4380 3381
405 1308
664 4951
3122 3673
5272 2732
3402 2252
1135 3071
3333 1332
790 3664
3426 1603
5025 1182
4483 2259
4971 981
3375 4846
2739 628
100 1872
409 2483
1502 4130
2758 702
5192 3000
540 5010
1121 4920
1272 5139
1495 3197
2692 1340
2061 4292
2229 3499
284 1881
2748 154
3888 2096
767 4992
420 308
841 3420
2591 57
4210 1087
3268 3273
1922 2131
3446 4968
2283 4915
1513 4918
2921 4888
2004 5030
3765 1557
1302 538
3994 72
4306 756
2625 1289
4211 1297
2452 275
2110 3213
2180 2062
3865 2253
5109 376
1736 4067
529 283
32 2450
5020 4778
2909 5155
1324 4095
688 756
4775 2917
1407 3502
2687 4041
4028 1611
1546 5222
1590 3772
1887 839
3465 5012
3309 1958
4783 4173
3040 2966
5079 4853
1073 3855
576 3431
3787 4911
2232 3647
3659 2478
4504 229
4703 4062
2246 4139
3031 2353
1042 1159
638 1466
4702 3529
284 195
2418 4458
4910 1557
1240 871
3229 4949
981 260
76 1278
4702 4691
1259 2155
1906 1525
3174 2204
3280 1118
3317 659
3868 2466
4936 401
2092 4365
2045 4916
5265 4772
3356 3329
594 59
4112 4717
4223 1697
2126 733
3476 367
1166 4574
4559 4664
1287 4275
335 4046
2826 624
25 510
32 2680
70 1653
707 5233
1198 997
47 2697
4251 2164
3727 5198
2965 2866
4669 1442
4638 4900
4419 969
3292 5075
4976 1771
64 1327
633 3793
4185 3270
2004 4383
1707 3057
4936 1027
800 1385
4117 4385
2039 2333
82 4506
2898 631
2226 3259
1823 3030
2238 958
3916 3526
948 1231
1785 128
4461 820
4080 2296
1796 830
3042 2096
2133 409
2679 3812
3150 209
4431 1699
4953 1191
1969 4585
166 5236
3061 1023
2968 3074
852 1531
3033 2640
563 3230
1849 757
4365 1160
5205 588
1714 274
3546 1890
1226 2227
3988 2581
741 3945
2357 3530
2929 1103
4159 2156
4364 408
5034 1140
5073 4605
82 4343
2878 1872
771 1191
1262 207
1692 491
4101 4455
2550 4580
4116 4049
1588 3675
4564 394
1332 427
34 801
4841 1248
4251 1087
2651 2006
4614 2026
424 2016
3049 3279
4822 4545
4397 2114
3082 3068
2503 148
5026 875
2856 3346
4913 1878
1363 194
3368 1063
3601 221
924 1690
4454 2726
1599 3171
1362 5164
1998 553
2572 261
1005 3366
2394 2070
543 4383
4998 4366
1578 4479
175 793
1015 1268
4957 5192
3965 3436
1455 913
2392 3706
1748 1536
1878 1902
2892 4918
369 4117
1782 4687
3746 662
3748 1624
4904 1455
1993 93
42 3471
2654 1442
5129 645
2227 1067
1177 4788
2001 1876
1022 958
3947 4476
3178 2591
2531 1105
87 2130
346 1019
3831 3826
862 1135
3611 1848
4733 134
1496 5220
2175 1339
894 1358
83 396
1160 813
426 2864
3856 5041
2030 4648
4204 4609
4855 4381
60 1571
625 3251
2394 3152
843 653
3909 3299
4939 597
1186 4126
5218 3118
2971 934
3902 999
1016 3999
2714 136
2757 3131
2500 5245
3716 888
2347 1073
3619 2625
4154 812
3979 3098
2192 4881
3890 3031
2233 1830
1022 401
1959 1739
4384 3915
3847 3602
3614 2333
1173 1400
95 1222
2578 4508
4604 3418
2183 458
958 2405
1926 1494
3896 1004
5146 1809
4558 1416
761 3425
839 4155
5236 5233
4156 176
3174 2979
3632 487
4013 4757
2189 834
502 2719
1803 4226
817 1454
4122 3210
2525 317
1597 870
361 2574
2463 4457
1073 54
65 853
415 1411
3103 4951
5042 879
343 3680
2031 1382
949 4532
2959 3665
4744 3137
831 493
2199 1470
4125 5254
2966 3368
1950 4088
806 605
459 666
3736 4900
1628 2838
1439 583
4421 1471
3827 4589
3183 4791
641 832
2114 3258
515 4917
4839 1423
4172 5209
1804 2427
2910 2341
287 4586
4568 2432
1460 4955
1271 4926
2050 1333
2833 4120
3260 2405
568 3454
2686 2951
5228 1700
830 22
3908 2804
3154 3903
2919 4953
3495 4451
1595 2289
3132 1290
5136 2023
4154 4862
1495 4864
5051 3168
3271 2884
1829 3935
1683 4851
517 1591
4447 1826
4960 4890
5005 2497
298 1982
4103 1535
1708 1888
4184 2968
328 919
886 3326
4683 3493
2497 2842
1115 604
1414 2361
2841 4421
1195 907
3115 4836
296 1938
1114 4661
3977 2584
2809 5031
1479 1463
4456 1365
2253 4819
3706 2458
2475 2906
3267 551
3895 3658
3632 4798
4370 3135
1340 4508
2923 421
4735 3927
4755 4914
3392 4730
4579 710
2775 674
2531 4805
5027 4083
2765 65
1164 3936
2772 1171
5106 3497
2731 1865
4186 3940
3919 240
3694 4984
1989 1034
3733 1659
3574 4169
537 4081
644 1199
4831 1559
794 4703
1174 2699
2799 881
3654 844
3460 2859
1517 2956
4569 1806
3595 4673
2516 70
2118 4944
391 4510
1450 3426
1178 4189
1498 3523
838 1491
3837 318
236 2555
435 3312
3227 722
1049 1774
5134 3372
2222 4942
3491 1424
4511 253
5136 4225
5198 1604
4453 3227
2485 2900
826 3530
4315 1665
1811 2438
3500 4997
137 2290
18 2873
984 3932
3680 2387
2853 496
3820 4958
4668 1210
2727 2722
780 150
3705 4516
3704 3809
3369 4403
1994 2399
3491 2318
4750 191
3648 3882
1246 4208
2458 1500
4705 1098
3023 4060
762 586
3265 4850
2562 4926
2311 2701
1784 4735
4532 23
5146 3950
1344 4091
1355 3127
4593 4872
3406 4660
4231 94
5220 4576
53 3570
1477 3779
879 802
4100 1714
4933 301
5170 560
4524 4077
2408 1097
1572 3432
4555 157
3875 2133
888 832
3293 1783
5164 3888
1817 569
2534 4329
3502 4203
112 144
2167 1831
2450 958
1417 4614
409 2763
3976 5226
3192 3129
1465 779
4052 1669
651 589
4600 153
4230 3828
1380 496
1163 4042
2014 160
3773 3978
1145 4724
2271 393
88 1908
2974 2011
338 1248
5080 3939
4190 3679
2926 2003
244 4711
3967 3749
3869 3801
3325 1391
485 4123
3982 1209
1961 3698
734 3442
1026 1220
3516 4542
886 3478
1789 2368
2342 1882
971 4944
4894 4392
2788 323
2373 3987
2176 4701
4541 3704
1551 4735
4656 3071
58 533
4980 1258
4551 212
2108 4551
2660 3906
1683 2245
4151 2786
4084 4272
3412 3026
1456 3806
2117 1662
2953 2841
663 4371
2701 4154
632 2146
532 4767
5106 5049
2385 1010
5142 4645
3307 3824
696 1965
4422 4006
4409 5175
634 1201
3446 1243
390 2172
839 3422
3295 3622
1750 3176
1846 1848
2153 829
2909 1354
5224 2173
779 8
4343 2502
4546 1372
1468 3486
3102 4996
4434 1007
1421 8
4409 2519
462 814
2688 4403
544 3637
4899 4893
4862 3019
558 4699
247 4536
663 754
2829 3727
671 3226
2527 2283
4110 2285
254 4414
2096 3946
3656 3307
2860 2352
1469 5027
4695 3388
367 642
3948 4962
3222 3117
655 5133
3973 1673
4081 371
1160 4988
2762 4860
675 5175
1042 2349
4790 3936
567 3618
2966 995
2422 4710
4748 3991
2938 4655
82 1542
3073 3644
4723 4169
5163 240
3525 2608
1905 5195
4807 3582
2706 2002
4666 4469
4822 2920
4779 896
4689 2345
3013 4562
850 3407
2846 2473
154 1215
3895 1572
3659 19
3906 766
2022 4220
4265 1299
5028 1553
1890 1104
2004 1052
3870 1750
3249 1603
3021 3859
1116 4844
3460 2915
13 1032
582 3969
1442 3645
958 4504
2383 3278
2433 4169
4053 121
756 367
723 2236
2504 2177
3071 3659
1800 4494
388 2954
1473 3214
2483 1153
5048 2326
4308 2076
702 324
4156 1658
3211 4328
3945 1144
1049 4460
1961 1861
977 1191
1056 4201
4439 40
2554 863
4952 2588
3399 79
428 3969
980 3956
425 2963
4449 4824
2034 3317
4339 3629
1133 2961
2942 2812
956 2463
3998 454
5070 4552
1297 1627
2927 2088
3719 1313
79 4856
5221 3002
3932 2607
489 322
4854 1054
5252 4582
1616 1105
2478 2577
5186 370
1915 4399
1058 3565
758 2112
4440 1313
4116 5019
902 2382
757 1726
3143 574
4426 2391
3487 4163
2764 3052
4350 1366
5175 4101
112 2090
5049 1464
3528 4825
979 4527
3510 732
2951 1129
2227 4003
4876 4918
3204 1314
4243 4561
4989 1150
2190 83
4540 881
154 774
5024 2692
2555 1369
3136 3413
4982 3720
1537 2846
1267 736
3154 968
938 2272
4366 2807
680 3330
3120 1373
663 1392
3063 744
3475 1157
102 4410
3666 4852
3614 2302
3548 416
3959 2176
4578 3968
2322 87
412 1680
660 4887
925 5148
2247 1456
1660 3889
5046 4243
2866 4913
3094 4905
926 1898
1908 3447
4919 1152
2550 2791
4576 1281
1961 5083
109 328
3086 2514
2598 4212
3844 1860
2404 4632
4566 1574
2450 5150
1706 1655
758 2655
5149 222
582 825
796 2329
2843 3451
4572 2143
979 2078
4442 3968
56 2284
2048 4570
1431 2194
2699 3034
798 1133
4819 2067
2203 4824
3018 1015
4113 4619
2147 20
5273 2822
3521 1022
177 2357
2936 3553
1762 2000
3558 2289
1666 3476
2480 891
2498 4946
4952 1620
1981 2987
476 4127
1765 3097
2788 251
4870 3391
4937 2257
4207 3666
1690 3629
97 5041
3317 238
2206 4330
3695 65
478 1606
4066 3606
3734 3149
2449 747
5167 4110
4832 2054
3280 4856
622 4582
1692 3437
4073 5182
4242 1699
2989 3011
2764 4699
2021 3267
3309 4482
472 901
2034 635
2746 333
471 1983
3817 913
1894 1431
1848 2095
3604 5038
3418 4539
3900 4467
1465 2123
3380 3162
4371 1200
4190 5108
2044 1742
1134 788
317 1377
3967 526
4558 1108
3110 67
2956 889
2858 1842
2502 4548
3450 2159
1332 2348
3459 5058
3021 1723
3904 2540
2659 1341
2835 4116
5230 3540
2923 18
3466 427
3235 2149
3679 1634
4706 1775
3348 2587
4090 4169
2735 2905
2398 4472
1148 5173
1119 288
1242 2096
1678 4185
4243 3688
3580 398
3117 990
4424 4798
3599 4715
1216 4648
3362 4344
4497 4751
2777 345
2757 2347
927 1680
4414 2347
427 4756
2628 4489
4550 4026
3581 398
828 4833
2848 2441
2386 922
2666 158
5162 1994
5125 506
2853 1450
4817 1995
672 2811
725 857
2231 548
3796 4633
1509 137
3849 4527
3450 129
3209 3510
1721 2473
628 4699
943 2107
4609 4603
4900 3922
413 3155
802 4501
2648 3923
3475 1317
2288 1584
3307 1239
3431 4731
2429 2115
4352 2263
4656 1147
1333 3495
3196 5123
1081 3212
2364 1967
4095 4929
1138 2310
4656 257
865 2154
508 2504
2366 3536
1837 2152
2124 1175
4046 4189
2910 2449
1379 3567
2444 1248
996 4160
3158 980
226 1756
4371 5105
1213 2981
172 2634
2937 913
267 4966
5174 3929
3897 3278
1877 2147
912 282
1929 1365
3084 870
5185 520
411 3325
4373 3164
2269 796
266 1703
1704 4174
3371 44
3731 2274
3360 3331
4047 23
435 4582
1075 532
4158 3101
4516 1662
4095 1192
1004 1408
634 535
967 3339
4536 2423
3256 5246
3100 3778
2462 2304
2104 1047
2651 2463
2558 882
3947 1324
4543 899
2074 4187
3555 3479
663 5146
3726 3175
4021 3007
2951 5250
2391 3798
3888 1869
4874 2712
2335 3522
1626 3451
3168 4671
124 1394
333 4762
4119 3031
4671 1158
542 4325
2337 4373
2675 3286
3160 3075
3503 2461
4351 2218
4115 5227
4261 2285
432 3485
3635 4593
534 27
629 373
4222 2729
803 4441
978 3307
2490 2369
1655 534
4473 4635
4564 3781
2719 649
5184 934
3323 1410
1916 3957
2527 2134
814 2845
1397 5193
2520 4208
405 3451
3452 4159
3371 4600
770 4761
3679 2380
3108 374
303 2529
5077 1226
4177 3609
4332 716
4203 1813
3025 3846
4784 2106
2250 2702
959 3332
5104 3327
3969 628
5082 5217
1464 2273
128 4630
2761 4512
3708 3360
3471 3286
3379 4089
3305 4486
4693 2491
4438 977
2883 5152
2506 3389
4273 3297
2749 2593
5164 4373
3115 2874
4511 3722
2549 2868
1557 332
2275 1809
4913 800
4162 1461
1287 2180
1324 2362
226 1222
2018 4151
3074 3990
3347 1012
4751 1435
4256 11
1824 3307
1558 381
673 4568
4412 3134
3410 4888
3744 3477
3578 2637
5158 2052
601 879
4317 1686
526 693
5085 1823
1408 2894
572 775
2357 2929
749 360
1419 123
4437 4356
214 3839
25 4421
4794 3508
1843 4616
3046 4737
3159 1181
4600 861
423 544
3185 1780
199 2622
4516 5144
617 962
4845 1851
3759 4899
1919 877
473 2274
2667 3890
121 2846
3125 3492
1788 78
2850 3186
2540 115
3239 3325
3830 3264
1781 2018
4652 5084
2452 532
253 1934
4945 2596
3176 3576
3435 4938
1621 2686
5153 5251
2323 120
4462 2507
3677 1833
1640 4875
2434 3373
3646 2628
3927 2019
2999 2415
2162 4261
4130 1988
3892 1219
1483 654
2691 3309
3452 3987
2905 2091
117 1049
2220 232
2330 290
2818 4901
4064 4293
5062 187
2626 602
3814 1742
3015 3093
3567 1759
3633 4206
1524 1539
3801 3122
2693 130
1601 4035
2740 1976
287 3394
1045 5069
4447 3715
5177 3873
3951 5124
1503 5229
3873 3905
1959 2216
3676 3326
3590 325
3181 1128
809 5039
3396 752
2430 1136
4806 912
4487 457
3188 3378
4117 3695
2940 1860
1492 4229
2004 1478
15 1672
1997 4791
3945 1024
2552 1109
1901 2206
2515 3123
2722 89
3195 3682
721 3741
1810 4880
2834 1190
2722 4137
3346 1299
316 4714
4432 4164
3056 3920
3910 1001
4059 3012
492 510
4766 490
1110 2606
1054 1066
2505 1841
3540 1130
2956 2014
224 4125
16 4926
3482 2729
1690 524
3930 473
3233 2237
993 1756
2012 4389
1945 2946
185 2384
917 3059
3700 186
509 1518
5262 3170
1817 2912
4175 5243
1333 4142
1855 1081
1122 1869
1750 2423
1834 835
4117 4998
1080 4490
197 1293
4253 191
3043 1497
4869 2618
3304 2360
340 1453
3984 4606
4979 1016
5010 4245
546 3658
4950 2367
4505 2454
1850 4591
390 503
2555 4522
2212 2963
852 4448
4402 163
123 1601
735 439
2332 2637
3853 634
55 3454
4262 4940
3908 2402
2180 2760
5143 1430
4848 4455
4905 2274
3495 2291
817 1977
2491 4278
3989 574
29 3256
4956 3516
855 5250
2885 5020
1065 1485
4755 2268
4153 4871
2324 4875
5080 1873
2667 3512
3957 1734
2429 2507
2855 3506
4017 118
110 491
3759 3445
500 4808
2407 4476
191 121
1563 3026
3891 125
2343 4965
5233 519
3501 1503
1961 4380
4476 4243
221 250
1401 120
4489 1324
3510 1816
973 3074
1173 2234
121 2954
2878 321
5258 1283
2533 3291
468 2490
4076 1006
4501 4688
58 4048
1340 1363
3772 4414
2649 5184
989 5036
837 1625
3770 3719
5219 339
4636 4420
1011 168
3586 4601
3198 730
2795 1362
1930 813
4976 5162
2668 2250
3152 3200
4824 3884
1481 1431
3360 3520
1464 2567
2404 2096
2305 480
1260 1670
798 1925
3462 4671
4064 663
1532 2372
4656 3643
2637 2997
3041 1992
2375 2903
3565 3315
1521 4418
3430 2840
5256 4306
788 1725
3302 3996
3010 1848
4619 2224
2461 554
4069 2003
1348 1082
2541 4507
5035 2240
866 4265
4353 592
1277 4622
1966 646
401 75
4131 886
2407 2875
1070 1121
1889 1488
2704 5139
79 2779
5083 1986
4322 5090
3179 876
2014 464
253 3194
1777 1568
326 5151
2385 731
3130 1494
3601 2560
4154 4348
259 4506
3064 4064
2274 2096
2852 4261
401 2463
5139 2739
1540 2539
804 822
4654 4037
87 234
5101 185
4361 1152
2973 4168
2663 4587
5139 1847
5020 589
1960 758
3887 1983
99 1191
4108 999
393 4169
1495 2299
3025 4602
2 4160
1129 1162
697 1055
4483 2523
2727 917
2294 3592
1031 4669
2127 2200
2103 4350
1481 2440
3147 3083
414 2626
4703 2620
969 2486
3821 2751
5069 1331
4085 362
3005 5172
5165 4063
3391 2262
3733 782
3640 43
2874 1839
4471 5272
3944 3769
2077 4995
3283 169
5083 5246
1248 5036
5197 5245
3271 937
334 4367
3987 2525
835 1981
4225 2827
1207 977
1059 3664
297 87
5194 4981
4265 2293
5050 3851
881 2411
3591 1472
676 1213
4128 2430
1864 277
1297 4134
3114 4425
4170 1263
4595 4183
136 4036
401 3842
1735 186
4136 3067
3563 3620
2933 3542
5131 2832
1529 2475
964 1656
792 781
4290 3085
113 4675
654 1405
500 2408
3286 5112
4855 242
193 4532
347 1253
1073 4112
939 1558
3372 5128
421 976
2706 1931
881 1594
4414 2542
3974 4787
617 4404
473 4975
4635 730
4927 786
1614 5008
4084 600
568 5142
3375 2315
4506 413
2373 2053
3546 1534
1022 3835
2460 331
1785 690
176 4907
302 5087
5215 951
232 2899
1008 3411
5239 2127
4801 1550
2251 4101
3434 2166
1386 5276
3876 4061
1398 1236
4719 2849
1706 2748
1108 988
1695 1226
3568 4066
699 4700
1271 4585
2678 1516
4820 911
4777 3718
1380 507
573 8
3569 910
3693 3024
2082 2889
770 1985
2781 1979
1572 4039
1167 1346
625 729
1227 3238
2789 2001
4892 3804
3912 4211
3962 2243
3174 1563
840 4524
2863 954
5080 431
1451 1073
2486 4697
1961 923
4736 2335
2659 121
1869 417
3783 2465
1777 1458
4082 4433
379 4810
4944 2034
333 1573
2352 4214
96 1870
3457 1099
4726 4761
429 2056
4591 2120
1869 1783
5195 4815
4621 1862
3937 2714
5190 591
3567 4210
4516 4130
4501 5048
4908 947
3826 35
2532 2452
2524 3716
4032 968
3649 4409
341 480
4254 1318
3995 4824
3899 2816
1906 3858
297 2195
71 3461
2681 5198
1379 3586
1964 807
751 4928
5203 1782
3704 2868
563 1363
4952 1600
1920 2119
4084 418
1506 2714
303 5134
1958 3628
1674 942
1979 3893
4375 2461
1010 2406
2034 170
1682 1363
2530 3975
1663 3856
2582 1843
1054 4611
1389 3781
2423 3674
517 635
4520 589
4449 3708
608 1728
4154 3801
2986 4205
584 4555
2686 5125
2122 3301
956 4147
517 1366
4522 1054
215 1910
1126 667
1423 2739
4869 942
2550 1664
3145 4373
4908 883
773 1392
1872 4149
916 87
3242 3771
4600 4467
4563 4655
1051 1705
533 1954
3653 79
28 2715
4291 2614
3655 1108
4098 4330
4472 174
53 1399
4864 4274
3043 2602
4391 1130
3761 4734
4906 3666
1698 3971
3348 4062
802 5023
3616 1372
4651 856
3071 3874
235 98
4800 3640
969 2570
1729 2338
839 5173
4235 1441
1365 804
2567 2277
949 2911
650 2367
3836 704
1334 4910
33 2960
682 1940
1899 2467
1367 4373
1715 662
4349 669
3914 2472
3392 1761
491 4565
855 4656
1329 4116
4423 2980
572 3768
2235 5241
2465 612
4760 4172
1331 1485
1880 689
64 1415
1680 463
2243 1093
2242 3928
2875 3048
153 279
2091 2193
2645 374
1061 1106
2318 2972
1473 2464
3073 3822
314 2905
4582 4366
4200 456
21 1749
3279 629
3882 3004
3361 3024
4326 1049
3038 778
1291 3382
3368 1966
2770 4951
2535 3274
555 1005
4430 4049
4079 3476
3881 1814
2866 1904
1203 706
3303 5061
2122 2949
663 1685
3861 1243
1987 710
1768 3933
2801 243
995 799
4743 4118
3625 3457
2425 655
628 4707
3513 2250
3946 31
3839 1732
3634 2255
4179 4208
1234 2879
1722 111
2368 2279
4775 3652
3488 2066
3341 3973
1092 2162
4354 3532
5155 4617
2745 5044
3845 4569
2052 3493
1141 4140
928 2687
3633 4872
1043 1641
5 5144
320 1347
909 4109
2125 3128
1676 2381
647 3818
3164 4897
2134 4262
2909 377
501 3210
2347 730
1287 4824
483 4892
52 1515
4643 2225
5092 4498
1744 2158
466 2589
1917 5020
5262 3411
499 4594
1769 4942
4551 3324
5054 3738
936 2685
765 5223
4809 3720
4086 1360
4816 96
4568 2045
5167 3285
3032 3474
4691 1868
3384 687
5010 4249
4865 1932
2945 2740
1332 3675
3681 3486
5161 589
3225 3458
2099 1599
4815 3947
2940 4315
112 2761
3211 2712
4799 2923
2956 4241
4837 2976
655 4349
3182 3156
1257 452
5094 942
2950 3601
4518 252
3175 4160
3973 2496
539 3788
3689 533
3299 2296
1782 3143
3972 4308
148 2737
2058 2023
3441 1817
3382 1886
494 2455
1238 1669
2631 1215
4933 4145
4862 113
1557 190
4179 1795
296 1637
5007 4752
3692 323
3766 3233
3038 4138
1116 1372
2429 1130
4160 902
619 8
4673 1516
1432 2349
1607 4097
2674 5186
3274 1230
4732 3764
1453 1284
1061 4948
4727 5255
3011 1278
1209 1675
3829 4976
3458 5160
3020 3034
958 211
4093 1927
3099 70
4802 2964
4239 3234
1923 748
3314 4103
803 288
3180 4872
677 4521
2587 755
2846 4181
1870 5252
63 995
4104 2612
1102 1823
2888 4974
2968 1580
2866 553
3800 5093
3233 399
610 2510
2837 1293
2767 1165
2570 736
2991 986
3721 1834
1589 96
915 759
3004 1148
1638 2346
309 1767
925 3877
5276 963
1642 203
3054 4844
3418 5058
2528 577
1354 4399
1605 3362
4245 3390
1946 3596
895 3074
1734 3069
4751 4778
5090 3678
1836 2669
3124 2527
4752 4438
3526 1040
4277 4960
4884 1874
17 4208
4710 3202
3869 2745
5231 264
358 16
579 2483
2770 4450
1608 3452
1778 739
3942 1122
1732 4009
2581 5009
2505 1851
4838 3125
5264 2574
1007 1733
248 730
221 136
620 789
505 48
1042 409
219 4827
2014 3912
2641 1375
1509 2790
1034 3538
3071 66
2796 4205
3007 978
5262 2012
3299 1790
5117 3028
2296 2640
5223 1720
3216 1484
2077 728
1330 2297
3179 4525
4849 1763
3994 3761
4565 3965
542 478
1061 3141
4226 127
4729 1275
4118 1946
81 1902
4355 1233
1571 491
3790 1848
4452 3280
3842 1517
84 3569
1471 5057
1944 3455
4879 4162
2758 3030
3973 3464
30 2698
4412 4842
3792 714
4038 156
3362 4502
2696 196
1567 3471
3863 4481
2351 4921
3563 4299
2877 5008
4044 1786
2553 4454
5190 2544
3157 3612
4325 980
1201 757
4105 2610
4501 3793
2343 4373
2660 1396
1072 2490
331 1425
3969 4201
4347 814
4496 201
4282 655
3087 3731
1201 5136
1441 5023
2751 5068
2470 4323
3516 1470
5257 2127
4699 2823
618 2405
5005 4308
1991 3267
4928 1235
3416 4194
975 26
3539 3209
371 1578
2431 721
1004 3129
2727 2571
5071 629
4338 2206
2053 816
1117 1899
2565 2853
644 4375
1671 614
3363 939
72 1540
3907 1946
516 4913
2328 647
1890 3022
648 4715
5081 4327
2347 2850
910 3892
2023 4068
370 3076
4856 1489
137 278
3797 497
568 2452
1146 3700
4118 3944
5108 2764
3047 1629
4693 1000
4859 3289
4464 679
245 994
2668 1195
726 3531
4346 3714
4845 1020
205 945
1296 4840
3893 4283
4304 1978
1681 959
231 1019
1748 143
1540 1493
712 1759
1042 4463
1048 4343
3474 3607
4274 903
4424 4830
5018 1661
2865 1668
3860 1303
1105 3821
4277 2359
3838 1379
2637 2351
1775 1794
4677 1351
5149 5115
1866 512
4976 4877
4399 3396
3195 2952
1943 3680
1548 4814
2025 147
933 375
2231 3547
3195 1349
736 4741
4012 2269
2384 1315
2174 472
1133 4248
4758 1544
5122 3514
3742 1913
3974 1378
2040 2974
1038 5225
4143 362
1107 1904
2770 4578
3684 3367
3540 2457
2849 290
2096 3893
2317 3916
2259 450
4792 3752
287 1460
3233 4421
318 4104
5149 1571
846 4026
906 3656
4501 2458
4994 77
3420 2308
3316 4421
239 3966
104 225
3089 255
2282 3374
2266 1316
1466 148
2398 1858
1110 4191
1835 4751
5124 289
2390 198
3302 1508
979 4853
1142 3591
2374 102
2027 2333
4972 4955
619 5208
5184 3380
71 1600
4701 4652
3712 4057
1672 2416
4236 996
946 4602
4581 2248
4750 2214
2420 3259
3431 4565
1073 1125
3190 3947
4721 4557
2280 4978
123 4322
2012 3290
4685 5255
690 4795
1899 3697
2910 2268
897 4958
4308 4005
2060 568
1585 4473
944 3106
2270 1699
3920 4607
4944 3616
1094 864
3949 4863
3317 3666
1985 1764
3352 1941
678 4418
1709 5195
810 3950
4044 5164
3353 1547
4247 5072
421 2254
848 2331
4306 1565
4156 274
1924 4236
1789 3610
51 1153
4402 3947
4125 765
2794 2532
509 3834
2784 2343
3299 3651
2841 4633
2882 798
758 35
3393 763
2464 2740
500 484
745 4303
4157 1131
1379 4511
5120 955
4306 4700
3983 3248
2620 3601
2715 134
4565 796
3825 5214
2153 1363
2355 3547
4695 1270
2421 2931
670 3749
3921 864
1850 624
3858 1732
3411 5040
2086 1548
3074 4011
460 3644
2690 73
1046 2919
3512 4991
932 3959
1188 1005
1122 3768
2850 3468
1766 1217
3019 1151
3295 939
842 3452
3347 1949
417 202
2753 153
4511 4568
5246 505
3997 3307
811 1054
1480 2478
2139 4872
244 1800
3335 722
4713 4411
816 1013
4954 3007
3868 4850
4261 3784
3267 2408
4899 3723
207 4230
1859 3298
3757 4565
3945 2536
3091 1753
4109 2825
1457 4837
1069 2143
4015 2070
991 924
2441 4514
3208 1897
4233 1596
3066 3895
1355 3406
367 846
1757 3283
4043 5176
5133 3718
3083 912
4224 2171
521 3120
171 351
1460 4325
2665 2148
3813 4824
1218 4320
511 1082
4354 311
3988 237
1068 3610
879 53
4001 274
2785 3934
403 3760
304 2895
5164 1321
103 3438
4661 561
441 691
3342 381
4386 3060
3096 2591
2188 3550
1727 1288
2866 4400
3111 3079
4709 5262
495 3466
617 4406
1566 864
3566 2292
4421 4938
5180 3885
635 364
561 544
4849 964
2605 4620
4256 770
1371 892
370 4595
2800 2789
2274 1882
4831 1125
4854 184
2921 892
2949 1290
1460 1275
5088 841
4344 4913
3858 4681
4469 1331
4232 269
951 4325
389 3015
5203 2739
1086 5041
4804 4013
2476 5247
3957 981
4175 873
3209 199
3638 3586
3775 3951
2128 130
3145 985
5242 4271
2805 137
4200 2903
3014 4578
4092 5127
4846 4197
2477 1174
4667 1433
112 2599
1882 868
3546 3269
2757 4841
894 87
2365 4980
4710 1499
3704 5156
5212 3987
764 5223
869 923
4483 4111
1364 3816
4363 21
1264 3746
416 3742
1509 280
1204 2275
4824 2327
4553 523
3295 1201
961 1016
1352 4101
4218 1324
4072 1333
4909 1741
4390 1232
339 1714
2854 1464
1695 2696
4154 1311
3168 3141
741 335
824 927
3751 517
3609 4789
3050 5227
408 1240
2841 3491
3282 4838
1611 3825
4110 4112
1050 2437
74 2674
5172 3579
3050 3872
4478 1260
2151 2450
3367 3634
2003 4575
1635 1082
2975 4295
3074 1831
603 4623
126 2423
2125 1189
3516 4866
1302 3554
2944 87
1793 4463
1636 4024
4875 4979
1716 557
3403 4942
1774 1314
647 2914
3366 890
5261 4209
2042 2554
3347 3626
3283 3224
4898 191
2678 1211
1880 4746
2285 50
1600 2208
2018 1305
472 4431
525 586
2470 421
2120 1300
4298 4959
944 1776
3563 5212
4682 5264
4634 1857
3116 4168
2178 4243
329 2735
4832 4269
115 572
5253 2192
4112 3985
5119 3296
3340 3109
2017 1098
3000 408
2383 2085
4606 3138
2900 2096
2579 2820
4565 1836
634 2038
3010 2474
1772 2464
3352 2479
330 4026
3149 3604
573 4775
1994 4849
4473 2958
975 1667
3978 3471
4863 2333
1552 4266
4765 1963
271 4986
3272 4516
403 4600
1909 2422
3044 4714
114 2957
4565 1440
1908 3567
700 3812
1689 2410
474 3533
2054 3913
2639 526
2567 5066
3404 1848
3959 2941
4314 3631
957 833
4389 3566
984 2889
2489 2195
4491 3299
741 1882
867 3877
1125 5227
3118 3660
2890 4728
2670 3980
993 402
3918 3754
24 4096
38 1569
3305 837
1156 4522
4638 368
1731 2102
3743 1910
429 4538
2369 3502
3987 2913
2713 1419
2515 2615
5249 466
760 3506
742 1448
940 3219
2930 827
2185 2871
2773 4125
1420 5113
2878 2702
1908 1899
3325 1746
2648 5001
4250 113
3797 4362
4671 2689
4631 4373
1192 1463
1062 2803
2964 3119
2662 5074
3581 3300
1971 598
2096 221
4504 4313
767 1956
1612 3361
3142 3038
1223 2018
5170 956
1221 3840
3203 4236
5054 814
1314 3655
2498 1337
4373 3001
1651 2361
3470 3151
1507 294
925 2296
4847 3689
3604 4468
1255 359
2491 69
630 1095
1502 823
940 2983
1995 120
3890 4615
3317 3667
3888 1019
978 3127
4882 4735
2022 4703
2347 2016
1345 934
1334 2766
2942 3161
530 1883
1379 3958
4513 4278
1197 5018
3569 2815
3373 4582
1864 547
728 2429
161 1125
4635 4013
2160 2658
1908 4749
4305 2147
1873 3231
5022 4555
3853 2074
3762 3029
374 3332
2698 1214
3793 4318
4236 564
4785 2703
2652 715
2441 3377
3516 2793
4295 4344
3133 3853
3025 4034
2116 1511
1511 1695
4986 116
3292 4525
3168 1657
1946 4055
1390 3401
4809 3780
258 4413
2024 5274
4882 3959
3244 750
4746 3690
1324 672
2029 4953
354 1061
5029 2843
2570 2963
4260 5260
203 1693
5020 4332
111 1683
3288 4258
1685 1914
5100 1702
695 137
1705 1453
1830 802
509 4308
4742 436
583 4733
1653 7
2158 4657
1756 3003
3365 848
4861 3212
4653 3164
3331 268
3593 465
3138 1271
2402 3282
709 1393
2374 2572
1628 4826
2996 513
4978 3466
4857 4788
3499 3994
2738 3209
92 1357
3356 1796
1170 4148
1534 2055
1750 3720
1398 442
5147 4830
5222 2353
5149 4525
4267 2005
2590 2784
2747 2534
812 3456
2423 2922
5083 400
5034 3417
4704 2135
4087 4740
3008 1557
413 4074
2597 3376
4970 2706
4315 2897
2554 3964
1218 4570
3051 1129
1605 1473
3551 1511
4602 5214
3352 2188
2514 3695
3770 3920
2828 4154
4634 549
345 3525
2407 3044
2221 409
3211 1732
2496 5006
2525 2729
4301 252
5177 3982
794 3830
1129 2049
1387 4802
5168 4627
1148 4771
4112 2268
1833 640
400 599
4534 2720
1869 3987
1437 5155
1191 4195
126 1077
3782 4467
1355 2354
5195 1827
8 2471
3994 508
3894 1061
4312 1185
3148 4540
2904 918
5264 3416
3525 4313
4031 4435
4325 1017
338 3664
453 4324
4414 1800
3325 1727
884 484
2800 3477
2855 135
4430 3791
4446 1607
5002 2012
4648 339
118 3401
1536 912
118 3860
2021 2785
1961 824
1306 1703
4141 1895
2443 5244
742 1168
2792 4156
5178 1398
4984 2378
178 1602
4858 4179
4166 4898
1276 733
1636 3769
4414 82
4696 3169
692 2115
5047 1143
3145 3600
4020 1971
2396 3764
4388 2156
1400 416
2027 5020
2492 4356
4837 2725
1134 1079
637 1067
2820 1960
1577 2845
1007 411
1142 4641
5255 5205
1008 3081
1951 5191
4427 1746
5221 986
5255 2559
5049 3284
4499 1872
987 2814
4417 1920
4465 2315
1379 1837
4093 386
1229 5207
3171 1406
2484 3253
3896 213
2452 1314
2855 2207
3657 966
308 187
3305 2863
5276 2750
2311 1054
1703 510
2430 82
2209 2361
4336 375
1684 2414
2733 1917
25 187
2839 357
855 5151
1992 1179
1583 3325
5125 4547
1042 4856
214 580
2063 923
5095 628
4647 2824
3508 1324
4335 4523
1100 2570
3577 661
4078 4262
4236 2388
562 2348
1228 3259
2857 4010
1671 4734
2741 1997
1073 5118
3825 2756
3068 1851
2887 70
3835 1879
395 3886
2557 2702
815 3992
1999 2050
389 2045
3035 887
70 4932
3083 1935
2640 3959
2144 642
4709 3881
2778 3052
1552 1146
1332 1194
3991 1324
103 3726
5122 1933
1832 2730
1403 2285
3179 1957
2877 2594
4437 1501
1545 3163
422 828
4031 3431
2796 5195
4038 2759
5269 3211
1460 206
3141 1108
4768 848
327 4599
2872 4298
1548 3808
730 806
513 3001
3 3452
5098 428
3641 5105
2569 333
3237 47
1973 1184
4785 3507
1956 2724
2165 2878
2893 797
1576 1362
3955 1126
1918 3165
1548 2136
4930 2846
3486 2163
4237 2387
4629 273
448 3242
3243 3827
4210 994
4307 1786
3962 332
1156 2386
1579 5107
3411 475
5078 2367
661 4678
3244 3039
2145 3881
1261 3245
5011 3286
950 2202
3880 3410
2626 1184
5119 5124
2311 2780
2693 2848
375 197
1104 2798
3696 3267
2221 527
2819 5001
380 2063
2712 2613
1509 5270
1276 2005
4430 2754
1293 4773
5117 1660
1470 3209
3888 1061
1674 386
918 5215
1021 3217
4284 4969
413 893
2417 3027
3078 2117
2660 159
3431 2703
3349 4438
1890 2274
2121 5218
2796 2797
2469 5055
2410 2465
62 3896
4882 4996
4257 5210
1541 1124
2237 4137
1696 827
2505 5224
2524 3368
105 4120
1402 583
209 4412
3485 4992
1672 4366
152 3697
3597 1845
1448 2876
653 3201
704 1002
4515 874
2687 1762
1374 5240
2268 2915
3389 628
1450 4557
1810 2629
4360 271
1743 4813
753 1904
550 1362
769 4758
1633 107
1826 4377
3742 4944
110 1492
3372 4824
4106 3267
1704 3945
1354 4779
1895 2923
2096 2909
3798 4871
1665 4656
639 4590
4276 59
3902 2102
2232 1891
4538 3279
4471 3405
3275 1904
1505 4741
590 1489
4699 855
731 4341
857 3306
4056 4812
601 313
5080 4461
1587 951
2288 4500
3090 3886
3066 1359
1072 1516
1697 4493
4996 2650
3541 3187
4879 1107
3635 168
4628 2850
446 3712
1151 5268
233 2191
1058 2444
3468 5080
351 3183
482 1291
4546 3113
4564 3524
1522 648
1706 3345
435 4696
3929 4064
767 1078
1828 1687
1073 2484
3623 1782
3035 3857
5029 1879
3344 2313
1512 3730
123 4658
4252 910
4821 2216
1936 4997
2373 3375
4304 4438
1549 4292
2024 2725
2109 2892
3472 437
3687 531
1319 4428
3406 3344
995 4231
4234 618
3713 1890
3254 4159
1729 2318
4912 3058
4330 958
4200 1154
3620 3851
1927 743
4521 3027
5092 132
1856 3209
4095 719
2353 3878
952 1394
515 2527
978 1875
234 2988
920 81
2076 2512
2435 1643
1053 1831
820 3428
1287 685
2047 1605
4005 1337
5086 5203
3672 440
4741 1719
885 3274
4099 1538
5201 2841
1968 287
304 2903
86 3234
4567 4974
3432 1484
4022 3378
581 2698
344 5087
2078 4241
438 4366
4911 5194
5162 5143
4143 407
5039 2213
2909 2367
64 3941
430 3589
770 1773
2275 3409
2363 470
3711 3202
141 1130
2710 3961
3218 3330
2134 2366
4528 1212
1833 2928
4766 4975
2820 455
2230 110
969 2089
569 4612
5238 2885
1398 4290
4580 165
4040 2120
5110 217
2624 1633
2651 5196
2404 1854
4006 2450
1679 1961
1095 245
2526 4833
4103 3680
3908 2821
2364 1297
3605 3072
244 179
83 1342
4900 4663
596 3509
1154 4728
4303 3185
2065 4169
1035 4602
3947 5267
1622 2508
72 4913
1925 2892
2649 1789
2046 1953
4733 2077
1246 2192
1486 1976
2617 5255
4472 2077
2982 3624
383 5006
4883 399
1712 2217
3031 3267
3710 5063
2840 4417
498 4934
189 4309
4386 1022
385 1250
1564 3284
1801 3650
1494 2096
311 1127
3952 1741
1549 5210
5228 3624
3311 818
5203 4889
1308 4598
4888 2347
2057 2423
4906 315
2114 467
663 5113
3012 3039
4780 346
3510 228
49 4357
1997 2412
136 5137
1245 508
21 110
2739 1282
3337 4049
4402 333
5033 667
3176 1326
1169 3436
1760 2395
412 5166
4426 4770
3789 3993
4298 3392
4484 1053
1607 740
3786 3205
1850 2450
2429 5055
134 419
2445 298
2959 2487
4972 4738
3757 3080
541 1021
2205 4760
508 1071
1352 3471
4412 1622
3136 2247
3940 2366
4743 1555
3393 2326
3953 4107
1920 327
1809 1025
3717 4135
3986 4438
1287 3527
2869 5038
3368 3793
3690 1079
3970 2405
2072 3752
3247 486
2339 3156
1091 1855
1445 934
1699 1563
1694 2848
2282 3848
4634 656
4832 4447
542 485
656 1139
4368 2217
1833 4506
4505 3498
4568 4759
4989 3218
2220 757
1320 3456
756 353
3415 4169
5252 1241
2516 2051
4092 781
1418 3869
5216 3313
4574 4302
1892 3690
5164 3368
139 4669
3568 1863
533 756
421 1298
4856 2334
3336 58
1677 2472
5096 1260
5131 3392
5065 2302
5044 2377
3479 3037
4572 1701
940 805
5049 1074
2501 4731
122 4765
1028 2495
999 2370
3608 1966
1490 4949
1147 1510
1799 1430
1132 2877
160 98
3762 2336
1194 1301
4263 3893
1946 1433
922 4408
3838 3294
4970 2403
357 2702
5247 4935
1097 1085
1718 1783
3535 4402
625 1984
3634 1374
3038 3299
5023 3621
869 147
812 848
3286 1260
4672 4241
2469 1292
2810 3270
738 3780
1908 4534
1289 3558
4782 4959
3512 1765
3893 398
4613 662
3112 1054
4322 158
2756 4169
1974 4369
496 3611
3108 3101
2289 1563
4019 2142
1464 1328
676 4415
5185 3601
4163 3052
2463 1142
1802 5027
1560 3881
70 978
903 4014
1304 4802
2900 3733
472 365
229 2771
3670 3892
2446 2352
961 701
1218 155
4370 3402
2186 2848
660 1188
3756 2727
2952 4405
4204 5134
4165 1388
3591 4581
4265 4238
3699 848
429 3669
1961 2866
1234 4501
2684 4586
1869 3873
4212 2583
1654 357
2187 4476
1899 2232
2803 3658
4524 4677
2908 4476
3615 3912
2423 3444
5217 3594
4866 471
4533 665
1604 3243
1201 2964
4659 3448
1 4093
3022 1109
91 3126
1549 777
1353 4451
2320 1366
3639 4606
20 945
947 5216
2302 140
4383 2885
162 2785
137 5250
59 3213
2296 2973
4878 1882
335 366
2025 5220
999 608
3279 216
2714 613
3792 3480
3245 3098
4418 4975
4827 4409
948 1879
1920 1809
2405 166
2347 2491
2968 437
1412 1692
276 3224
5082 2098
2108 606
82 135
5245 204
371 4854
4279 5028
3291 1481
2662 2367
2556 3233
1361 1017
1921 1580
4474 5051
2320 597
1016 3489
3055 1504
3908 4353
5165 3883
4551 23
3395 2457
894 3357
3364 11
4840 2126
4322 2311
2010 4142
4360 3617
4423 3212
4955 5263
4373 4691
1475 4482
1467 3205
1229 2544
2603 3962
1075 5237
5139 3577
3423 4025
3467 1082
3657 3685
2305 876
458 3085
2992 2382
1281 4692
2525 2083
823 2032
1735 5028
1737 4864
668 3636
4094 204
5021 745
2105 3413
4071 2744
608 5273
3946 2509
1201 3279
789 4294
2040 880
479 2075
1286 4107
2538 113
5136 3819
2392 3517
1201 70
1786 1554
3434 2723
3043 3322
3702 49
2432 3545
1507 4591
4357 806
413 3961
3358 4798
2226 575
4105 3655
2442 711
8 4173
1622 2069
977 658
4184 2267
207 319
4760 4251
3017 3486
759 1579
3440 4617
4171 3140
3191 2626
2035 4815
2459 4769
3033 3890
3759 350
4095 3888
4538 4490
2182 3316
1822 770
2984 3039
4500 895
112 4676
1025 1196
2068 468
5134 2371
2454 2692
3758 1796
3456 5110
2616 63
400 1745
39 1351
1912 4358
5222 4919
443 3598
3856 2249
4636 1797
1582 2101
1182 5087
4054 2697
629 2711
4232 2070
4722 4657
2087 3950
3207 3109
873 1774
1064 3165
2324 2043
4626 2343
1006 3321
5242 2544
3784 1112
4605 3604
4725 2940
1265 304
1142 1819
3767 504
3433 2480
1469 5181
3270 5186
4525 293
4764 3515
1711 4262
1391 5059
2202 4385
2640 2824
4084 1174
3871 4846
2802 3346
5043 4580
3250 626
3288 5245
2289 1649
1958 4033
2387 3631
3397 1652
336 4972
5090 982
3892 4454
3205 2510
3925 5137
1162 4573
4977 4753
1325 350
5070 1950
2138 1188
1904 3811
2266 3813
2896 5255
3696 565
1337 4198
4949 4379
4101 3109
1717 1548
703 3366
3356 2543
2779 4209
410 953
3240 887
1594 870
3825 1426
3792 3688
5009 939
3617 4464
4295 3261
1192 3572
3505 4045
2862 2018
585 169
4376 2780
2441 5061
3398 2340
4483 1928
1251 4777
1353 4052
3117 578
1630 813
827 2887
900 3835
5138 2547
3226 735
1651 3419
5273 2551
528 3793
4254 1034
4716 4710
1861 805
5200 395
4501 3898
1474 5070
2938 930
2014 2588
4649 82
1592 469
3424 399
1291 1609
3590 1489
566 1092
3489 4058
2505 3124
5067 1183
1307 314
737 135
3602 2589
3043 2756
3866 4920
4568 3191
3154 5262
2566 42
2901 2327
4401 1899
4165 3779
1756 3215
3970 2400
2633 1648
3891 1242
2332 4544
2907 4934
4958 1803
286 5126
2672 657
3920 2415
2978 3695
3 544
255 3846
4449 122
944 547
2296 5160
400 5099
4432 2902
2721 1888
3016 1147
1650 3607
292 1739
85 3316
1648 1094
1415 2059
2970 3591
5214 4998
1113 93
4297 3241
3289 4722
2942 4664
3707 3396
4600 4200
1076 3222
1708 1782
297 34
1082 705
2779 4170
1942 3141
1790 1277
510 46
653 4936
1001 2124
2062 2284
785 1900
4721 899
4370 4469
366 1273
2731 59
2358 5213
3644 2671
2389 2708
1532 2197
4705 980
4927 4803
4065 2938
2627 2219
4102 741
3701 375
2660 2909
5087 3943
1510 4188
1658 3318
5000 4703
1030 4876
1443 2327
934 4292
348 4650
3946 3481
5171 2507
4797 1293
2482 1862
655 3644
2321 5003
1728 4885
771 3455
1023 2519
2118 2575
2028 185
1656 2396
4373 3759
4310 2913
2196 1752
1083 2866
92 557
4553 4506
4679 2922
3385 3987
456 242
1089 2665
4621 2064
3661 4518
1487 50
3631 33
4781 4836
1519 1309
1182 4791
1398 282
37 1614
2866 2300
1103 3735
2893 2349
1937 584
1572 2488
1444 564
2939 2223
3902 2395
3767 894
5162 1775
3368 3998
831 812
