1366
435 1196
568 226
1213 1126
653 810
562 725
713 640
49 1195
62 170
588 949
1217 715
808 1096
285 185
1032 1239
273 239
633 250
304 1326
172 707
1262 1093
1187 628
424 466
1087 460
19 186
890 270
545 694
137 798
836 944
867 97
705 736
751 696
691 526
787 1137
396 1202
147 118
669 43
743 703
1026 841
1204 704
958 810
1170 908
89 773
1017 728
42 57
933 98
301 518
418 1257
193 45
965 316
420 903
1327 728
1207 854
431 1101
610 650
935 633
1110 253
1295 581
1227 22
931 142
994 530
1089 731
879 516
986 390
123 1084
636 168
899 1266
979 218
1329 282
414 1006
707 218
681 486
1004 1170
9 316
508 252
1163 470
594 313
710 927
1241 321
1341 266
1303 313
782 503
732 94
242 649
229 221
1176 555
1010 1223
1019 395
1117 1038
1028 572
308 191
673 376
456 522
1036 1125
204 1223
223 1105
1016 362
1145 645
302 1194
614 774
445 1064
632 569
1361 204
1047 537
951 1341
683 80
136 1325
1088 412
536 561
180 560
813 219
683 1350
884 852
901 159
834 100
153 319
952 989
635 563
359 282
553 32
740 987
470 1297
1328 257
150 720
234 1119
1064 413
573 455
512 310
789 1245
1157 287
462 377
125 279
401 484
978 1296
34 423
711 1146
314 1201
767 971
1120 311
91 92
1311 1010
588 1222
997 978
120 1221
682 634
788 869
717 1269
131 405
403 407
1169 517
400 1033
156 1242
585 38
258 649
443 1033
623 1129
372 281
619 875
13 955
35 806
1109 439
1307 894
542 1223
326 870
92 569
898 870
301 936
689 1269
410 1107
516 213
855 981
790 463
767 316
622 550
586 560
428 10
1116 634
377 924
234 1357
796 272
505 584
43 822
1339 372
484 785
892 622
370 1
882 1187
184 895
549 876
1226 14
1121 528
142 1198
1148 513
199 32
340 1215
529 617
23 240
369 1008
554 271
499 1197
952 640
245 455
633 587
257 287
11 654
570 1160
541 836
126 613
1344 399
1052 243
415 1221
1305 960
374 1278
1247 1049
959 560
674 164
589 1275
898 73
774 1174
46 1241
496 1161
838 707
723 97
288 502
31 1062
262 1193
1276 1033
856 900
1314 625
548 999
696 1101
325 176
10 272
1149 439
307 87
792 1084
976 84
749 544
222 707
628 724
570 1170
199 380
859 972
136 788
498 947
975 457
772 280
1273 58
296 391
425 700
597 532
896 796
593 624
867 143
814 1063
93 367
22 480
516 235
1282 892
1119 1101
1289 401
33 259
311 459
114 64
1315 354
1213 671
167 991
438 862
1355 621
580 667
491 861
276 1198
376 885
1138 565
518 1024
367 300
673 942
372 580
1315 372
474 995
460 817
1109 284
117 1167
763 1226
824 1064
677 1191
1314 277
640 516
85 167
670 256
1356 583
373 90
769 285
533 444
284 426
565 473
557 1034
581 957
267 818
654 839
397 559
1082 943
50 659
274 163
911 1286
279 167
1159 711
106 488
1333 933
371 614
1310 1175
1006 292
613 962
1353 524
1338 724
920 1033
738 912
629 595
608 1003
491 653
808 747
975 1057
551 845
364 823
1156 75
1154 1099
1240 218
849 718
978 1366
942 277
88 259
1276 678
352 1300
865 330
345 595
265 790
159 747
935 360
917 1109
586 681
372 1104
461 72
22 1121
9 1058
1216 998
832 311
269 472
1338 1223
339 1106
657 833
1054 1180
599 673
128 596
1334 1366
934 687
650 1177
1093 413
759 460
1149 214
434 1019
913 243
684 612
549 1340
1284 1210
408 727
46 871
1313 707
13 93
9 709
81 877
470 413
452 1250
579 557
603 1097
716 939
1087 1320
547 849
738 752
1100 1230
1078 250
576 1066
97 29
851 1287
1000 646
130 1277
187 652
612 214
499 645
1314 1192
202 1078
1209 799
1114 413
652 765
153 21
375 201
1361 826
1084 546
829 11
239 1110
159 622
979 430
1102 394
478 1121
439 1130
646 986
822 358
1344 1143
606 1333
640 167
701 182
287 174
916 840
1275 799
470 239
679 1025
988 548
524 160
285 1086
567 473
1066 1041
473 148
144 732
1260 1223
976 1336
77 179
311 1145
942 1018
12 1146
375 404
922 978
1186 1033
790 874
63 551
1270 589
332 830
361 554
892 1147
349 425
1001 521
510 432
1079 956
735 969
517 1085
1162 585
416 1065
397 1023
815 71
1216 687
850 239
399 1259
1198 1310
385 948
149 22
1298 551
835 1228
252 866
904 1231
388 1215
15 232
595 185
1133 840
260 983
250 263
255 923
1135 1231
962 333
581 585
1244 811
1011 500
268 110
1037 1293
1166 524
1297 502
377 435
422 61
769 641
1100 67
73 88
890 571
121 939
942 761
532 674
1112 422
185 1080
891 915
237 1060
163 1150
203 820
999 60
674 295
83 1106
262 822
524 698
1225 1358
999 1110
751 643
742 478
1271 11
248 448
1179 316
1221 1118
1070 1143
1340 1261
1104 1061
31 1348
1221 1189
529 692
783 552
1134 389
423 1015
1061 145
86 1170
683 6
93 210
1127 155
1083 999
1228 533
613 1318
1220 99
950 579
672 406
1088 825
434 309
996 1287
930 633
560 285
831 974
312 82
306 1340
82 273
290 1314
801 769
893 1299
264 843
871 1019
511 468
503 454
987 360
773 864
1347 693
745 160
1305 687
950 705
724 1094
429 336
1271 1263
236 410
1084 437
886 25
919 468
360 555
493 319
40 496
748 152
579 569
688 340
973 1284
1330 1165
618 222
679 93
662 756
652 679
1186 877
182 833
531 174
989 115
1095 1024
792 665
933 1144
381 374
392 667
1084 447
299 1231
238 733
4 374
79 1244
1155 996
413 226
1101 451
1001 1022
255 596
538 604
698 427
1122 205
261 41
279 1047
1318 858
995 591
569 680
457 662
1223 1321
517 769
465 56
779 172
1094 578
525 851
499 1218
510 88
1248 433
1232 638
53 18
649 569
660 574
523 1302
429 821
239 769
293 1363
242 169
830 634
698 714
104 614
595 1183
1167 1024
724 1029
1073 1191
755 214
731 490
1347 1363
1064 577
436 739
480 1113
842 373
190 309
39 904
1019 922
123 1274
1200 910
1049 119
609 334
995 1022
36 456
76 1197
245 1264
1003 945
803 52
1198 303
601 610
421 514
950 413
449 213
1176 609
1291 1322
1027 1315
1104 1144
1282 760
600 550
627 1225
798 742
1338 413
868 484
1152 97
123 699
1061 757
984 1003
1269 597
1009 1274
911 91
712 1192
873 1321
526 777
1161 1206
347 1357
592 693
735 416
133 1108
445 95
737 124
467 1128
348 1025
154 12
705 807
1217 441
1025 1349
816 1005
1084 1354
721 1168
680 254
610 694
124 343
650 1279
1237 347
35 188
505 1336
117 495
1049 364
686 136
406 1227
219 668
516 633
1013 316
190 18
653 1363
125 337
650 1071
73 770
680 419
3 666
411 793
420 1043
418 129
767 933
158 425
432 72
389 513
182 384
690 177
593 470
151 93
332 1135
1019 260
1122 155
336 1037
885 1040
981 9
519 432
88 470
44 101
386 387
1254 560
1362 674
972 299
902 46
1037 1301
1355 640
1351 440
225 1202
767 562
191 413
786 1322
540 629
614 1305
219 1248
1363 938
401 1048
495 803
165 1179
927 1126
1025 17
1225 1338
448 1069
507 254
947 1098
540 1252
350 656
701 1236
619 809
338 389
215 652
621 255
1284 158
1185 1264
619 1211
1283 816
1053 460
278 887
776 688
96 312
1319 490
827 443
983 335
44 261
46 223
1180 181
520 1005
899 164
217 560
72 872
1366 28
476 320
593 1059
959 844
1130 527
1173 44
192 1350
90 980
384 138
1124 1170
687 1235
1027 726
972 781
345 719
619 1355
572 947
1140 942
1135 572
361 660
1178 292
1363 534
330 1249
1128 1050
790 641
1290 1241
956 88
441 547
503 1072
320 862
445 953
364 720
590 1302
583 950
768 292
1172 229
638 651
1014 1273
1285 304
907 93
819 1166
817 1007
1063 284
622 763
625 1280
533 118
233 102
630 700
641 1345
1315 1068
565 64
806 1273
631 1343
695 450
836 549
342 974
275 375
1165 610
977 1153
1120 649
603 1129
1198 1203
208 863
1185 963
739 730
905 429
277 591
283 529
880 843
1356 753
255 382
1056 375
1339 554
207 1341
1275 1181
977 990
241 1229
1190 1266
642 1081
1136 336
132 505
146 661
1205 833
707 46
558 44
1075 1301
736 75
204 884
485 512
1355 1324
935 282
588 31
857 673
1241 1092
1251 71
190 566
883 942
424 612
395 851
904 1316
811 171
631 871
524 351
91 1341
54 831
1056 1220
796 24
272 56
683 652
583 1277
139 298
162 613
134 124
117 743
1158 1304
580 198
617 1064
196 1017
638 1000
401 879
887 285
1200 1025
1055 767
189 274
402 112
289 702
22 464
733 88
620 1135
435 492
186 658
641 355
1195 921
408 656
1265 794
489 1135
1228 332
205 926
1026 1229
658 500
425 1267
46 1219
698 352
783 1005
117 15
767 1308
853 952
257 1310
1030 1069
1347 1049
1274 368
167 249
1323 286
729 12
161 464
648 282
1182 1362
173 979
1184 1150
199 644
687 1154
382 925
69 140
1120 1221
245 775
1263 569
186 860
909 575
856 1171
1263 221
328 1197
676 868
1357 1365
346 933
843 341
1135 152
611 1277
1073 1035
183 23
103 1110
144 1051
331 151
655 60
750 560
48 1114
1313 442
679 226
881 539
1355 569
197 922
199 1223
1278 701
133 1082
1247 1323
986 1357
975 762
1298 200
1010 105
1321 344
982 160
251 985
65 589
1038 235
769 532
811 297
664 737
235 1081
415 1265
641 43
1027 416
113 468
475 1225
1110 57
1243 257
462 734
598 1219
188 159
315 387
918 1327
1214 1000
372 1074
1199 441
495 771
1258 708
895 73
220 941
1114 1352
214 508
952 1342
1213 706
584 144
1164 836
277 1359
93 363
460 1276
1046 388
188 1039
1306 585
16 1274
804 497
945 642
31 322
322 228
436 806
1188 116
1322 707
1082 1032
1149 226
291 745
206 1093
8 1235
999 176
55 820
417 224
300 356
487 13
1238 454
261 1191
327 402
510 1121
1042 244
929 219
7 704
1081 170
1360 1026
1272 230
375 380
984 379
1170 59
915 1167
69 1271
1057 941
203 978
1163 509
318 15
324 1142
438 446
1043 1029
23 784
1229 1089
219 724
1339 506
1340 209
771 615
707 837
1060 485
1227 504
1302 1355
32 816
1013 20
133 1119
1304 1331
1188 145
1060 382
350 246
1288 49
780 506
1307 374
178 938
1031 709
937 1111
1360 227
1092 1042
697 380
247 1024
259 1195
74 1048
679 906
1131 987
294 190
324 374
1357 950
675 179
1052 66
925 1123
1233 684
1012 970
881 131
904 45
1250 1084
778 871
641 1026
77 627
51 209
182 975
1020 878
1195 186
1168 480
64 458
641 304
850 948
1230 1002
1310 954
843 964
208 1253
878 1172
1044 642
974 389
1347 1213
314 1239
1150 73
472 159
297 1161
1234 118
1218 992
353 1055
616 273
471 1094
1120 993
83 767
159 1100
647 1192
469 1299
621 585
373 317
1263 1312
1295 602
181 1110
46 1347
1364 366
146 1019
494 1244
1276 1347
888 562
305 1308
398 778
1332 1268
791 1338
530 26
298 714
2 549
968 939
158 188
1110 1207
1067 1313
50 1061
64 1099
1179 741
1088 1149
123 1303
543 1184
403 1208
109 1019
805 1064
994 817
967 92
1075 135
1085 7
107 593
772 298
437 225
224 285
141 78
588 702
939 805
653 208
520 195
950 177
1090 1292
256 464
207 340
70 19
565 1251
1356 773
380 122
787 1068
1132 1061
604 707
797 1166
1322 1016
372 889
1064 100
1146 1364
468 975
811 234
1077 1216
1144 166
371 795
831 840
1076 119
1004 232
1315 818
758 724
159 1017
373 978
462 1303
1145 409
224 68
1239 402
343 1338
449 535
260 268
732 909
131 1104
766 72
303 1337
572 1347
190 847
64 722
299 1
393 1335
102 1299
483 524
270 1090
1256 1246
302 427
1250 319
517 637
369 335
1154 1217
5 1060
528 1091
87 816
481 183
395 522
638 1021
813 1299
897 624
1240 663
44 1128
707 1107
856 219
774 127
47 962
1268 725
387 812
536 674
25 624
297 230
257 1090
365 1181
460 1353
443 802
961 671
348 1264
1236 909
1154 635
746 188
770 1115
970 8
231 672
399 378
1141 1077
639 573
1328 666
862 181
727 1212
626 314
475 56
1317 403
764 390
724 788
1114 1125
126 614
155 111
199 977
411 1239
1158 568
744 86
472 1275
399 572
248 697
658 556
1100 78
1037 867
777 668
488 335
1037 1244
569 1167
323 377
108 207
828 344
687 1359
1313 1255
1112 555
782 78
216 285
1309 1311
239 1340
1298 273
783 603
389 1245
946 773
685 1318
1139 1007
514 679
234 1250
1276 477
43 155
393 157
1111 977
1140 846
482 729
1225 472
811 418
867 800
433 450
605 703
1335 1167
212 484
235 403
497 31
183 1019
357 1225
30 365
950 440
835 1294
513 515
503 211
497 582
914 519
932 669
1045 178
479 766
182 1071
607 581
32 1103
633 1178
913 555
749 661
1041 572
787 940
1064 1236
1274 296
1168 928
1310 572
1348 697
437 738
1247 1023
1258 153
848 431
383 1149
44 510
1258 1281
683 194
985 27
156 1092
221 453
1254 966
329 1007
564 1117
1264 1151
840 674
975 754
239 729
407 1224
198 175
1346 370
182 423
1355 843
1144 204
624 636
681 394
37 1253
1107 501
1145 985
805 1347
387 124
15 1249
656 88
1240 1359
1256 166
