7444
6356 3055
79 335
3927 3567
5380 6377
6840 1565
185 5325
5960 5317
4390 4939
589 1033
4980 5494
2857 2601
6761 2970
6174 5801
7253 551
6818 1730
6295 3363
5446 5860
5070 1009
5226 5738
1477 3680
5793 3948
2314 2244
1815 5410
3875 2465
6423 5066
7289 944
5355 6371
3246 6522
1449 5047
2112 5104
1268 7090
6365 1900
1978 1085
3970 2785
4472 7279
1307 1471
2394 5872
1285 6545
4702 6065
2623 4944
4031 3669
7204 3616
4602 6509
3472 2163
7038 2267
6148 5489
1879 6512
5309 5019
5140 5698
7354 2747
319 5497
5347 6962
4703 6641
1568 4376
2171 1139
3397 5865
1268 6656
2075 7439
2803 3094
5783 3763
4939 2665
4353 3670
6253 2780
5260 2236
5168 7201
348 5396
6094 7045
3042 5248
5460 5270
82 1523
7107 3865
940 5933
6240 3430
4593 2744
3803 6438
7289 6051
4500 1417
1577 3672
4029 1865
5079 1915
486 2258
3004 4765
1601 7347
2083 927
6495 2871
2019 2073
5721 6549
3832 1196
5317 6657
1049 5234
4558 6964
4651 2734
3340 4777
3196 2646
1003 6921
2455 3239
4939 334
770 2877
3280 4705
2788 7219
2998 3331
240 4587
2949 6533
3785 148
6535 6770
6905 2215
787 7155
6877 4997
5465 2823
2332 2368
7311 5282
522 3250
5049 7298
3830 7377
6973 2948
1626 5204
3545 4586
2276 4100
3869 910
292 2640
5854 4425
3456 4357
2406 5431
6367 5047
2598 3705
1118 3190
5799 1381
3453 668
6125 5883
2627 4089
4224 7086
6702 6735
7386 1885
1484 4680
3075 4029
4874 6300
7194 1603
3967 4995
4454 6455
309 5817
1492 1938
3291 5630
1697 6391
6873 936
990 1523
4689 4257
537 1993
5025 6070
6549 5696
3415 7033
2178 7001
3198 2479
2142 5542
1579 1460
4839 2835
2054 6590
5624 2283
3857 3336
6258 4169
6364 2081
6490 4778
5393 1677
7368 4221
3285 4642
2074 5029
6090 5037
6806 4200
4468 4906
3223 3915
5251 3062
5900 6026
7130 1185
372 4594
2414 1975
893 5789
1632 4987
6103 4609
2949 3185
2007 4833
196 4893
6711 3340
1879 619
6923 4754
6742 2347
3160 1977
7286 3617
3200 1390
816 6289
2624 3922
2118 2436
6659 2695
2325 3768
4558 507
3220 7171
5993 6131
3773 5394
3369 1724
6419 5627
319 7088
6970 4888
6490 5542
5375 6722
4407 1224
4293 1917
1722 1000
1288 1008
4929 5210
3178 1207
1471 7133
2940 1979
1082 1
250 5108
2338 6693
75 3298
6399 5255
3587 6499
2854 3927
1303 6964
7128 3638
5962 2576
6966 5477
3902 4558
6388 7377
4787 5996
5604 5058
716 4422
6851 4320
3215 7133
3668 1461
1083 6369
3524 1280
160 3743
679 4685
5236 7005
7245 2336
5689 5752
4895 7222
2112 4830
4634 5149
4909 4512
3078 2453
3252 4942
6294 5843
5804 1482
5905 4374
676 3784
852 6995
2067 4535
1836 2553
4795 3745
6774 2859
1253 1684
1817 7437
6023 3836
2820 3741
1897 2028
7017 6039
3546 1560
2156 7249
2374 6198
1863 6481
1780 4619
5635 4956
7315 1851
3086 1279
878 291
3681 6694
4662 5649
158 5095
1225 4583
4305 4710
6846 2612
3738 5416
5031 7436
3899 324
70 879
876 6839
5774 3636
7295 5495
1151 7399
2674 1191
7182 6484
1154 587
4816 5997
7065 7419
7046 5508
6383 6623
3516 2770
2206 2075
2150 3685
774 821
2366 5646
3108 2241
4903 3129
456 3340
4569 1505
869 499
1620 432
6618 5455
7435 5988
3611 4137
3683 1759
3881 3990
3992 833
5947 6286
4748 1944
1294 7200
2782 1761
3987 7289
5924 692
4390 6277
6034 831
5678 5212
3139 3456
823 4578
5100 6991
2726 2806
7401 7365
1867 79
201 1478
1234 7205
3866 4916
768 3320
1776 2492
1305 3879
600 5012
5506 5243
6357 2667
2219 5434
4895 5506
7297 1296
3569 3426
7025 7013
5119 4810
222 6467
2687 6305
6521 383
6049 3819
634 7279
3300 4255
2120 2419
4019 5187
3980 6629
1141 7334
5087 4993
1018 314
207 5364
5802 5850
7428 12
3166 5213
5002 3674
7250 1772
3185 3096
4392 3204
498 2567
1787 3382
3967 6661
6814 2888
5693 3280
272 3175
4645 6079
2488 4211
1689 4369
2144 1631
4290 4803
4233 3538
764 5863
3864 6897
142 912
869 1692
1468 4105
2229 2476
6639 6559
5581 3472
4858 7290
6220 39
6370 4590
2381 161
1316 6635
6083 5889
582 1924
3161 588
6721 2244
5710 5610
670 5346
3786 3350
1728 3000
6269 2808
2917 6667
1274 7206
6018 1571
7391 707
6601 2206
2451 3274
4662 4235
6953 6900
4474 934
6416 6636
5071 2275
5742 2679
5317 6075
3213 5730
952 4731
5655 5148
3799 5875
7352 6276
6175 6477
5657 1498
2073 3401
4154 5501
5743 5597
4175 2211
6609 4810
3610 4195
1393 7332
6913 2222
5986 6705
4338 7156
5083 5844
519 2550
5306 6630
2112 580
510 6239
1573 6395
3592 5766
5654 6931
1429 2497
811 7008
1763 460
2643 5612
5066 1527
6100 2812
1044 5026
5256 1386
365 922
2223 1572
1239 1216
3333 7334
1393 3739
5460 4553
1295 2957
50 6081
6548 6020
6247 2866
3183 5035
4002 6000
6258 5725
495 6093
1813 2850
6143 1204
1071 3374
5752 5417
1316 3433
4318 6533
2475 4676
2290 762
7202 2011
1980 7203
340 3765
5956 980
1382 1135
3482 1355
6969 2093
3973 5455
6008 2956
3972 7071
2554 6800
6539 2254
2876 4756
6547 2855
1460 616
2063 637
1447 3544
6509 1503
1447 705
7181 2336
7205 5233
3588 2679
4368 4974
4980 1044
6671 2501
1867 7323
1467 5518
3266 7112
5771 7441
4462 861
7220 320
1927 3306
4872 1161
3018 2875
7332 7403
4524 2019
2963 649
3317 1445
7035 3906
4680 5201
5473 4624
5239 6133
5152 3194
893 854
1291 2910
6150 4208
4745 4513
4292 1570
1590 4470
993 6337
6122 2233
5907 7306
3002 3456
6589 6828
754 824
4066 411
6081 7233
4901 1311
6505 6930
3302 4692
1771 132
6766 3117
6645 383
1363 2965
6722 2558
543 6352
2598 1422
965 3548
1027 5208
552 553
6837 3321
1580 4047
4488 2663
120 2457
866 6218
4243 6705
5688 7440
1852 493
54 2801
1055 6159
5847 7326
1108 1388
318 6594
922 2924
7099 2640
4283 2913
4656 3198
2299 3470
1758 3315
4930 4937
4530 6763
6433 5385
1420 4937
2250 5273
1612 4842
4412 4558
3805 4107
1541 564
5308 478
740 7287
911 1255
3078 6771
2134 3471
2820 788
5322 73
3837 5053
2335 1183
7256 539
1605 6670
509 5321
5380 3583
1719 7375
708 5810
6237 934
984 6177
1352 3064
6623 1471
1159 1909
2085 3830
468 6571
451 5273
5138 1894
5638 3724
5825 7287
7162 3957
588 5542
4698 5547
1706 83
6482 3978
6633 3027
7263 6074
2933 3605
1202 6142
7091 3948
3049 4022
345 6903
1720 4711
4718 3456
3019 1863
285 618
5686 2277
5487 1920
5163 4390
2942 5489
6943 632
5892 7392
3468 3113
1629 5638
1150 2295
4128 3766
6948 6643
3187 1346
5213 4621
2491 5338
3176 3026
567 6939
1583 2712
1176 1117
5596 6321
4627 2496
7182 2683
4471 1488
1092 2803
5976 2611
6140 7122
3676 4679
6200 2657
767 3596
377 4917
6888 1219
2202 2401
2848 4901
3808 1292
4859 3831
212 1244
2529 1594
5166 6151
7390 5231
5589 2684
945 1167
4461 3945
3272 3139
808 3346
2967 3351
61 1870
1752 6537
1775 320
5583 5072
2 4161
4316 7397
526 3678
6816 7301
5663 1251
4390 4740
3460 1756
1946 4664
5027 1448
914 4097
5087 1136
4549 5336
3187 4189
2689 844
5933 4651
7002 2124
982 7054
4633 2037
2886 3866
3056 541
3378 6151
725 3036
4373 2489
5470 4240
3919 2720
4441 6768
2957 6750
3365 3571
4233 4417
1707 6367
6849 4502
1231 7421
646 6882
6838 4210
6928 7117
1039 4136
1760 1723
3412 4550
3866 4606
90 3638
1773 1840
2898 2316
2674 7362
274 216
2735 998
5789 4330
704 42
755 4982
3586 7166
5970 6708
1248 3783
4171 1860
4353 5247
5980 4603
4877 6371
5047 1579
4712 2518
6256 1258
4259 5186
6898 4572
5679 2809
2206 2698
5567 6421
934 6359
7364 1667
4781 613
962 3384
6544 318
484 2762
3408 6118
747 1867
1200 4982
3546 6737
6803 924
492 940
6418 1498
6300 1175
215 2949
7224 6939
3051 3588
3858 3624
4456 6407
5939 2533
6851 6409
29 6139
2351 2699
3289 532
6044 1619
6584 3012
7111 3168
5714 6194
2623 3521
7028 3620
637 1206
7187 2852
167 3838
6529 5203
5327 2087
7086 5906
7334 893
4442 6462
820 4325
6705 5331
37 749
635 1722
6623 1653
111 3631
749 3470
2847 3674
2561 7425
1048 3776
2000 6002
3792 1087
1978 4440
3354 4390
4238 1010
3618 585
2549 5919
51 4816
6975 3636
4522 4473
3855 6002
2858 6243
4083 6538
5876 5488
6124 4699
4154 766
5753 5313
6290 4503
519 5559
675 5078
468 3404
4774 7215
4004 3176
2255 589
7096 5405
3808 4362
949 6849
4391 996
3913 3988
6785 4996
6130 3497
1341 2739
275 3564
683 928
2391 6460
1498 4019
427 3773
2062 1874
3114 1700
4139 1862
253 6557
3717 7302
409 7044
4108 4367
1705 3968
780 4501
5989 2056
6256 6427
4882 6968
5182 295
158 7110
5567 3669
3738 3475
3072 2379
4075 5604
374 5116
2092 68
1807 402
3579 2554
2477 5569
1804 6907
3961 4629
505 2855
3619 3216
4887 5651
2939 3379
5033 2900
1149 4986
6497 5897
5722 1627
898 6458
5352 424
6018 6942
6479 4477
3984 6804
4782 3949
1327 917
2042 1576
7435 178
6593 3873
1103 3847
143 2160
4105 4172
6406 4004
89 7371
5301 5078
6511 4908
5658 1144
6474 538
1514 1662
4827 4770
4400 1087
782 1557
5899 5522
26 4058
2667 5028
961 572
2480 3826
3627 4064
3487 1735
5188 2581
6163 5951
971 4258
3609 3339
7395 3690
1255 1774
3643 837
5878 177
1890 3821
1218 637
5959 2239
1066 838
6080 4731
1273 5965
4233 6928
4207 2974
7120 6784
5961 3793
6002 4215
3364 7385
2753 4141
3219 4983
6656 145
5714 3383
1718 4060
1138 798
5222 6937
5197 4167
7133 2703
395 5688
55 2606
5101 7413
5639 6103
6226 255
6189 6429
538 2052
1642 4780
3179 3563
1857 7405
3530 5739
7306 4894
5501 5931
1272 7430
5634 2544
6967 3098
1398 7089
2723 3301
1848 1683
2202 3909
7057 6386
7115 6677
2328 6622
5836 2206
4886 4559
7323 2631
5131 6509
2236 4322
3741 7079
1928 7229
981 6515
4524 7351
514 6767
3517 2950
3092 5630
3970 4866
1936 1191
448 1447
1573 3506
129 6673
4730 5025
5537 4927
886 6253
1689 7006
3439 5858
1978 2769
1140 7161
6285 3260
2804 4875
6265 750
5176 6884
5446 1499
1534 6305
1535 4367
3899 1690
5256 4901
3813 1740
3969 3319
6735 6897
298 5444
1744 198
63 2508
3125 3836
2866 2961
4518 4834
5573 163
4142 7426
629 6971
3661 2153
1910 413
3050 973
6393 5852
616 3488
5138 2423
1949 4170
2613 42
1533 6191
597 2095
2114 5196
4615 6520
3951 190
3874 2766
3422 2732
2538 4332
1364 5003
5416 5543
3260 840
1265 973
4141 1740
3424 5579
5296 5350
1350 3555
1537 4708
6916 194
2487 519
3607 5074
4441 3109
3228 3892
1804 2833
6222 4426
6195 2115
3423 3559
3053 3333
232 7415
1414 414
4979 3229
5680 1698
2440 4131
5247 3293
1823 6683
4818 1247
3836 4448
972 456
5282 1491
5884 4086
5661 1364
7377 2690
4884 4191
2335 2367
888 5064
7126 2361
4832 2728
3790 852
18 2073
6660 3928
7209 5778
2144 6793
7071 923
333 4212
734 5078
2841 5951
5005 4988
1226 3166
2562 1934
5767 2387
4754 6812
2484 5042
7129 2559
6628 6981
165 6956
2862 1033
6251 881
5714 4889
5183 1909
715 7235
5766 5835
706 826
6890 6991
2959 1407
6895 3683
4679 7247
5714 3193
924 2904
2248 5114
2696 4629
5077 6776
4574 1265
2408 151
6815 6304
3503 3777
5215 4474
719 4516
6291 2125
4961 564
4658 7086
338 2056
4294 6706
1044 4374
4104 3841
5968 2331
3512 5939
1696 337
2347 2090
4666 2694
1539 6797
1759 2625
2392 4950
2877 3042
4993 1449
203 2519
128 349
2260 484
2731 3767
2763 222
222 6703
328 4699
4901 2473
1921 213
4199 2357
4129 1590
1370 6315
2612 5998
4272 7351
667 4547
1879 2482
5514 593
2755 2315
4883 2001
5423 550
7342 2774
2600 5370
2566 6612
167 7361
295 1635
764 3998
172 839
721 1578
243 2997
2600 3135
5810 2399
1424 4867
5830 6344
2408 4727
7202 4687
7077 6279
2136 267
3603 6455
4736 6565
327 6397
6291 4788
6333 1322
4242 6521
5810 4080
5275 1073
1783 2905
1078 1300
6162 3799
7202 6240
5118 2348
3266 2600
3998 2640
5370 4109
5351 7294
7068 1910
5739 5334
5387 5160
2878 4334
3060 6380
1659 715
5929 7311
7274 5124
4048 5974
3498 69
3837 5753
1289 3670
4591 2209
7132 3424
6006 6720
2168 5601
5614 6750
308 2073
6457 2863
5963 1314
4893 6442
3124 5414
4024 6798
2980 222
1942 2174
3520 1589
3224 3505
6887 3789
1316 4681
5682 1477
294 2838
382 4430
6929 7160
947 5354
6003 6784
5552 846
5834 129
2473 2338
5048 931
6197 1208
3655 6986
3801 2151
1033 3948
5259 6006
1559 5160
1709 1806
5837 76
4954 5018
3445 320
6940 4214
4288 3982
6806 4666
6546 7357
5116 7385
2939 1667
3939 4577
5551 2380
415 3192
2700 3097
4217 6280
5585 6414
324 5125
5790 845
7063 584
1480 4000
3292 2365
7204 4346
6203 1279
3976 7221
6135 2072
3276 518
6246 3066
478 4017
1010 2762
7238 1475
5469 2518
893 595
1074 6982
6423 3380
2565 50
3219 4646
1585 6904
6199 3592
3234 4837
1403 6728
2843 5966
1010 1177
5647 2207
3665 1976
3845 7383
4900 571
5727 2337
465 3099
631 2925
1392 3498
4338 495
6511 5533
4259 3905
1173 6903
902 6403
3692 558
119 943
2886 1643
1729 1331
6898 272
3795 3623
5283 5078
3184 3013
2131 5697
3218 1556
1101 1430
332 419
3142 866
7237 2154
1576 2742
7082 6638
2416 6093
6599 2180
77 378
3513 570
2815 4567
2843 5448
55 5041
276 2948
4091 1297
4773 2156
2108 1017
3301 1986
46 1641
3731 4458
5007 1164
4954 1399
2807 6353
6623 1229
4611 3176
4857 7075
5410 3282
2813 4367
3751 6801
3576 4754
4353 2232
3295 5397
6977 4368
5406 7120
4445 966
4042 794
6870 4757
2862 1803
6877 2161
5752 1498
2636 464
1490 7115
6059 2657
6876 1427
211 926
3588 6068
7285 965
3695 2936
45 2343
1960 900
3976 3895
3550 6568
28 1528
1508 810
4796 5089
6008 7373
7414 3957
5396 1492
866 7016
1178 3026
7098 2644
7033 5857
2076 3994
3164 2160
6345 3866
4513 6941
7234 2134
5009 4762
3105 4486
6224 2441
6367 659
5240 2975
7282 2935
2982 796
4783 804
7118 2262
5020 46
5095 1606
7027 635
3118 4129
2968 1002
1352 75
487 932
3064 1534
6623 2614
5800 4307
1882 5687
3171 2104
71 858
3115 1293
712 6405
6621 6864
4879 2306
5851 6343
935 6362
148 5876
2064 5213
426 937
6657 3718
1394 4144
7318 170
4041 2858
3670 4476
2075 5248
383 1694
1056 3653
5455 4681
3529 1127
1582 6235
1357 1871
6798 3166
2330 5357
2888 5594
5212 561
230 2732
1743 5646
1411 415
4160 4615
2836 2769
2890 4736
1397 1318
4745 5194
371 4055
7071 6175
4663 3917
5797 5794
6447 5867
3794 892
7284 4124
4441 5636
5277 1719
109 3542
6765 6354
3401 4560
391 1305
1589 3870
1732 1976
3481 5115
2347 2231
3866 875
3460 3793
1591 5456
3270 2003
6669 6583
917 2383
4096 7294
3422 3902
6858 5479
4628 4587
2033 3210
5399 2414
7159 6371
7377 884
3403 2923
1731 5777
6863 5607
4114 4504
4435 1212
5635 6772
2398 7213
5919 3492
4681 7357
559 3674
2183 1254
1213 6838
2331 3281
2355 6568
3407 515
5070 5921
5312 4737
517 2973
894 4241
4141 6268
6997 72
1407 4025
5207 6919
4269 1673
3876 471
3826 1635
1018 6466
4415 1003
5922 1855
28 3424
5714 7071
4944 5772
4907 855
6238 1510
2762 6403
3937 438
5467 1766
2463 4058
5165 1653
4250 5006
3812 7184
3620 5363
3159 5753
917 143
4427 505
245 5165
4744 5317
4308 5357
448 1497
2791 3386
1473 1847
4335 4289
7143 2604
5147 2150
4542 1288
1659 1984
253 2391
5692 1710
3725 2877
2336 2986
2290 7135
5204 2745
1479 5480
5597 2577
5976 1567
7099 6842
5075 5413
769 5120
7154 2820
4270 7263
159 1889
5315 4331
3426 1159
6351 6051
4760 604
1852 2640
4005 5741
6339 3057
3556 1195
3315 2193
2154 2465
1191 4251
2465 4752
6030 2214
1596 6787
1544 622
3936 4118
6126 7273
131 2066
1902 6192
991 1782
2137 988
1705 2843
6600 6944
336 4165
2808 6056
2149 4967
5439 2396
4043 736
3020 66
6688 2126
805 269
4390 2688
4179 4281
5573 3492
4255 6569
5188 1414
2065 6617
6801 355
5525 6821
4412 4758
763 4433
5105 499
5846 6120
7368 332
6375 2783
919 4263
4608 4954
4951 6021
3372 5648
5639 4726
6572 5113
1078 7104
5074 4790
2349 5298
4002 6976
2175 749
2080 7410
387 3689
296 3492
1696 3336
4869 3400
6805 1589
246 6181
2364 2148
3067 119
5764 1543
558 5940
2604 3052
1108 4947
1665 6155
39 7389
4925 2735
4906 1917
6055 1701
605 4392
3841 3259
5065 7224
2055 4654
2891 6664
7201 1734
1137 6660
32 3838
7063 1678
946 6689
2610 2926
6584 633
4950 2664
6286 1129
4862 2221
3232 7149
1891 6401
6213 1798
402 3880
5378 2656
5519 6732
606 2297
6108 3153
2348 6270
4531 5971
6109 2147
7091 4455
411 5129
2746 390
2286 2214
6577 5382
2717 5996
1157 4485
7165 5
1449 5535
1024 6466
6080 4019
2240 5701
7441 5177
3041 6890
1120 5122
2834 4892
4558 3144
6429 5605
272 442
4586 1282
273 1709
5429 2584
7085 18
1888 1751
4252 567
3547 2463
1355 368
4601 1898
5529 2058
3263 6866
4260 1636
5990 5101
3979 6120
6034 959
772 3570
3606 6310
5551 6241
441 517
5 7107
3573 5111
1560 692
74 1443
199 6835
4655 1663
5906 5178
3044 6933
1221 630
4108 3958
2018 1540
6898 6011
5016 706
5674 6466
1728 4932
4920 6198
6960 6378
6810 4073
2594 765
5129 6452
3870 5228
735 6249
3995 7008
1740 3827
2390 1907
4127 5853
1121 5940
7213 3791
2645 5361
1241 6823
1760 5792
6739 1641
4827 6032
1504 5604
5991 1076
5922 5688
6471 4494
76 218
1055 6171
2608 1153
97 2882
1608 5643
785 5578
5091 4526
7342 2476
196 4699
1698 2159
1174 6438
6349 5723
5099 27
342 4141
1605 3580
2930 6548
3463 4444
1818 5816
260 3093
3414 1202
1906 6505
1312 2676
1742 4947
3623 7093
1354 2914
6716 3954
3336 5393
3087 1277
6945 205
3484 7151
807 7044
346 6228
5073 95
4610 2462
78 3802
2575 2710
2674 5385
3462 628
5620 7107
70 1837
1138 116
5368 4176
6735 1634
5922 7109
3862 3943
1033 1430
3261 5323
1852 1628
4546 6577
2334 4844
5603 4649
746 5085
7133 1495
1637 6355
4279 5709
3696 272
5264 4966
6771 6638
4675 5116
5602 680
1082 3838
4329 495
504 1236
3755 4794
5678 6851
6082 5310
728 7392
2889 6275
189 1613
2997 4453
924 5922
4058 2233
6426 4626
4144 6704
6657 2395
4173 4493
2079 5807
6444 2223
4736 985
3685 3387
6405 2807
4146 3271
2190 2006
2559 4870
3788 6069
776 5787
2554 6450
6677 6064
425 6708
2332 1665
508 4473
6422 2911
5996 1689
5358 1551
6036 208
420 4414
2364 2891
6220 1939
689 1869
5629 3122
2081 4519
2776 6957
1393 638
7430 560
5474 903
6890 3551
5136 1362
2689 6336
4781 355
7031 705
6246 2051
525 155
2119 3868
5818 5424
1744 1245
2279 6468
7436 2959
5886 5072
1810 5585
2184 5195
5414 5420
5835 3011
3242 2160
6581 1725
1170 609
415 4791
3280 5016
5139 7340
6120 2051
2899 6097
5360 4674
7006 4657
6925 5753
6318 3262
3315 5444
7289 4571
254 1689
2091 3641
4963 4937
4561 1817
98 5588
6548 7214
104 325
5934 7042
5877 712
773 2858
7059 1857
3143 3896
1729 6172
4016 5992
4338 4716
7242 2880
3155 4185
4637 3657
6145 988
4178 5230
2192 1242
6783 2528
2063 1521
535 3115
3870 976
214 2092
1240 7083
7001 5318
2907 1263
2105 6493
4008 4705
5117 2203
3961 7182
5599 3080
3480 564
6409 864
5990 3165
3320 3849
4107 3513
147 3953
468 5086
5849 2112
417 4273
5043 1460
213 5786
7033 380
4387 827
4555 2098
4690 3494
6786 3742
6007 730
1415 1355
532 6806
4692 1460
5076 3501
2630 4727
5824 1328
3773 1507
571 4063
4077 2142
3244 6110
2446 6409
3392 3470
7071 6521
2518 1626
3756 7066
4807 4312
2328 2537
6937 1449
4429 7176
6974 5651
5184 3546
5069 3758
4233 2023
3654 4776
3709 6175
4530 842
199 42
807 4432
305 5306
136 2116
6141 5753
2178 1151
1678 1954
5248 1039
6696 563
1274 3242
6971 6628
7440 2550
780 1562
463 3712
4946 2181
2452 76
6700 96
4621 7070
5310 6077
6115 2756
1902 1763
55 5873
1405 5835
4331 7032
5307 6559
7228 6076
5411 5106
3276 2725
6968 4651
249 3731
5644 637
2457 7407
4130 880
53 5928
2491 1534
3380 3341
1212 1378
3807 4149
1370 2589
6878 3511
1735 6011
4563 6731
4314 579
7120 3138
2288 5258
3066 2399
4807 1471
6964 3441
5639 6409
5798 3527
5116 7124
2375 7050
453 7383
7300 177
1120 2428
4125 4226
2202 1486
2303 1569
6544 4826
3937 163
227 5979
5223 6939
6168 6321
6869 1794
2055 5345
640 4852
3344 5639
65 4037
1794 3767
2193 685
6431 2835
2859 1344
6842 6417
1002 774
1841 7170
4100 4556
6805 7081
2297 4392
5651 1237
3296 4871
495 2470
5129 84
6733 7366
1553 7095
5223 4465
4081 1864
7398 6266
4091 3517
546 486
4027 6749
2117 388
5005 4310
956 285
5122 174
4958 3989
4019 2160
1771 5443
3805 1323
4885 5944
2853 961
6236 2656
7115 264
2550 7023
1749 7197
3006 5218
4119 420
5841 1645
1300 326
5285 5299
344 5722
2781 1783
2215 2869
4935 5345
2475 240
3878 4058
5775 5524
1471 6573
2500 6057
5088 5415
6323 2785
7343 2379
975 2536
5946 5277
2679 7442
1631 3092
5567 4908
3531 5815
3016 6204
1094 3517
1844 897
6232 6548
5007 1457
5214 402
2033 6563
5689 4638
6194 660
5135 3021
1320 883
2465 6632
7409 1826
4772 961
2179 4556
443 6069
5802 4145
3983 5628
7188 2654
6945 6679
1056 5775
1349 602
6793 4413
4650 1393
7379 5293
6506 376
7279 6673
5138 6700
5845 2169
1504 206
1378 7131
3890 2194
1230 5545
3678 6780
5153 2238
4725 3850
3483 3976
4558 6098
4760 7271
4229 7071
2024 7220
5953 453
5542 4556
5752 3916
2390 4442
4442 5640
5660 3538
1245 7382
878 2282
4407 4036
2929 499
745 2143
4029 322
807 1364
4818 2019
4410 2338
5766 1074
6541 5350
4915 1735
4804 4345
6900 573
3585 3568
7349 5192
6206 3093
6409 3082
3567 4481
5068 1561
6554 2670
2296 2950
6445 2252
1183 2525
5252 7083
930 3947
2402 6167
494 519
4520 1035
74 6603
3486 4336
915 5690
6687 5750
7192 7169
2111 2964
5927 6136
3060 4538
5814 2260
2835 6273
3085 1612
7187 5471
2323 6296
3188 2537
3517 1301
289 6202
6593 6447
3291 6567
3196 5011
1411 4856
1309 2553
4 1375
4129 4018
3998 5227
7307 2164
959 5196
6420 5102
6319 673
4967 1011
2009 5805
1907 7440
1999 1452
3579 265
6415 4816
4536 6300
1912 6888
3582 2059
4247 3423
2543 4321
5405 5091
1465 7286
1440 7120
3531 4702
6055 778
3142 1250
5833 4355
2449 6695
4389 7424
6912 6436
5653 4359
6405 4016
1566 6510
2675 2495
3161 754
6360 1515
908 7378
767 1980
1454 5733
2907 3759
5001 420
3528 6347
462 1863
3706 5176
1710 3526
3248 2741
748 2454
7028 1013
6276 1990
2514 5735
2053 339
894 4655
923 4451
139 2111
5613 7196
5047 1956
6583 1287
7325 7054
514 5262
3546 5232
5446 1109
2013 136
1759 822
873 4580
4809 1197
908 523
6541 398
1583 1825
624 188
666 2476
5471 3423
2170 1013
6405 158
3844 4155
7257 2521
6200 3247
2365 2956
3316 1781
5918 5390
3145 663
5401 3787
1474 920
6488 1876
1080 225
2292 7010
3774 1518
2661 2392
7202 374
2833 3985
5925 404
7242 1279
3727 5122
3926 3860
7421 5280
6172 4286
4467 4636
3960 1685
5156 649
5503 3381
1375 4873
4222 5082
3518 768
3539 2966
5954 2807
4343 6991
2862 3671
3400 3178
429 281
5034 3079
3785 3083
35 5433
5063 4338
5862 596
3795 3356
16 3104
5054 783
1968 4562
385 482
4596 6535
6171 1665
4742 5968
960 5093
5422 5201
6942 741
1192 5119
45 6180
6120 1094
4175 1530
197 651
6217 6143
6490 3982
3224 7304
4630 679
5785 3031
5343 5377
639 460
4162 609
2974 1352
6684 1263
7241 95
6341 3704
6863 6392
800 2235
2763 4084
1097 818
6755 6527
5336 6429
2519 6898
6466 1700
5848 4799
575 6608
3629 4329
5130 3479
5141 992
3466 1765
4961 5132
2509 243
6770 5886
2338 7294
6552 6878
519 5143
4344 2158
6561 66
4642 2426
6098 2207
7083 7380
396 1785
917 4254
2773 5195
3830 6340
5720 1183
6705 2393
4090 5427
5075 1785
868 3651
5376 2901
454 2988
3796 3153
3770 7250
2310 2858
5753 2223
323 2262
2435 419
1960 1848
6558 4897
6997 6676
6292 1873
2634 5371
5018 2835
6773 3103
3451 4488
2844 7274
6303 4496
2931 6047
6764 3501
2337 4142
5554 3875
802 2280
4124 2409
777 4797
512 4878
6822 3908
5129 6933
510 417
2362 6593
5103 5724
5105 3736
6868 364
3539 384
2270 31
7175 212
6284 7296
6635 1126
6272 2703
6348 4178
6707 4019
1487 5520
1410 5637
5253 3570
6503 4380
93 5411
2925 5818
6492 261
7418 6463
6051 5275
296 1093
3552 2151
7138 5046
3816 5772
5012 4912
6369 4151
3569 5349
5114 6407
5513 4270
82 2624
140 2771
6790 2164
36 2504
5473 1103
2792 362
6668 3030
3886 3974
2332 2303
1069 6723
6073 6540
4914 2634
2204 909
6653 1954
3890 6268
5060 1416
647 390
6503 3176
2430 7293
7080 5077
819 5466
4155 7441
431 133
2840 5155
1266 1666
1379 5619
1668 7109
4700 2790
274 2117
5194 2598
6986 1558
81 1171
6123 793
1389 1580
1387 5241
5090 5242
4495 634
3090 5107
2699 4858
350 5000
4705 2707
4810 2557
4652 191
5668 6236
3376 256
5719 4032
6177 5193
6394 5118
2648 1797
3575 4005
481 5960
391 7378
7275 2469
7039 4853
5943 6293
4830 271
3961 5781
46 2507
3908 6257
2186 1539
6881 3046
5954 5969
1786 289
4285 3033
7190 636
5653 3594
5857 6588
3269 1963
4727 5267
2752 494
6429 4916
2376 3899
6419 7138
5712 4138
5275 1625
7006 6767
6109 7335
2454 6834
94 2070
2471 29
1129 2135
6339 1778
3276 4668
3708 1532
4200 6415
7158 1970
2809 1737
3128 2722
2096 6080
6446 7303
7201 6579
4777 645
669 6346
4563 6147
1930 6410
197 2884
1122 2933
1110 1483
791 1258
6760 7309
1262 1290
813 7268
2123 6279
1426 2964
2684 2475
814 4030
3278 5209
5737 5998
1665 5532
7442 2347
7292 7109
6012 6517
2180 5881
1636 7157
2497 5513
3454 573
2777 5740
4899 6238
5541 3252
6568 6883
1657 5536
6801 4214
5965 7057
3624 4850
5060 1102
3007 6063
3370 2621
2937 4531
346 638
6732 6893
3873 7383
3148 3784
6866 1941
5395 873
4188 2244
1879 5986
4072 2864
4810 5624
3826 958
1883 2282
3284 7269
6319 6499
2085 2954
6562 3403
2494 5463
1034 4276
6995 1898
2874 3465
6035 6825
4 1791
286 3271
5819 5009
6551 6001
1312 6389
7240 5172
2546 3411
3457 841
2340 4761
6606 5966
3815 2957
2494 5392
5645 6164
3406 237
5546 113
489 5085
6878 2051
7301 3911
5727 3686
844 818
5966 3877
538 4233
6578 5245
4713 2550
2935 5782
3861 4346
4 3315
2792 5593
7154 1496
2023 4564
2253 3101
5179 5559
450 6033
808 735
3948 2866
517 5162
6811 3424
3600 2260
2229 470
3802 931
2423 3978
38 6574
1617 3413
4107 146
5551 3088
5273 26
4398 3569
5790 8
3588 6105
4813 954
3907 1058
3815 3496
154 6586
173 4659
3572 4484
3442 6708
1735 3647
1359 3003
1898 974
5833 690
7269 5434
2423 5268
3614 3838
3345 4198
3685 7331
3842 7204
1989 5923
5232 575
2296 7356
169 7091
1666 2880
5337 1194
1343 5592
4511 6280
3395 5872
3714 905
4430 2875
6937 5599
3219 6191
2847 6279
5517 5622
6349 7239
6131 4276
7022 4164
229 6489
657 2995
5672 4259
4628 7312
62 5185
3604 5951
5464 2146
2318 5506
3010 3253
5981 5091
2684 1525
1233 3055
605 278
7225 4270
5698 616
7202 6164
487 6614
4087 2111
1625 3307
2608 2767
6487 3412
1504 3082
6463 7333
5332 5502
7280 1579
4506 1002
3770 478
7039 121
1825 4669
2677 1818
3069 4550
2669 7276
2650 5418
933 1492
3025 5006
7098 6111
870 2891
7363 5814
1619 4318
3948 5677
1579 265
2838 2299
2472 4801
2739 1869
1867 3783
5064 3952
2580 4804
554 3804
5446 2451
5517 4466
3186 5108
1003 1114
1619 4349
2095 6657
5605 3825
6900 6966
3476 1078
7133 1350
4922 4348
3710 4257
2929 7072
3950 5072
2561 2363
6804 6732
1131 918
4218 4495
2269 4213
1409 3336
7223 7330
2474 5945
1586 1459
1480 6727
1454 4319
4584 4494
3238 671
1319 690
2535 5177
6263 7438
3546 7281
723 5670
632 5475
6686 726
3082 3054
3222 332
6039 3959
2843 487
6521 6639
1113 4761
473 5585
1253 5720
1147 2965
3504 986
7067 1771
293 1904
859 4725
6997 2755
3212 1536
5686 627
3544 996
5032 1700
5396 1428
3526 6558
4231 3931
2612 3297
4257 3943
6973 6613
3016 2341
3079 1795
6504 456
4418 1636
5239 1056
690 1867
4755 653
6326 4627
5006 4837
7043 1536
1988 410
7040 4950
1955 5736
3167 4872
635 1372
6259 5817
4379 1361
834 2034
196 1991
3609 6837
5764 6017
1048 5482
3878 6401
2329 93
3223 5462
4106 5436
2830 1435
4537 3734
1655 2133
3332 2085
1297 3287
65 5559
1206 1598
1339 5152
3701 6179
1617 3727
483 4180
6305 3525
3225 4349
7136 2785
7313 5648
667 7438
1099 2198
5777 3894
3052 7311
1526 931
3 5452
6700 357
6767 4690
3697 3089
5129 609
456 7050
1808 6223
6855 2951
246 6559
4778 7089
3143 7256
4033 4982
3935 2711
5998 1898
5667 4488
1079 4125
670 671
6848 7312
4526 5393
424 6204
6102 6877
3679 3902
1667 1114
877 1248
1611 2835
3443 529
6511 5618
937 3556
2595 4774
6571 4110
5652 5003
1597 486
3815 7193
7402 6649
709 3780
3220 5129
4695 104
5317 4480
5984 5568
4061 3762
4543 2612
4145 6649
3303 6495
6373 7350
6103 4095
2901 5793
4814 594
5117 6979
865 1170
5356 4625
2113 3856
2203 5498
1270 1944
3732 3522
6461 1039
3040 1684
149 7377
978 5363
4460 6345
2197 3974
4696 6317
6186 6079
1655 4936
4910 2456
5378 3112
1765 4012
4178 7315
6345 3727
680 2976
6416 5419
2338 5777
2971 3509
4640 3436
1951 2226
2889 5804
6523 6166
6102 595
3092 3998
4481 6506
4700 4926
698 999
3652 5432
2705 2991
2974 5408
7325 6654
7339 6797
501 606
506 3779
7038 6531
42 1348
6797 301
493 1287
3211 1031
4367 4175
2089 1667
3203 5819
6686 3876
126 7120
1946 5642
6720 235
1023 3056
7277 1627
4759 2251
6575 1534
870 4523
5374 3358
1128 1601
3903 3795
2231 4671
2876 7177
3170 6711
64 3790
2189 1885
1635 1214
3898 5462
7174 5044
1494 2702
2686 921
3230 3973
2751 4587
5357 1704
6864 4332
224 5368
4386 7397
955 529
300 1250
5592 1384
5180 3241
7371 5702
1966 1317
4849 5070
4287 77
3194 1180
2271 5534
6958 338
5004 5011
197 512
6681 7283
999 828
1870 3946
2760 2877
2891 7091
7049 246
4962 4309
6985 540
1070 308
450 6384
5580 837
1910 5711
4001 5336
361 6352
170 1723
7188 3095
6235 6482
2775 1180
1095 2337
2381 5839
5749 4563
779 5649
4835 2866
6849 6196
761 6775
6054 2768
1025 792
2073 4112
5740 4273
3461 5539
6042 4351
3130 2590
4336 2426
3065 5809
3891 2135
258 6475
3039 2392
1199 1640
3978 5582
3690 1615
775 4506
2826 4816
6913 4140
3248 4795
2651 5422
1700 6496
3464 6051
3466 1151
7264 2005
4331 4846
1800 1722
6448 3622
4479 3843
1209 6307
2168 1564
1014 2266
4429 1931
1471 2397
5708 6072
4703 2020
6815 3792
1801 2746
1380 6570
4880 5704
2857 2891
1570 2146
5790 4965
5515 2584
4438 6254
1667 7003
4046 136
2651 745
6601 2701
289 5114
4981 4881
617 4908
4861 4273
3047 4589
3372 2301
7275 548
857 3661
6117 261
1346 1369
4300 5434
5025 863
2349 5876
261 3612
4404 4841
3775 5030
401 5319
76 565
5570 4429
4820 1176
4330 2045
5348 7272
3690 4678
2033 3783
5039 1730
2225 660
4042 262
2381 596
5396 2736
2358 7358
1703 865
3336 4486
452 6034
4536 6824
7077 4755
24 6589
5893 2753
7229 6350
4494 1371
2294 7015
3315 1626
5478 5155
1644 6415
740 1248
590 5566
3273 6264
2278 1075
4233 2075
505 4907
2571 3188
7041 3802
1602 2934
3136 4405
4840 5615
2494 5385
3031 5534
2127 7286
83 1835
5920 1400
7030 1119
5050 1759
5874 844
1206 350
1245 6784
4095 135
122 6847
2969 6924
3132 119
159 2974
6459 1099
1847 5286
4592 7255
5502 2022
2019 4434
6521 4349
3542 1980
6923 1978
3659 4486
644 5158
3486 5237
5592 2619
7113 482
7242 5499
748 7060
3434 3912
977 2762
3817 2381
7351 6292
6749 5939
3342 1080
6092 2859
1430 1417
2635 4978
3728 2043
1064 3081
3193 4406
829 1407
2600 5445
3138 2410
5067 20
2249 6367
1424 3174
5176 6570
2517 6808
5839 6973
4277 3517
5435 6179
3509 3491
190 5668
6682 6621
7439 4904
473 3434
7047 805
7309 5900
1380 5451
4430 3835
4220 2866
2119 1917
2839 2746
3436 3611
1923 7071
4010 4641
6114 7399
6939 4315
696 4574
6171 4974
3279 5111
4950 5082
6382 4578
5588 6673
652 206
3576 1514
742 5618
2993 5701
5137 6067
3325 5776
5719 1279
4491 3437
5669 2794
1560 3046
1460 3840
6989 5711
1862 6409
6903 4398
773 6937
6293 5232
6900 2889
5211 1779
5264 2364
6306 4546
5677 7053
6805 2828
7224 7147
529 2960
2729 648
6189 5595
860 6149
1888 3226
3883 864
1300 3745
3695 6376
6854 4114
5869 295
1940 1316
1413 3517
4989 6382
2401 626
4243 686
6321 4599
6429 3795
1466 2797
2450 1715
3914 4638
6860 2686
343 4273
4422 7109
6538 2014
1743 23
326 1404
1491 1053
7335 1498
571 5530
846 1546
530 1230
4856 3807
2889 7108
3834 684
6807 5374
562 1738
2692 544
3830 3668
1079 2054
3695 5258
6714 7228
4350 5417
4449 6096
6175 5669
2392 2646
6730 3372
3031 5080
3279 4318
220 787
412 1198
3331 3591
5684 59
10 4828
3805 3553
1371 6305
6066 3020
5483 5129
4489 977
935 6578
51 4508
7014 4038
2067 6571
1616 1844
5000 2831
1953 1493
3348 6311
3882 3668
6690 5338
1119 1323
3998 5516
3092 6663
6954 5617
569 5941
7092 5235
4111 2381
2551 3938
6827 955
7204 5077
2265 2081
2726 4153
5538 2183
5404 1891
5719 2370
2990 5593
6663 4583
324 3934
3538 6440
4180 5872
2244 5793
4011 3973
864 5251
5285 4919
1164 6867
6067 1900
62 2613
4944 490
521 1283
3871 1560
1217 1400
4936 7036
3164 4103
7366 3400
2909 5748
525 4365
4341 5270
1989 6805
1492 5337
4865 1460
542 2218
1881 6120
6604 1527
3745 5093
7164 3897
1230 5384
2915 1534
272 3420
1094 5782
4352 6457
3755 3574
3565 3750
3704 2681
5256 6473
6966 5918
4731 39
5848 1110
5316 2193
2054 149
7243 3838
6009 284
820 7403
5857 4013
2121 5552
2818 6478
4630 5596
5634 6637
6033 4963
722 3936
6336 1189
7403 2209
1056 4913
3309 1972
6805 451
4742 6209
761 6090
4805 1970
5549 4707
4822 3819
4005 2464
5607 3986
2272 5941
3001 6200
3540 7383
6831 6231
7273 4078
7434 1029
2195 1751
6408 5886
5976 6869
6146 3707
2514 1506
4725 2962
3664 5680
6649 7125
3608 6852
4568 925
5196 1012
6625 2876
4581 4993
1047 749
4529 2978
4364 57
5492 427
1263 6327
6393 1759
4617 20
6620 2574
3214 3745
3056 6559
3388 262
2577 6445
6715 3695
4528 1134
2313 3757
543 1407
2786 3407
2668 1387
3081 6094
5639 1160
4558 5386
2004 5659
2737 3787
654 4835
1056 3713
7129 2734
1274 4351
6757 6591
5627 1383
5434 4170
5639 5975
1937 4359
389 241
4654 694
761 6922
476 7107
5575 2023
6598 2381
3771 5302
6843 6797
5373 5466
6060 3281
4987 4766
1630 1597
2368 1517
6759 5812
981 4654
2621 4823
6892 5034
2646 1366
2072 4054
2534 213
2202 4122
4179 935
6942 2081
7208 1119
6954 4138
4944 107
5864 37
4916 568
2582 7066
5938 1430
2048 1172
94 3767
6240 6960
6420 7047
1509 2919
4184 609
7204 7420
5013 7057
2812 1006
794 760
2804 4333
4767 3547
5946 3503
4382 100
1182 2063
4234 2982
3950 2810
3250 7298
7139 954
1590 3942
2434 1579
3541 5416
4943 4331
2282 2510
6490 2404
634 2275
2219 3448
7260 7335
5007 4662
5908 4545
3871 2145
4614 5040
5526 5281
5053 1280
723 5572
4980 2405
3968 3315
3026 3719
1151 2275
6823 637
3225 3266
6653 5353
3794 1107
3178 1403
7186 6839
1700 3528
1896 7271
2433 7173
5488 1264
208 6698
727 3178
3675 5442
7157 3558
6921 7199
1473 6432
5756 5461
4154 4728
6582 5564
5215 1411
5694 4475
6947 4518
650 3304
683 1336
5643 4743
244 3042
6379 6014
7367 4062
2640 2891
3424 4829
6780 4872
3672 1538
1927 6337
311 6091
1477 7099
4267 6101
4373 4364
6028 2202
333 5438
2086 2070
660 3281
1270 3092
1245 1355
388 2834
1898 4019
76 6161
3146 2518
2121 7399
3538 3431
115 5060
1430 2262
405 5377
2342 724
6794 2541
412 4164
3257 900
5265 2438
4415 6430
2903 1007
3206 4297
4654 6069
2551 1601
3325 4938
1579 6949
1216 2461
1076 2249
280 511
426 6045
921 6345
4129 2278
596 2622
5022 1689
6539 3362
6451 7346
6127 3534
5248 7406
1681 185
7034 1505
2432 7324
1171 3170
1381 6662
2979 4977
685 5290
1368 680
6333 2987
1185 6943
76 6643
6908 6810
3019 130
7227 6094
3495 1599
3256 2617
1660 5625
4419 634
4740 2816
7319 1743
6762 7353
2184 3723
2865 1406
3425 3745
3969 3122
2382 968
5600 1267
2587 4154
3954 5512
4571 6375
5891 1263
1495 6605
4277 5348
2994 3347
5684 803
4051 3299
2266 3464
3993 1917
6709 3532
3397 3520
1723 7023
4485 2646
1518 6914
1326 404
2613 2140
2068 5960
5235 5807
5047 2185
5575 4972
4426 7102
6133 4539
5321 2433
2541 5925
2235 1260
1723 6119
2043 2851
5857 6950
4558 5146
2338 217
3115 4211
6031 301
6824 2891
1004 6779
4216 6028
3117 1061
815 5575
4035 1247
6455 262
6302 5944
6225 1159
5628 4729
5308 1898
6011 5175
6749 5707
3255 457
537 2660
6673 43
4536 3852
709 2111
304 4682
1800 3195
897 4814
4533 6073
6532 1579
5312 2546
6528 3059
7200 3772
2262 4219
5831 5275
3997 4522
5092 1589
3745 4946
393 7178
1975 715
4205 5922
2190 4237
729 977
1890 5042
6809 6598
2682 2257
5471 4076
6514 1642
7055 426
6371 6265
4208 2656
2173 5622
3205 4806
6711 1773
3690 4937
6449 3588
6053 5070
7440 7249
3373 60
3003 6460
7163 5476
5571 7071
4321 5258
1410 6194
4888 709
4565 6519
4203 5108
6741 6968
5244 894
467 3925
816 2242
5355 4558
1996 2056
6360 2431
2811 749
3112 5731
4900 838
6423 2049
4067 5147
6517 871
3430 2655
6207 1623
4005 458
439 2480
5249 1901
4757 5939
5120 377
33 2100
2568 5639
331 3336
5513 449
4672 1269
3434 4827
6120 4576
4657 3752
2684 1432
6671 1401
4265 899
3340 5945
7263 4631
4644 5260
1494 1387
3150 4782
7109 2152
3940 6240
6969 3091
5459 2544
4834 533
7396 3903
7350 268
5627 1771
7307 2663
1888 1455
3747 2907
907 3772
606 6281
4968 1000
5732 2255
1951 3170
4990 1415
4894 5250
1740 4911
1175 397
6549 5705
1127 686
2051 578
6472 114
6116 3745
6094 5832
2498 6738
6316 4576
2219 1926
3863 1091
7436 3113
4725 423
96 7376
4746 3694
5563 555
6456 7345
5070 4182
5940 4426
56 6396
6455 1932
5267 3565
1928 86
2895 3683
4165 942
4213 4354
4700 1220
1532 5412
6932 5537
3070 1811
3473 5007
2980 6701
2392 3435
7322 1519
3904 4319
2392 6416
83 4576
3182 4256
196 411
523 6208
2016 4551
1968 2782
2880 2765
6200 4622
3615 2711
3203 2740
1453 6606
6400 5745
2187 6587
2201 192
632 5395
950 7135
5003 496
7011 153
2883 4079
1597 3542
4378 6771
793 484
374 6354
2857 4703
347 1947
2298 5369
48 7342
1228 4874
6054 2309
5161 3167
6046 1782
3355 3740
283 6551
374 5535
3955 6002
3375 6988
5437 2534
850 3312
6223 556
2928 6331
2679 2126
2108 5507
5042 4792
5413 5059
5457 4964
4222 3444
894 219
1309 6911
7298 6360
6047 6640
5174 2223
2517 3082
5326 2353
480 4424
6824 2592
1547 544
6007 4233
546 3502
2876 1972
3532 6798
2009 3310
6743 6816
5826 2063
4621 853
2210 6366
5812 5706
460 1022
3667 1499
6335 144
3699 3678
2894 1700
5322 1699
4800 5239
1575 6851
1316 4148
731 6638
1275 849
2119 356
1907 4015
2243 1854
4842 4447
6108 1917
5675 6441
1841 2704
2767 3598
623 2413
1741 4326
487 1820
7093 363
6486 4191
6806 12
5992 2386
2089 4445
7073 5401
2908 4449
6910 4075
1108 1560
6898 4373
5887 1738
3625 7433
2128 2695
7221 6283
2795 7178
6016 2233
3754 1449
5373 6459
4347 5286
6233 5642
60 4232
7159 6187
1509 2150
1269 627
1142 4209
4779 25
1849 5714
2419 1116
5648 981
1489 4524
4567 3388
4111 5180
5587 1867
4661 1468
6550 4849
3459 2399
139 4168
3042 6175
5765 1002
193 6226
5333 6615
6204 1056
71 6898
4885 2468
5263 4071
5339 5170
2618 769
1589 7083
4693 4033
988 1293
806 522
3543 1081
4614 4697
3117 5195
5896 7330
6424 1979
2896 5141
3816 1026
4593 6757
6610 5987
6918 2550
567 6284
7091 3036
2307 780
5307 3151
6329 3590
1221 4324
7411 4913
2486 6488
1150 4402
1078 5480
5705 2723
1593 6646
5305 4580
7205 6262
968 4630
2411 2858
5003 4750
452 5838
6392 6084
4198 2422
6143 4464
3662 901
1726 4819
1909 832
1019 2174
1155 297
6266 1072
5874 1387
2413 6461
3122 2015
7007 1261
7353 5300
4068 5321
1412 1447
2563 3300
3143 6339
6917 1341
3064 5293
2757 1728
7413 3633
6754 7022
891 188
4308 5440
2154 2477
1858 5649
52 7442
5538 1163
4649 2075
2392 2800
470 1559
4177 1648
2993 2317
758 1493
3332 5671
4772 2374
1718 3516
6126 7058
4052 177
6154 4982
3557 6012
1747 4495
4584 1360
5767 3944
4745 1147
5085 7246
5538 5506
6422 5417
1867 5369
2638 3497
1871 6188
6088 1460
3509 6570
6377 5699
6851 3853
634 4992
4118 3089
6869 813
6749 2576
3160 6563
3508 46
2220 7270
6285 2110
3659 3848
789 794
3849 5470
4745 4677
1401 2789
5534 4326
4747 2368
517 2956
5902 7283
3188 5114
4327 7151
2512 6936
3268 1597
5050 1499
17 3684
5008 4805
1790 1787
3048 6425
5036 228
4880 5057
3043 1747
7121 4353
774 4998
6989 1645
1814 4383
1330 4171
7354 5702
3645 5741
5217 1783
6326 3126
336 5484
1945 5318
2550 1751
2469 462
4959 2395
6749 6058
1232 1553
2877 4580
7285 4296
5847 6214
6191 5734
2653 752
1313 55
229 303
7183 4515
1504 4474
1558 1570
379 4389
6521 6057
3331 7259
6201 2407
7433 7286
3722 4788
6482 2593
3604 2158
3929 3581
4565 4905
720 6065
4474 6633
6059 856
1159 4916
6047 1661
5383 6221
516 5985
6280 528
4358 3787
6319 1165
1331 699
517 4625
7134 4973
6106 1297
3800 5026
5095 4647
3623 2082
5886 656
981 289
718 159
388 5753
4937 7348
1451 6229
3839 4451
2440 5546
5332 7076
6997 5760
5324 596
243 4005
4875 1052
1110 7107
5939 4034
2210 1510
1804 567
1843 7326
4933 3623
104 4507
4518 6777
2622 1748
386 1501
6265 2424
4028 4183
6445 2483
1591 5695
4879 4667
3177 2793
2245 3674
1875 7119
5516 7086
4516 1700
3523 1386
4059 6472
1987 3851
7394 5317
5517 4724
5715 6585
4520 1302
6517 3632
2807 168
120 1994
894 1609
6866 3711
6192 1104
108 6790
5615 4574
6251 3446
2503 5528
3134 6215
6536 6363
7171 2087
5779 2658
5092 4626
3233 1589
4722 2914
6024 5661
6103 6280
6156 1863
4135 2381
1875 1996
2573 6659
6061 6275
4539 4934
3677 6174
5203 3841
4924 417
7440 4074
5034 1172
1822 744
5929 5995
6665 4182
7440 1011
6901 2771
5200 1056
2838 1377
1287 5269
7274 958
6216 3488
2821 5736
6128 3171
4068 7409
3605 4717
2569 4984
1847 3194
4062 1265
4784 2176
3156 1438
6521 3330
3742 6705
5014 6390
4092 5880
4178 4387
2380 684
3153 5074
602 2948
4274 5796
338 7167
2391 1911
1452 1417
5738 1210
1738 502
6699 5513
834 7385
7093 5787
5828 7400
2345 725
3315 552
3149 5753
6468 4086
1872 399
2946 6432
6258 3509
3449 4287
1787 3688
2290 1436
1485 5260
6155 6212
6341 4094
599 4204
3669 162
7085 4798
5138 5388
2966 7297
4778 2602
1960 5890
7305 3951
3590 1364
3114 176
4844 3415
1720 5689
6008 5321
5235 7280
3648 600
1510 987
926 6270
311 914
155 4174
3233 4342
3912 6369
6065 2320
2430 884
2064 6349
2967 2392
4667 5588
4801 1433
3954 1243
243 5861
1418 6190
2396 3450
6711 434
6951 3826
6173 3155
3239 6937
2420 4661
577 7213
4085 4785
4887 6738
5114 955
3401 2449
567 2817
7220 6313
6157 2067
1231 1437
2239 1646
531 171
3742 2273
5718 3480
31 6349
947 6007
6510 4414
1172 5650
2008 2795
5994 5221
6839 4855
4481 6755
2591 7016
2955 977
2210 7059
1510 2023
4720 6278
3730 7118
4267 6907
3326 3219
3741 4623
2354 372
6619 3271
2540 6264
6966 4797
3973 4152
6712 3060
3819 7163
233 2352
6421 2632
2586 4521
2850 678
2983 6445
3277 2088
4365 1929
2746 6853
5184 5908
4233 4200
1037 5540
4708 4518
3510 6952
3615 1249
4766 1219
6563 2504
3700 3299
1923 2679
2133 817
516 2835
4816 3013
1331 5793
4498 7004
3581 6826
3058 5426
1738 1882
6625 6906
6898 3314
4182 3972
2209 4521
1208 259
6571 1504
5271 806
3829 2608
3288 333
534 2730
5745 3992
1570 7012
702 2832
6643 4957
6577 380
3430 2029
1007 1505
30 3615
3737 7103
3175 5005
6274 5964
986 3613
5621 5922
5120 4734
440 1611
5402 6725
1098 3822
5164 383
7398 810
1254 3134
3456 5082
7344 3981
4244 3219
5782 316
3660 3404
7245 2396
3961 6034
7267 984
3002 1957
6034 830
4588 5669
7283 6253
4926 259
3078 5550
2842 1881
2167 2089
3019 2442
4926 5347
6953 6405
5685 4201
3644 2966
2671 2850
1552 4677
1655 1914
5511 6165
1856 589
5490 1312
5496 6151
3560 4175
6648 4531
1597 6308
809 2874
6961 340
3140 3048
1757 4525
2089 6494
6972 5763
1561 4975
574 3538
2457 5007
5052 6343
5447 6710
4377 5023
3543 479
7153 448
4371 6103
4396 4978
1627 407
4319 5912
5613 1285
2372 4202
5915 239
6736 497
4887 4710
7111 3440
799 7320
6461 6374
4741 3245
1391 6892
1724 6933
3406 2379
3833 7283
872 5478
5610 5753
2942 4808
5722 4291
5701 997
6149 5179
5097 3968
5150 6314
4351 3566
2838 5937
3959 5496
1471 6900
1405 4408
3451 6331
2076 1859
2111 2685
3538 4527
591 5898
4916 2041
7435 6455
1547 4283
3385 682
7171 2177
3286 3201
1279 7276
4819 1208
6873 6945
4098 4936
2227 4234
2116 1953
5772 5082
1462 336
1184 2980
964 4179
880 678
1097 2709
3448 3781
1510 4830
2733 2819
3802 3745
1329 6264
3020 6421
3626 2487
3627 2747
2035 6717
1784 6674
7248 1980
5259 4570
1003 6554
1046 2459
4233 3434
6513 882
1089 864
551 878
2228 1162
3570 1635
3589 2072
1712 2445
890 455
5896 4595
2299 6831
411 2645
2640 5496
1431 2878
4993 287
1649 1593
3272 6029
5666 4328
4377 374
7142 1534
6564 1279
1003 4779
3552 5094
4896 272
3340 5801
3244 1248
5537 4670
1153 7423
4339 3994
5302 7146
3500 6526
4563 6005
7021 4481
4575 5327
1246 5783
7056 5670
4323 2292
3110 3974
2082 2182
3385 1961
163 5883
5213 6930
5211 6768
5274 4940
354 4525
2670 6113
4964 6064
2010 5766
4295 2891
7387 4303
4025 5529
6749 995
383 5990
1356 5100
1470 6896
1649 5213
887 4717
1973 1921
4190 7399
366 4603
2508 1560
2779 6170
5332 307
7232 1086
4366 1547
7105 5793
2914 4680
3480 3577
7243 7251
3348 2947
6099 6230
3703 5141
5854 2312
4023 5294
2031 6129
1207 4769
3851 5932
505 5545
3343 4783
4599 7337
4372 4329
6571 1431
2046 309
6829 1067
2171 2814
3429 5425
2238 1799
891 3641
1187 5337
487 5121
14 4679
2907 6278
3325 4637
3700 688
4428 6234
7000 2866
2306 6355
3923 5537
1371 1964
4348 514
6802 2997
3509 2224
1131 5643
4118 5986
4880 6804
3126 5870
1464 2389
1545 269
634 7311
5342 295
4439 4864
6873 3798
5513 7035
4105 1937
210 6465
614 6664
5135 7236
34 7439
2785 2603
6994 4495
6485 7360
7345 7383
6576 6864
2889 2951
3510 2193
3731 1095
2829 3379
4449 6027
4721 7322
6936 4502
156 2148
2264 6851
7153 1448
4143 2219
2001 2458
4796 3745
2827 1325
4015 1978
4834 16
2171 7062
5493 4769
5047 1599
6002 1529
4121 537
5341 5620
630 7240
3779 4436
4083 6654
102 6577
2308 2070
628 730
3427 4815
3254 3927
4090 4639
1942 1943
6649 4023
1134 7408
3873 2671
1790 1680
6029 2344
5004 4082
1811 3570
4845 3283
374 6103
3493 5890
1773 7257
3548 1215
5038 1583
1581 6621
1059 2477
5015 4487
1347 310
1758 4118
6851 7295
1913 1612
5401 2187
3897 5958
2914 6898
5077 317
7097 894
4860 7332
3149 5157
6703 6849
6570 961
6673 7317
2213 1543
2080 7417
2835 1116
685 2072
5851 490
6725 5127
5642 1413
6310 5364
67 5195
1304 3238
2348 1150
6928 6226
6405 5106
6202 5910
6312 5661
5754 984
607 4020
1509 3753
3137 7052
2899 7336
7388 2110
2641 4
6647 2875
914 7349
4406 1749
3999 7244
846 3131
1117 3734
5374 7202
6949 257
3412 2817
7220 138
1252 6352
2251 4447
2096 6992
6059 7226
6627 3962
6516 2662
5277 7412
35 6222
7048 1176
381 3902
4002 931
7195 4321
3103 6046
3214 3421
1475 2797
4944 5358
4356 4679
690 3365
3630 425
6065 1679
1439 916
4323 3407
1900 142
873 1709
6490 1234
988 979
4307 2986
3447 2709
7354 1780
418 3424
1930 881
6757 4423
5312 4662
3767 6675
2517 6399
4712 6531
348 3189
3832 6445
3478 4022
4960 4542
3355 5138
5312 1471
3641 807
4389 2818
4868 7147
5471 5866
3691 7399
3673 7238
5006 5596
3681 4500
4396 5205
1434 3471
6356 6041
4085 3721
6891 5070
6624 6810
3918 953
3501 6451
6953 3787
5783 2938
6909 3535
4944 4854
3517 2113
3448 3258
1510 502
983 6453
6765 150
3481 5766
529 7330
2481 4484
157 6079
3820 3474
4944 140
2920 5527
5474 3419
2877 6089
5967 4445
7393 1087
6821 7036
1082 2188
1544 628
1626 430
3543 1332
6792 453
4127 5259
2782 2650
2889 973
2336 5047
3632 3912
4725 5797
2870 2918
44 4102
945 6672
6522 6035
3471 2150
1513 1964
3265 2742
5570 7403
7329 3841
6994 3474
3152 4444
1991 7150
7309 2175
6341 6852
4574 1472
690 7252
6905 3045
3986 5328
1586 2021
2995 6327
4958 4862
2699 869
1449 5210
5058 10
6980 6793
2197 2575
4812 1558
5400 4954
4614 4502
6182 4604
4933 5365
1325 3794
4684 6752
47 3979
5126 5876
3061 1350
2454 493
4982 2219
7162 3992
5432 4780
2208 6548
649 1747
7212 7429
6122 1958
5654 4062
1845 7033
1964 2923
578 2626
5808 45
4415 3682
406 3138
4421 3035
5085 5309
1481 1430
2030 3415
7280 3359
1824 4986
783 893
7319 4885
7221 2262
3963 4739
931 3200
5105 1130
2778 5857
4271 383
177 5289
2997 3873
4993 6260
634 894
4637 4278
1667 495
3008 5870
3760 5927
6902 3560
4680 1676
739 1818
1344 1576
3164 4128
6112 3499
2493 2475
2657 6253
4088 4463
141 3841
4758 2440
3172 5826
7161 3329
3357 1468
7280 2910
2918 1186
5045 6914
4042 4758
4103 665
6673 7212
686 3232
4474 7258
1853 7224
1531 3641
2427 1636
4741 1992
2748 6387
4981 5219
4712 6423
1621 4267
445 4853
1983 7221
2051 576
7102 1792
4634 4717
4399 1801
154 2404
234 6087
509 302
540 6513
442 433
6342 7024
6052 1382
7316 5218
326 3729
4141 169
6236 6837
2009 1138
68 5152
6667 6839
5901 4469
4388 609
5468 7286
2071 2148
1201 6347
2361 5256
5017 4259
5262 232
1168 4880
755 2447
223 4974
4164 2724
1243 2817
1333 4201
3548 4648
6875 4394
6703 1579
662 6901
4958 6935
3932 1592
552 6459
3876 3400
4823 6416
4457 1930
4258 1844
2059 3639
558 1253
3038 1148
477 889
2319 2347
1516 3499
4120 1255
4937 3142
2637 1771
3077 4705
6842 7288
78 2
5940 6966
7350 1696
2708 5759
4758 1182
2415 1344
3124 1166
498 1190
2647 1068
186 2848
2943 6459
6976 4863
2822 3890
5190 5418
3338 1732
795 1270
3177 5535
80 865
5323 1561
6886 4829
7069 2625
4733 6416
981 4123
1163 6138
6013 5279
5458 6845
3123 2894
5314 1211
587 6463
1886 2739
1211 2972
5160 513
7314 1391
5613 6486
3052 1367
6428 4283
164 4517
329 2849
5169 3123
2379 3114
1340 4737
4340 7335
2388 3884
1886 2160
19 1576
2295 1444
6170 404
916 850
5308 200
4375 5340
3281 1208
7052 4089
210 4344
7219 1124
2899 390
7210 4734
6111 6286
5990 1044
7371 6009
442 4593
1188 5639
2217 6797
3033 115
1944 6607
315 6420
3754 1474
6156 485
6445 543
2667 744
4601 2047
1039 7123
7185 1652
2958 2090
6079 3
2660 462
7009 6551
4264 6750
3186 2454
3452 6515
157 2129
4993 6617
6899 3351
1132 970
446 152
3757 5664
30 1740
192 3646
6483 1298
7366 7042
2350 4535
730 3635
4202 6064
4018 3264
5283 6170
1148 904
4949 2518
3438 5375
2299 7161
2488 1279
2581 290
2263 3059
3253 352
2939 351
7332 85
1309 4155
2649 3251
7075 1866
3159 2219
3939 4482
117 5674
1670 183
744 1597
2492 6712
6154 5751
7228 5003
1732 5715
3121 4821
5284 149
3255 4213
90 5416
2645 5224
4161 5747
1721 1364
2640 7358
6127 5885
5920 3150
2652 7176
5831 3327
6122 850
4483 6451
3048 6672
1589 6334
2734 1930
4836 1150
287 4266
2442 5485
662 299
2449 6500
6628 5340
3910 1563
5822 2912
4981 2281
4467 6548
6457 1006
4086 4326
6777 1768
2294 4754
970 6081
5789 547
4479 4375
1553 5626
5355 7359
2881 1806
3162 2599
2519 2084
6689 3076
4204 4193
4147 4661
4541 5032
3046 7061
4990 7101
7383 1947
6390 1793
6313 3499
4950 2499
1620 6331
1327 6787
5021 5703
6360 4071
2684 1155
437 1694
1722 5500
6137 1642
1271 2563
3260 6490
2965 3897
6724 1796
6224 1407
1846 4488
7366 5144
1625 5876
1306 2313
2522 269
5560 2834
4764 4829
4662 1050
4488 180
6163 6844
3218 5223
4414 364
2486 6559
6934 5169
2056 1114
4719 6918
3099 1626
7354 5318
2282 4963
2868 6515
4800 15
6879 1745
2014 2044
2165 5317
1937 6920
1150 33
4001 187
1759 4301
6021 4784
523 6890
7341 5173
3992 5460
196 5159
1374 3261
1312 1411
6820 3996
2466 5181
7422 175
7335 3269
2602 6781
462 7047
4767 2908
2178 1245
3159 4163
2893 5339
3423 4784
3415 58
1818 475
3336 2938
3663 6894
5840 3811
4552 5316
2259 3942
2580 1639
6946 4804
2902 3926
3360 6478
2906 3076
243 5659
5607 5195
6357 5591
318 3215
5323 7138
1030 5277
1652 3810
7071 536
7133 2381
1824 2175
3866 1787
5821 56
644 5025
5603 4597
5613 7166
5239 4057
5067 1747
2151 1138
990 4059
5606 1031
7403 6453
3764 5471
5774 258
6413 1916
4753 2285
455 5381
5194 6926
3392 6655
6706 2572
2498 7194
2333 1839
495 4945
3972 4686
7327 713
2792 1971
1156 6565
558 3988
792 2560
3092 1056
7441 3253
2275 6740
5936 2432
3792 5812
6155 3823
6008 46
818 2542
6054 6272
21 6502
5752 3892
7321 7384
2331 6659
6459 1450
3108 2649
1877 3099
11 4703
3636 6657
1016 7231
4592 592
5535 4916
2290 4706
82 927
4264 4632
5946 816
5136 5084
525 2695
7157 5840
3392 5035
7085 937
1844 6914
5683 4987
2860 5232
5329 4580
1987 1270
5784 3466
6468 2490
3063 7254
1100 2997
874 5787
4346 5856
5806 3703
937 7064
4246 1628
3906 5608
1652 4704
4109 5523
50 2229
7135 6750
4019 563
3068 5321
1402 5370
422 4364
5513 5506
2639 4629
6696 663
1543 5400
4801 45
5529 6596
6623 6320
4805 4093
1761 728
2002 3414
5714 1447
2077 4482
199 6173
4771 8
5426 1937
4437 6248
6967 3756
7278 5310
2887 7247
5744 2315
6174 6785
6856 4528
6987 6664
1430 183
6858 823
5927 7370
2433 849
6312 2412
4414 841
6798 1892
7091 2656
6121 2332
1846 2615
4018 4514
1600 552
1753 7419
1895 4010
6103 2422
1447 1640
1478 3642
6245 4217
5811 2575
169 387
4824 2205
2132 5487
2985 3875
1591 5804
3658 4217
1447 1444
1995 2049
7360 2847
6597 5145
6213 2019
1395 5395
5306 4585
6356 951
892 615
3172 6276
6718 7337
5944 896
5010 3434
1557 4411
6496 3106
4318 2527
2870 3878
5909 347
5272 6283
5385 2656
4852 7100
3810 2835
877 4116
2651 2620
3459 4317
4006 876
6098 3124
2679 2804
5789 4262
1555 7141
2073 7243
7152 4515
4518 3424
3295 6052
565 4707
2795 3456
1447 4901
3338 2437
2544 5126
5443 195
1396 6049
3322 7042
4378 491
6103 1952
5606 5977
3884 2327
3012 7190
7085 4115
1392 869
661 2155
2477 807
3806 802
1292 7249
5795 2739
488 4986
4397 4815
5191 1305
1689 5535
6830 1049
5114 3352
1828 2211
643 6183
6357 3005
3563 5748
1882 6470
6151 7232
784 4616
1001 3194
5691 2158
1890 2991
3698 2171
5639 5044
4958 1590
5117 1781
1981 4654
7374 1746
3412 1058
2139 6900
5133 7083
7262 1389
2721 2210
421 5062
4386 5673
4261 5410
5662 5878
3651 6656
2192 6022
5714 2491
6957 7115
6144 4019
3733 914
2936 1051
3507 7084
3549 3716
2751 664
5874 797
3893 6241
1653 5917
6697 3250
441 1904
372 2511
5448 2053
3224 973
5974 4513
5035 5927
3164 4590
4331 7047
4970 573
1272 2799
1511 6865
4858 4118
3978 6772
16 3606
6811 282
6354 6548
3637 4021
7416 2982
2348 5335
6536 4255
2735 1150
7047 1105
5396 4030
1997 5517
2874 5037
4160 5638
448 6989
3607 714
5966 6464
5177 2846
6861 3254
166 7154
2835 2803
2744 4918
1708 5516
5750 4236
2583 502
6425 13
3884 4955
3670 3394
1938 2716
6630 4160
1471 571
1367 3402
2809 1407
7122 2851
4245 6299
4404 5422
6845 2629
2150 7001
2093 5972
1037 6712
3119 4484
5829 2795
2054 641
4780 6761
566 5309
5941 872
4079 164
3304 4099
4906 6817
3329 3778
331 1134
2075 4869
2205 4107
841 6015
3271 4398
4038 4506
5677 3472
6354 2916
4832 1626
2023 1815
7433 4723
1732 1658
6745 2696
1022 3291
1941 3727
1476 2429
2160 4233
5663 3255
588 5576
1151 4621
1687 2866
743 6046
4963 3797
6946 4659
5513 6871
585 39
5323 7085
144 2339
2650 1723
7326 59
3858 7316
3533 4949
2609 6712
1389 627
4513 3324
5248 344
1847 6177
7307 1133
3674 5556
4513 2552
3539 6200
5855 7278
6429 5565
2246 5500
3999 5945
5287 6467
1739 5785
6693 1943
5231 2303
6783 2762
4762 1974
4969 6427
5876 5103
2940 7085
2800 1574
6034 2653
2153 5563
1867 2132
3841 6305
5527 1615
7439 6758
2043 2012
4384 7371
6625 420
5072 6824
484 2562
5611 4056
4100 6912
6236 3017
2604 6875
5888 927
3675 1342
416 1998
2615 4156
339 4186
6067 5775
4598 3801
6219 3254
1711 5974
4371 4804
1314 4000
7204 6381
4620 498
6628 1168
2400 5407
5006 2556
1814 7071
2197 1819
5692 681
5454 4659
4007 424
5739 460
1334 4888
4872 7034
5886 915
4366 4221
2019 4880
2856 3687
6914 3271
2922 1292
3315 5275
959 5879
6066 1654
6501 5372
2069 4939
6141 2326
3940 6963
6352 436
1808 6486
3470 6869
1579 6453
7428 1512
1646 5434
2857 774
4891 3031
2252 910
5417 4709
4703 399
4386 2351
4000 191
6874 1603
650 4474
2569 6953
3924 5995
6434 1288
3035 6712
5016 97
1417 6620
5656 1148
4133 4884
22 2376
385 6318
3992 6335
2195 4361
958 7033
4955 3400
4835 6955
6985 1057
1605 3104
5942 2174
1930 7200
5779 1366
1462 4529
2927 168
4872 3621
7369 2529
2323 456
3766 1145
2482 4009
4102 4062
2659 7298
4679 1890
2593 4117
4833 1425
7261 6693
4481 1903
6626 3825
2576 1579
2153 3090
6445 6649
4579 900
1715 5535
4702 1909
1624 5790
841 3082
103 4974
1554 2599
985 3199
3522 1855
1043 5623
1015 4383
4371 2825
5171 4789
3093 6633
7401 1160
5127 3185
2387 2997
3966 1350
2448 4480
5120 7338
5716 5876
3007 6466
2191 2153
4371 6381
2556 4815
1597 4916
321 4318
3923 5681
6193 97
5829 4530
3029 7322
2722 6052
4976 7029
3209 1548
3416 3153
2888 374
6945 6171
3404 6691
4971 3140
5726 6011
5042 5213
3546 6789
5715 5778
2996 3267
1947 1727
5827 3394
589 6195
1767 3795
6398 4197
6397 372
7306 3929
5134 4871
4736 4166
677 4065
3887 3720
5674 3335
4290 7106
4074 621
1221 3418
5840 1256
2017 6989
1123 4208
7238 360
2122 4290
5614 3290
5 5952
2926 2175
3992 6008
5609 36
2295 4326
4315 6288
4045 733
425 3159
7186 4613
3279 5033
7057 6429
392 3972
2784 375
6876 1536
3738 2547
4699 6176
6522 721
691 7373
1278 5441
954 3700
3744 6664
5561 2564
1250 1688
5598 2449
4049 4508
5655 2577
3166 4101
127 3638
2324 118
6191 1248
5798 4260
2054 5713
374 6339
1994 1753
1333 589
6234 6541
374 4621
2197 1284
730 6720
1030 5897
905 1381
4559 2380
6040 5060
3649 5753
2662 4346
6335 4923
4129 6967
5739 6507
70 5275
5220 335
2360 2044
3519 6048
2886 5656
2617 1150
2400 6703
1158 4985
5060 5740
3534 833
6355 2523
6330 4421
5516 735
5803 4509
4809 6445
4337 587
6071 2491
5018 3854
5064 4822
4720 5904
4248 1656
3715 5726
7066 1111
4732 5067
1308 4019
1444 1407
660 3943
4520 3830
4992 5750
259 4573
1925 6965
3158 7308
4459 197
270 2850
6660 5519
4576 2160
4818 3799
6045 4187
3702 618
2212 2400
6305 6801
1235 696
2342 6363
3870 2531
505 7218
1440 1049
5628 6734
3742 227
4319 1413
3059 2695
7338 2648
6750 3980
5277 4487
1804 1884
670 1504
4502 2755
7186 2208
5982 1114
4446 927
446 5472
2072 4274
3792 2001
3770 2321
4916 4950
5641 1112
5957 7320
4340 557
1162 1935
4496 3786
3826 7434
1933 269
1771 2141
3034 6361
5 3762
3620 7334
6556 2108
1162 3991
4785 4450
4789 2024
7382 4158
693 7301
829 1286
1094 1176
906 611
2678 2441
6225 5462
2548 1133
4382 4635
2489 6439
5903 4068
1263 917
5261 1831
6221 658
6953 3362
1179 6719
6372 441
212 3434
1533 6724
4616 3778
5830 4765
847 6573
2925 2421
4029 2231
5661 192
5669 6752
1116 3120
3804 420
3162 5801
1574 4548
6538 1665
240 6169
5021 2584
6326 4042
558 3371
4796 1060
630 4816
2527 2787
1980 3455
2323 835
1278 7098
6769 7118
3846 665
497 2503
1041 6259
7169 2423
3536 6417
493 54
3703 2796
1919 3328
1444 6031
6086 3768
6001 3945
128 4671
359 7331
702 174
2423 404
3805 3948
330 16
6304 3361
7116 5025
2184 4605
4701 1375
4225 1273
6525 6753
2532 582
1603 184
5557 5097
4935 4053
3407 4412
6285 6019
6240 1259
4718 5085
3605 4843
3552 7372
3779 3616
7244 9
6633 600
289 3277
2019 4089
6780 3930
2354 7148
1861 2286
3280 6250
5590 2693
208 4471
2976 226
4468 7011
2663 4477
4780 221
4452 6289
1627 3428
7073 5467
4324 1169
3750 5434
5575 4328
1700 2032
3880 5085
4864 5817
4703 1222
1570 5876
3889 5207
7427 3603
5675 3467
5308 6437
6405 2099
5084 5361
4953 2395
3887 4918
6025 973
878 4838
6876 5930
2897 315
181 5971
537 5770
1636 830
3028 1259
6539 3294
6606 3386
2027 7428
6049 1562
3802 6156
2259 3971
469 2769
3340 1584
5073 5809
2206 3933
6921 1833
6103 7315
5869 4566
7334 4416
6297 2440
6655 2107
6938 6490
6491 4086
4230 3747
6702 2076
5929 7191
3670 2369
4816 367
3367 6818
999 5211
3919 4509
811 7443
3773 6429
1351 6829
4402 5632
7155 4045
4280 5983
4297 4583
5 2749
7270 6572
233 246
1204 4950
6255 11
2202 2679
5025 2423
7022 6073
3117 1257
938 3354
280 4646
1487 3389
7179 6627
3162 861
7399 6845
4782 687
6879 5239
2155 5472
4475 1002
5657 2305
3640 5323
2516 5431
5580 6878
5948 1729
1346 7170
2401 7306
4554 5914
1227 587
6268 4919
324 7202
3460 6466
5568 6532
1893 1586
4600 2212
3148 4493
3546 6167
2527 4802
163 3866
5966 5470
4845 2126
5823 7056
1763 7140
5090 7267
3346 5717
5935 5531
1848 4306
3227 2264
7350 1969
4330 6134
7182 4232
612 7388
732 1946
7096 6566
3726 7002
678 459
5051 4162
949 825
3553 603
1310 4998
6352 2153
229 234
7058 5929
6062 7320
2616 6744
2781 133
6349 521
4850 4771
6539 5112
2734 5218
4113 5085
1313 1498
4587 6582
4515 5552
462 721
1222 2633
2385 7235
4663 5789
2984 6923
5362 3042
2033 3180
5099 3623
975 174
3585 1219
7021 2316
7411 6889
3851 1672
2234 6565
3197 2954
7231 56
3033 2304
6478 169
269 5481
6755 2417
2026 7186
1542 2857
6287 620
7071 3650
6704 1408
1809 5203
3543 73
2056 1689
6813 2331
7074 1170
6325 142
5246 372
7288 2124
6144 1045
2108 4525
1432 3769
1869 5633
6673 6184
1633 6324
6224 2663
1471 6521
5260 713
5518 4346
2041 1328
5195 6978
711 3617
840 1158
7084 2666
5621 1441
6098 2216
295 2371
751 660
3015 6477
204 6450
4362 101
6106 1469
3892 2539
399 5289
929 2299
6747 5859
7329 4040
1658 3251
1120 5756
1468 2642
6624 6240
6241 5
2038 4724
7346 6350
6820 6559
6004 5814
3927 1337
1518 7019
1158 1607
1381 1144
524 2075
4871 2025
4304 1375
5395 1027
5295 7260
1623 3150
6498 4921
4473 5099
3395 840
6873 4039
4363 5154
3519 7355
6851 608
6301 2189
1414 2517
6070 3171
3845 5537
3334 3125
2211 5899
3344 5729
5615 3391
306 6355
3243 2481
6147 2268
3022 1288
5146 802
1006 4504
6356 4718
5727 1868
3149 1916
313 3533
2275 6111
2206 5447
1650 5331
4188 738
4907 1702
5501 2530
2977 2927
3864 6165
7134 3515
6972 2207
2608 1815
5366 3107
3255 537
5611 6354
4746 7298
2006 6049
719 6621
1787 1838
6998 7364
1238 6483
5667 3276
3490 732
2398 6481
4364 4044
7078 3690
2845 3303
3033 4735
5888 7084
5486 805
4725 2600
4065 1753
5416 5773
1733 5860
1881 353
915 5935
3759 6850
2311 866
2952 2516
1841 3631
3598 6282
262 225
1492 5558
5060 2873
5820 997
4284 2674
103 3554
169 6030
231 7115
3968 5
2057 587
2287 2720
1830 7144
6519 5218
779 1618
2029 5292
598 6416
2356 2121
5755 4331
147 5955
2854 373
1762 6511
1736 2020
3122 3623
701 5474
6746 4045
1579 4906
3024 1597
6104 3883
1685 4622
2498 7341
4311 7145
2729 33
5395 5914
4783 3982
4195 4091
6647 5607
6880 3331
6333 6521
5501 2108
3956 2125
3983 4804
1707 5151
1134 29
6328 2138
3082 4921
2944 3021
466 3616
5276 1945
5043 2561
3629 3941
5096 517
2879 4571
502 3564
1413 7141
4166 6771
2384 90
2739 7034
6965 2425
1042 3593
5839 6999
4191 7087
6754 4715
2157 2499
4512 4185
3030 5481
1352 7151
2638 7399
3656 4581
2772 967
6480 3509
3217 3948
6227 1040
6915 3224
5357 2590
6571 4050
4765 2551
5367 1082
2460 896
2123 4683
3400 3669
3401 6314
3977 5781
2109 4315
2153 812
2517 703
2376 5916
3169 2884
6966 2229
267 4355
2643 2044
6460 3584
2199 4670
1164 5075
7092 4336
6313 5436
5326 5654
1783 6729
6026 3111
7031 5901
6659 2467
2336 4958
6756 6190
7363 1674
4787 1272
4722 2714
872 4708
7219 2162
5857 5221
6336 583
807 1927
6271 6378
2481 6634
6611 2720
6519 2291
4833 1823
4229 3163
447 4471
4263 5656
2232 405
7298 4138
4778 1870
4524 1959
463 3434
2651 2851
4804 4952
2575 1595
5848 5700
1922 792
1714 1567
5430 478
5562 3926
4456 6872
5258 2959
6332 1032
5835 4166
939 3336
1760 7094
4150 387
5014 1693
7442 6847
7079 2969
1300 5915
864 3489
2821 5323
394 639
2581 3311
4003 3170
1017 1547
815 1144
6689 4410
5895 6212
2162 2889
3858 3381
7368 4510
867 6440
6900 374
5434 3236
3270 843
5374 3152
2407 2489
5768 4494
4372 5229
3178 3037
6799 3980
6186 3001
4029 581
906 930
1430 6261
4193 3860
1556 948
5544 7224
759 3899
3417 2729
7075 2765
1405 2837
2078 1531
4544 6390
1329 3616
1523 4233
2361 4379
4833 90
5128 5630
6423 2770
1074 1069
4403 3106
7107 6513
567 3605
4171 1927
1054 4306
3049 5545
4340 1299
5260 5291
2569 1267
6631 1623
717 75
1397 5753
4409 466
2302 6466
1392 3328
1843 771
5769 6640
4504 1843
444 538
5513 4363
2418 7221
1821 3321
1664 5795
4245 3448
4563 3176
1449 2940
4420 3615
3023 2357
4209 264
226 6038
75 6341
816 5766
4313 3578
1730 5069
6481 2720
1805 504
4192 1371
3863 5604
6227 7180
7112 6483
3567 4862
1864 6298
1498 3398
2373 7215
2749 5379
6768 5333
3034 4384
774 1732
2117 7369
5314 890
1558 7103
2488 1084
4396 675
3801 5762
2200 2054
2285 3327
2390 3368
7058 2443
2337 4206
5783 4482
4699 7155
3975 3662
3846 7127
5561 6967
607 3429
1431 1839
4954 1633
3100 5578
2932 451
1553 579
2023 830
4906 505
2808 4306
1612 1343
753 3983
1769 5277
4376 5880
1331 4381
5170 7056
4688 3477
1953 1077
6469 1631
467 6953
1647 3400
3551 1758
984 1619
1657 5064
743 598
2657 6703
3162 1675
2940 6984
3242 5050
5034 848
7308 6034
3405 639
2478 2715
7381 4942
7321 5480
1281 5990
1154 6279
4780 5225
4576 7398
1096 6912
265 2738
5024 6405
881 1034
6358 1341
6534 5814
5409 2045
961 1140
1652 6983
1321 665
4980 5728
6133 3622
1608 5257
7346 5286
4525 4994
4262 6342
1698 5344
2444 1759
2550 6939
2423 6486
6295 4364
2562 5586
2376 1887
3051 4890
5715 2324
5576 185
6221 5627
6916 387
6642 3880
3942 6183
493 5473
421 1279
4793 3434
1563 6052
2505 3482
2907 5889
4291 53
914 6381
6754 2534
2556 7417
4218 5061
2475 1270
1106 154
2103 4342
781 5570
6513 4157
6166 2475
2545 2646
2510 5034
3979 1716
3526 6415
6170 4370
2328 2715
3260 461
3235 5000
4941 4768
1353 5577
894 954
6458 6555
4437 3620
2095 3599
28 2750
610 84
3009 172
7137 3853
3541 1463
2429 858
785 855
4979 1202
2953 301
3590 4962
2974 7188
4043 2615
289 369
1152 3079
4196 3266
403 4945
6391 324
3955 6051
2040 1871
5705 3470
1095 7085
2743 6094
2989 4607
5359 7018
3687 6847
2249 3133
6530 2142
1074 2914
6319 7093
3784 4243
4778 3375
2502 3620
2886 49
2677 2602
4233 2501
595 1033
2233 2542
3434 1863
4847 1700
7013 6481
7256 5894
1831 2848
5391 838
3099 1179
2952 3526
1076 1470
3885 634
4204 191
2094 5336
7394 3716
6542 164
6829 6022
6738 875
6630 3801
7088 5826
5839 1345
7217 5686
3174 6354
6091 4405
2280 3237
5190 3154
1143 3491
266 1318
7227 6993
4069 62
4145 1532
1802 6525
4946 2031
2691 571
7056 1347
2942 6445
1933 152
6767 2197
980 6862
1371 2238
6390 2807
6058 6382
3279 100
65 5303
5526 5010
5087 3409
1596 6146
6313 3467
134 3276
6055 2238
126 6508
7284 3098
6500 6205
4086 4694
5573 5973
4264 1613
2354 2993
1811 2105
5442 5505
811 3107
2111 5753
6666 6217
1793 4313
2097 7342
7299 1937
5555 5436
6876 5410
7071 1547
143 309
2028 2249
5496 2981
1671 7341
5311 6304
4780 3415
1125 4423
3453 3082
598 2461
5741 1901
3818 2794
5932 1550
4435 5308
3323 6030
864 4708
2556 1223
4943 17
5857 1965
4999 4913
4903 199
1364 2189
222 3337
1795 209
4471 76
95 1948
3252 1209
4664 4940
20 1812
340 5545
5506 6435
5400 6592
6451 1915
2336 567
5304 6305
2669 3439
5676 3099
411 875
3200 1899
1712 589
2726 6415
1451 6224
2463 6509
956 4665
6252 5643
2843 5018
1604 4041
7085 371
2588 7077
7046 7435
4810 6189
1042 3338
4914 5602
29 3286
4316 3349
2243 234
1639 4302
2520 5075
1669 3605
674 5500
5730 5393
685 4194
1082 3831
5613 1864
4656 4847
5216 2331
480 2577
262 1444
2541 3693
801 1157
4618 1353
503 4177
2336 3992
4015 4279
5748 3666
4852 5746
4965 4775
3613 1667
2126 3628
1923 5509
2098 3888
6836 2219
3429 2870
2023 1087
3179 2293
5181 6806
3991 6398
4497 4448
1665 5215
1698 625
5470 1446
3709 2885
875 1370
6262 474
5160 3313
5474 4001
2695 1992
1464 3266
272 6572
1033 4963
6103 6996
6869 635
7082 4612
1758 6178
1587 5656
236 2456
6595 2035
3562 2623
1419 6247
1335 987
749 504
2327 6454
5075 2758
6179 5870
304 5258
1704 5074
7037 5218
1331 1090
7287 2438
3912 1487
2053 2892
2821 2061
6052 1478
7439 5442
1437 6603
199 5708
1953 3773
7069 1788
2274 2281
6829 4718
289 1689
7120 2781
183 6894
686 6627
3145 2719
5939 247
1442 5605
6916 6010
2514 6030
6525 4254
6097 6166
6381 6502
2481 6990
6151 6782
2336 5577
6094 199
5482 4329
375 3379
6335 1406
5714 1364
1849 6630
3264 4159
1740 5626
2761 3314
2378 2111
6789 405
3598 1966
1715 5761
1819 5788
5184 374
6367 6064
7020 130
2346 3049
2225 7184
3464 1502
272 6333
3275 1499
5911 4587
2507 3582
610 3202
2168 3267
5210 1673
3084 919
6132 7315
5868 6354
2357 6427
2513 6124
4871 2804
5714 3783
7002 2506
2594 5042
3448 1880
2965 3064
5246 6959
2267 4931
341 6354
1344 6573
2189 4181
3212 6791
4702 5926
4941 4908
5951 1098
1096 1320
2762 3461
2215 1770
6290 531
4674 3754
3060 6242
6190 4526
1407 5776
7287 1592
6680 6970
6491 7254
6209 1005
1524 2493
4712 2748
3328 1962
4755 6438
3783 7302
5773 7271
6585 1071
2818 2256
6706 2795
2289 1611
5248 7
1907 895
3047 160
4652 7432
400 1923
4299 2413
150 534
1878 5232
851 2322
3138 4079
1400 3318
358 2390
7298 2101
6540 5999
683 387
2650 953
7037 3458
2261 5418
46 4503
4542 123
2912 3789
2223 2706
5403 4415
6501 4868
4400 3761
2578 2232
2032 4641
7320 4772
5990 1146
2912 4712
7039 1744
3068 3828
327 5254
4881 2404
4547 1923
1713 5365
1592 5971
4032 2992
1033 6754
921 4696
5297 6117
7118 800
5017 3735
5207 3543
7019 112
5964 3801
4418 5278
5375 3092
6713 6184
6526 3792
6568 4669
7022 6796
5720 1549
6805 5260
1560 1462
4623 5553
4377 5510
4200 3672
7098 5199
4200 5060
3859 922
5471 2229
3519 2608
252 5312
2718 6934
973 1205
1382 4070
5547 4889
224 4580
6156 6692
2268 6411
4367 5378
1218 7391
1022 3965
7172 154
6779 805
6211 1207
4443 1447
1755 2831
1960 2169
3107 3270
7146 3773
1847 1817
4876 495
5359 4954
2726 5135
4898 1098
6612 4780
3719 6560
1653 6589
1522 6096
4749 1896
3809 2042
2876 6379
6937 2342
5570 5139
529 4021
1923 197
4183 4974
6332 5677
6934 2727
2074 2986
3921 371
5396 4937
4936 935
5759 3434
6188 931
1743 872
2979 7245
5130 383
4995 4758
3240 722
7102 92
4412 5109
7098 963
6220 4231
186 1622
6242 6050
6541 6423
4143 6651
2050 1065
5044 5330
4059 2485
1789 3764
4132 5453
1445 4599
6322 5072
3545 4025
4810 5288
2999 4344
4471 1309
6492 4351
1313 6712
6616 1568
5055 387
2377 6154
7051 5934
4962 2322
6152 5940
609 6495
410 3347
7297 4132
4532 7012
4621 1309
2945 6863
2857 5098
3102 6421
6704 2809
4953 5083
238 3219
5683 1021
2044 4851
3432 846
2899 5813
2812 1407
2862 498
3534 6778
4063 672
408 1430
4733 3399
1593 6580
4902 5119
3867 2597
1827 4683
520 5095
7242 1364
399 1062
6597 5398
7207 5203
7316 1449
1588 977
1246 7266
6846 4478
3265 5955
6777 6859
3984 1585
229 3281
6356 4085
5081 75
3121 1982
1279 4763
4950 4492
6597 6500
3601 5886
5683 7422
2313 4249
1078 6037
1937 3009
1523 1573
4831 6868
2999 1365
5450 6841
2276 994
2570 5190
4852 1661
6564 1315
2798 4642
464 3258
4134 4769
5380 923
472 2883
1665 5211
6078 1316
4289 1923
6443 4810
1132 3249
5491 2817
5164 925
5590 4949
1276 4817
2464 5983
892 6927
6824 110
5776 3920
2605 3065
5476 3390
6818 5283
5462 124
5466 3595
3107 1279
6258 6944
6326 1586
6311 6772
6685 5187
1471 4197
7077 2178
2818 2675
7160 7242
1597 6490
2580 6795
2171 4126
3786 7109
6309 1496
179 4178
2805 2144
3377 6930
6099 5231
1809 1850
6762 6956
7160 500
3209 2368
3059 2584
2754 4885
4650 4491
5275 1580
1456 4226
5656 1557
730 786
2039 6495
1771 4976
6085 6449
1777 3854
328 6905
2735 2503
5574 5899
2580 5898
2940 6082
2005 6764
545 5234
1263 3535
6865 3535
4074 5951
1114 763
1011 7111
1750 4094
2680 267
1597 5920
2672 7217
659 3366
1682 7323
4058 2657
2043 1088
6210 1907
2036 2579
3634 2020
5656 2824
1846 5593
2982 2036
4738 6016
4395 2936
7 2459
6571 3469
236 4630
3308 3620
2673 4081
2210 202
2420 2607
7436 4311
7235 473
4002 6385
4716 4223
7301 634
757 6336
6410 1905
2300 7086
4869 710
679 401
7285 3569
4979 6352
1213 5584
1576 6882
4287 3796
1691 2049
1399 790
4819 3353
4365 5389
3964 7090
6121 2766
3919 5631
4987 5665
4371 6482
6505 6269
4366 5913
4786 26
1471 2891
4825 538
5202 1397
4639 3813
1347 2400
3768 5312
1572 4259
2913 7026
2830 989
6043 7037
3147 1487
2802 4606
30 1346
135 4751
1423 4002
5215 6702
5204 1338
2867 5882
911 3982
2381 1031
2861 1863
5016 2106
6747 1698
6042 6788
158 5950
7114 4548
96 2247
1270 243
6689 2597
5577 5167
3485 2381
3561 4147
4823 4848
1262 2109
5654 2118
1068 6143
4791 6412
816 123
3087 1413
3968 2299
3221 5504
5854 4418
5566 2653
5650 6543
1484 4239
3159 1937
1830 5442
7378 3881
1326 6338
3305 1163
251 76
3261 1998
5607 70
2989 5355
2657 6427
5642 6185
5828 5314
1752 6533
477 5875
3748 730
3047 115
3205 44
6854 695
5316 3280
493 5748
5616 2324
891 5949
347 6095
5871 3909
7168 874
676 242
4586 5236
3191 3814
1597 5423
6049 4714
3410 2789
6345 3755
601 4634
3116 123
263 7333
1635 6845
2818 5738
6052 5674
4228 411
2317 2196
2764 18
3592 3746
2056 6840
2336 4765
1411 7387
2284 6196
901 2349
5359 6553
372 7271
7189 6103
6569 4633
4774 335
1939 106
1695 2443
642 7377
5031 3208
5317 222
462 3499
4505 7426
3019 5596
1686 2808
4810 792
5898 6833
4448 1248
890 841
6267 7092
6226 2819
7199 1982
1214 3157
3623 3029
6885 149
6711 3114
7238 4526
1660 4388
4431 6988
3014 6508
3149 1784
5050 1612
714 4014
4401 1160
1564 1327
5521 6587
1087 4376
5419 4653
3396 663
6869 3901
5450 4329
5920 40
5320 6521
1728 2872
5843 5116
105 973
1118 4304
1408 2941
2060 7303
3242 3191
5567 969
3823 4360
4767 3514
6069 5123
234 1638
5030 4319
7431 2888
1385 2709
7052 1842
6371 5780
6402 588
428 2301
5547 5697
2032 906
1825 14
1764 4129
830 3384
399 386
5449 3373
830 3872
364 2102
2056 5791
6572 6476
507 4557
6518 4554
3930 1651
1635 131
7254 4393
3794 6007
4026 6377
1440 1193
4349 2596
6118 7368
992 6182
3231 583
4275 4248
1270 4126
3254 862
7316 3048
3385 1363
3099 1306
5593 4490
1020 7163
1804 279
6160 2419
2674 1435
4556 5117
3207 2555
6111 4691
1254 5428
6602 4058
1982 1421
3127 6059
6054 4660
1079 6574
7404 2850
707 2222
7004 1641
4298 7109
3278 3170
2130 1632
5480 1829
1002 2138
6034 3101
2982 1035
1373 3170
6784 922
3890 2713
5323 5455
7199 277
4928 4002
6388 5619
5194 1376
567 7231
2514 2555
7332 3611
4204 1849
4467 2166
4739 811
967 588
1773 582
1950 6723
6717 4502
7255 39
7444 4709
2425 2044
3071 1885
2050 1523
3517 680
2206 4761
2524 930
6446 1974
3064 7036
4551 1444
3176 3943
4829 6942
3477 5577
5548 4495
3782 180
618 2910
4268 6367
6641 5758
2359 3349
366 6342
6551 6125
3749 4655
3448 1332
1447 4407
2616 5575
5465 1033
686 7211
4673 7006
697 6612
5240 6163
740 7353
7328 6391
119 4211
3597 786
516 2218
2491 3331
5438 4410
2766 2125
5281 2237
3114 3544
4385 3157
5951 1438
3393 6312
6890 7230
1599 4256
5275 5714
5088 5014
3900 7198
4002 1728
1653 7216
3252 6829
2062 3884
276 4534
308 87
5641 4811
3336 2439
2934 3803
6652 2281
6144 2230
2403 1273
5120 3280
1458 228
3824 4495
4939 1779
493 5641
1035 7180
4610 159
41 3968
6650 5890
454 5653
2585 4829
909 183
737 4559
6331 1908
4643 1061
4662 6115
7310 6559
1500 4746
5389 4438
864 700
4679 3173
1063 660
5829 4282
7265 640
3623 2762
5140 2515
295 4177
957 2103
5110 2534
549 1539
3415 1698
265 5198
5321 586
7134 2806
2613 913
2098 4152
6797 899
329 1535
7289 5514
6877 1358
3981 6471
3141 4823
158 389
1181 4376
6548 6094
2441 6644
2628 5541
4262 2421
2700 5188
3564 6658
158 1816
7298 5025
6298 435
6203 4623
4499 2035
2806 2257
2475 3032
3025 4072
1552 5266
5776 1614
138 1203
3073 4185
4991 1017
3358 5142
6416 6190
125 2316
4776 2299
6404 7112
3261 6346
6721 3376
1954 1263
1458 6647
7260 5842
482 2056
5753 2940
3280 2697
5238 3908
1656 1560
1056 5513
6158 5239
5025 836
1123 1717
4088 5109
633 3114
88 3493
370 5607
2828 99
6832 5656
182 4477
6524 4850
6850 5056
2957 5273
5882 6367
1625 4987
5227 6182
3909 4948
2526 5436
6460 5323
6603 7047
941 5611
6124 6287
2874 6073
6974 5421
6194 1661
1834 2659
137 2561
5604 3347
7023 6726
261 3970
3221 5097
921 1540
248 3724
3216 4696
2690 980
1399 5008
4760 2889
4227 3260
6313 6244
3968 655
2569 6678
421 91
1725 628
6281 2332
5987 5188
4540 6058
6571 1268
1262 5189
3819 3961
5010 4253
3537 6409
1832 376
1610 7047
5307 7198
2921 132
309 1465
246 7291
351 1036
1779 4167
6526 2759
6751 2228
1686 1967
5032 6819
3074 2591
527 3847
2980 3065
774 4210
1077 3602
4331 756
6153 6406
5500 1918
2644 5881
74 5502
1754 6284
4936 2481
7285 6107
6458 2497
2190 2172
564 411
3437 1520
7327 885
7377 4349
1115 7262
5757 5037
2546 6
5058 1746
429 981
1028 7027
2122 3213
6445 4817
288 2024
5493 5978
6257 6164
312 371
3955 2432
5643 1038
1324 2486
1182 6857
4786 1043
1406 6368
5611 104
1578 5168
5573 1997
3384 5808
4807 3181
6748 1441
2093 1017
1131 6409
2940 5206
1704 6013
5009 5323
6990 4582
2734 7007
1358 1985
