4158
1546 1332
2077 1809
1668 3684
3572 1508
2696 2578
1738 2362
1362 2508
3750 1890
163 503
1310 194
1176 2830
1677 1575
1751 944
2881 2482
1711 963
1677 1270
3939 646
778 1097
3013 1176
3493 2197
1556 1753
3700 1620
2355 4119
4146 3529
1046 2457
2840 3169
4014 3874
1405 2901
3564 234
1765 1310
3696 967
1072 460
2268 1869
3194 3877
3477 3856
3909 2376
2599 390
386 471
2820 1861
3095 3701
3774 1789
2713 3622
3331 1595
2482 296
1939 2394
3862 1688
810 2966
1929 1133
3594 3377
1813 1360
3675 2870
309 2280
3622 3572
3641 962
309 2318
4121 3728
1793 2943
1604 478
3428 2189
2841 767
3835 1916
3407 1398
2007 3013
1784 1625
471 2742
2980 2302
310 1152
1142 1987
2567 1132
3162 760
3535 1894
2876 1270
3970 3997
4039 3018
2102 3243
7 1737
3575 364
2761 1893
3354 1494
320 1917
3905 2169
3223 739
572 3481
3236 1803
1122 3527
1300 109
3295 2002
792 531
2783 1889
1457 2387
449 1616
562 2654
3930 1907
1736 2384
3439 3252
1874 3048
133 625
3655 1668
3762 3194
382 3856
2424 2636
3853 1794
350 1642
2761 3708
4009 324
2026 622
3588 3882
1143 662
705 2396
212 2022
1772 3038
3047 3340
1903 2207
3050 3151
2120 2164
3727 3701
95 2556
532 3911
1773 2484
3862 464
2668 1200
4009 3908
3501 3626
1676 2174
3129 3265
134 514
2071 2118
172 4003
835 2775
1696 681
3355 4085
1716 192
3444 1657
933 2241
362 1838
1210 530
3025 1212
614 1334
4043 2025
1285 2647
593 2176
4119 862
995 2207
2492 4004
3478 3454
3529 525
3637 56
3540 816
293 153
1972 1851
1898 4009
2469 2913
1045 1601
2451 2884
2526 647
2455 733
2754 3773
4080 3058
1906 1287
69 3459
2719 3042
2406 1303
782 854
1456 1767
1952 1096
488 4024
1121 3195
1700 3519
2953 1372
3792 1853
3626 874
1882 2036
2016 615
1268 1337
240 853
83 3605
3763 3175
1245 3872
289 3189
2102 857
4076 352
452 3176
1500 1408
1274 2225
2097 3740
1982 2588
654 3077
741 3206
2114 3859
3564 657
3243 3851
3534 3333
2149 1570
2640 2172
203 2562
1245 2923
3474 2880
2101 2181
1786 1975
2694 2473
603 1389
2048 671
1105 1735
3516 1229
1935 998
573 172
3505 402
1651 1723
3326 3775
2218 1711
143 1129
836 247
3602 263
3092 658
510 2412
3394 2202
2302 2779
3567 3108
3055 3144
2414 1774
2014 4062
12 3618
2407 2912
1089 3494
679 435
1681 2374
1134 5
2156 3879
1694 2670
3931 2032
65 250
595 2689
2634 2771
1460 4055
1812 3233
1046 983
2415 3189
4075 436
3094 2311
1070 2806
537 584
3500 2378
1439 3972
2684 2629
2462 2379
336 553
2097 1006
2167 2661
2608 1277
2679 2184
1997 767
486 1439
166 1110
2741 2160
1970 2898
3362 3485
3591 1584
1245 1353
2766 2758
3478 602
2534 529
3400 1902
298 2787
3656 3032
3141 1494
4155 744
4046 1197
3397 3627
2965 1389
1213 2907
3156 678
2874 3057
3665 1443
1818 1886
635 3963
3481 2055
3958 1894
3150 2977
3324 1927
2135 1730
3292 1849
3593 1830
1701 3679
41 493
3099 1831
3575 4055
2943 3742
3606 1001
1264 3779
3182 3584
1125 1534
1404 3441
3849 2076
2733 2125
2338 1009
1077 3323
1781 1022
1747 1200
1381 2909
1937 1237
1628 2269
3506 1675
2819 1210
2398 2235
694 2939
494 497
477 1075
4129 3553
3820 3343
2099 3784
1609 795
1502 2043
3145 399
674 1202
1040 3686
359 4113
3393 1932
2260 576
1622 2331
1082 4007
2382 1097
2476 1549
770 2692
1831 3337
164 3483
4127 1206
2208 1029
1154 1791
502 398
4103 338
2032 1885
720 2112
1839 3297
3076 1223
2065 1615
1741 2889
247 115
2927 3403
259 2795
2413 705
3859 2276
2455 2867
1245 3380
1218 3648
543 1794
557 547
3442 479
1190 2713
1245 3622
863 3006
3015 2111
2789 403
3355 741
839 2087
2538 2890
3145 1944
1678 2086
2107 2785
2198 3642
2781 3613
2018 1519
1098 3030
1080 1429
2088 4051
4135 954
1764 434
1445 2695
2034 1979
4 1906
3919 2808
2654 3634
670 989
2042 1716
1513 2344
3672 846
2190 2593
3117 690
29 693
1479 2160
2917 468
2781 2317
2645 1011
3757 3336
831 1496
1978 3418
1482 3901
1475 3819
3581 3730
1723 2739
3826 1129
533 3136
3381 3231
2576 405
2214 3187
2573 284
4088 3536
2215 3933
344 2566
3095 3763
1764 2152
2245 2225
993 3141
2182 305
1888 1270
2254 3998
3543 79
821 1704
707 1856
2706 1574
2962 583
2771 3498
1026 1012
658 1159
274 2439
2812 2955
1851 1430
2212 3545
162 3631
2490 1596
3915 243
2501 861
2797 3442
1358 2362
3101 3410
3654 1640
1228 3109
2372 3757
250 1843
2503 3858
38 2904
293 2071
3515 420
2602 749
2503 2713
1617 263
2663 1364
2348 1493
3632 1837
1501 3465
12 1437
1768 2902
1298 1872
1582 2262
2459 54
2511 1900
3675 3044
2689 3724
2871 2041
1049 2116
145 1833
4007 1990
2393 719
3766 3890
3656 2998
795 2028
1076 2543
2993 1498
3081 352
2767 3091
792 1317
2322 2541
3348 4021
2068 2847
1965 4115
1486 1926
3468 2091
206 1011
3646 2458
830 854
2162 12
3577 4139
2161 3889
3011 3381
4086 93
1718 2798
3937 1461
884 3960
1798 4092
1419 2128
3927 3130
541 3032
346 2184
2128 3380
982 591
1512 2910
1989 1689
580 1334
516 1033
984 2215
2578 1271
3328 925
2349 1959
3520 2712
2599 1069
2400 2522
3818 2479
1284 3597
3096 4054
583 4117
2619 917
1754 1261
2799 1046
3963 3771
2569 1570
3033 1877
3624 3744
1385 3826
2638 2503
3001 1096
2721 1176
657 2971
3639 347
3478 4064
2707 1692
2491 2788
2982 1003
315 3181
3494 3333
767 3736
422 1675
2017 3444
1 2866
2053 14
2314 3732
3736 865
929 2176
3427 640
1876 904
2340 2876
308 606
491 176
3243 2586
1760 3888
4118 2932
1972 638
2573 219
4082 2614
1194 3385
1210 1341
3823 1435
2990 1148
1475 180
3959 1123
2484 224
2121 2770
656 2677
2659 3414
3118 2318
1972 2536
1056 145
1395 246
3841 2019
2199 3582
3500 2701
1483 2994
3745 659
2153 2300
1285 2576
2337 525
2928 1020
3676 378
3794 317
1899 666
2444 3800
1653 3172
2423 3788
693 1813
467 4127
2940 2883
470 1791
2458 804
1307 3611
339 2686
2838 1031
3652 1235
3258 2727
3537 1471
1809 178
1462 2703
2758 3188
2758 1447
1938 945
2796 2779
2255 3053
844 1112
2513 4037
1109 1934
520 2801
4109 715
2416 2458
147 944
3307 2462
771 1043
3421 3504
4102 1014
2730 322
789 3618
2685 2541
1899 1347
1755 3757
3084 817
2722 1426
2303 363
1654 3922
2237 1951
2014 2122
1205 1414
620 1836
1218 190
2564 24
3951 1978
114 939
437 1239
127 3776
2894 2130
2451 1965
2537 1804
3276 2483
3340 988
1653 89
3489 2450
433 2905
3622 1723
775 3362
684 4141
3928 122
3964 2427
2750 1034
2702 973
3914 2468
2582 1694
1720 1416
2240 1399
2451 4053
2920 2459
1802 2681
3305 2820
2518 53
1171 2731
3766 584
717 2947
1461 3138
3289 3520
771 3457
2440 3024
3324 3024
174 1973
91 3236
3318 2205
4072 1674
2705 724
2289 1047
2591 2497
680 1928
2474 766
1412 808
1789 335
2334 2688
2976 2745
1826 2105
1172 1525
2326 3479
1598 1107
1579 4143
522 625
1225 342
3799 3528
579 1339
1991 1142
4048 1388
3275 387
3176 2793
3079 2791
1420 3680
2941 3032
784 1270
144 1136
3616 3227
2650 1764
3900 707
1522 2242
3054 2010
2528 3502
1635 2209
1484 3188
1339 255
2338 1205
1049 3495
1868 2739
2021 2193
1273 92
2617 3377
2210 649
2018 3098
3102 1148
3861 3030
3121 2982
943 2548
1861 1265
3283 663
2963 1365
3520 499
3767 3257
70 2461
459 2339
437 159
2576 6
3170 671
3346 3720
875 607
548 1443
2168 345
1156 723
3847 3197
555 3713
740 1543
2514 3611
898 3015
1103 3155
1375 2713
2714 331
3448 453
3252 3912
1148 3158
3842 2700
1072 3017
2270 3194
479 1310
2866 493
3198 337
1401 2886
3507 710
2542 3988
1992 3124
1424 1558
3983 146
1531 2697
2724 83
1229 953
2952 868
928 2981
502 2542
590 2237
3014 1455
1744 3003
3575 3321
1495 2605
2362 3582
2788 1178
2005 1371
2137 3867
463 3086
1983 2396
2362 2694
959 1596
2194 1164
3410 708
1329 3177
997 1364
3675 468
3003 3251
1119 3569
2293 3568
3882 1529
3403 2011
397 411
1352 2327
3105 3756
3652 3145
2161 2606
825 4124
668 1431
1899 3795
1033 1592
3303 139
1469 2182
3859 895
3410 2445
1542 3358
3467 1612
2582 677
1764 862
2437 2391
3332 3194
134 4129
1268 2625
1124 10
386 619
3816 1162
3246 1545
3256 3949
1804 2006
1540 1027
2753 2653
1066 405
1719 1731
379 443
2182 3389
3337 574
3859 1394
3027 82
3360 3633
957 53
2564 1599
2578 2693
1108 1723
1911 1931
661 2848
3736 283
3084 1461
470 2648
1799 110
329 209
1483 3706
3410 3600
634 2296
301 560
485 2326
3324 568
2716 657
358 4158
3947 3555
1523 2724
3791 885
2466 2618
787 321
407 292
1764 618
843 2143
1916 2645
3819 3660
3546 3836
982 238
4017 2622
1463 1656
1422 3643
2327 1042
1851 50
3514 2748
123 2662
3110 2929
4095 1774
2984 4097
2150 1084
1858 2613
1375 2306
2154 683
3590 434
2528 3322
1463 3911
1798 529
2295 1866
1014 1884
862 305
3406 1649
248 2087
3289 372
3153 3554
14 3177
3410 935
1737 2308
3972 303
1613 2135
3876 3164
869 3703
4063 438
3824 829
2102 3601
4017 365
2699 2937
2791 1536
51 183
3243 402
998 804
2700 2359
714 1383
2431 3085
2354 917
1470 4077
1651 1001
727 1500
1238 3912
2794 4104
2040 736
1149 3017
1514 272
475 1868
2609 2270
4150 3675
2102 2997
97 1304
643 3761
3992 4051
3365 2187
2795 1879
1280 2983
1359 3580
1499 1790
1576 3662
53 385
2648 3992
393 530
1810 2882
1555 430
3604 1443
3750 1795
3703 3172
934 2177
1500 3883
3750 1949
218 3075
879 1236
1821 2231
2789 2184
2559 2282
853 3080
1061 1330
2181 3990
4149 2365
2674 3928
3032 3517
3747 2526
2266 100
1411 874
3138 3837
1752 821
456 4142
3443 2873
1623 2268
1970 1398
4016 1542
260 1309
3579 506
106 2866
1651 1211
3140 3644
2582 250
3742 3188
2824 280
2305 2204
3067 1709
3258 383
889 2852
3101 1925
827 1623
4054 865
3452 3622
50 3201
2932 3854
3326 294
3614 3304
229 2144
1764 1477
3273 1103
2140 2988
3335 597
1399 105
2563 2833
2973 2883
1627 299
227 919
3871 3552
183 287
619 3068
606 3573
3386 132
1684 1820
738 1456
1234 2536
2500 1008
841 193
2572 2660
1895 807
1052 2206
297 1028
2029 4139
1233 706
269 3551
3400 999
1974 855
1483 1917
3503 371
2555 1861
290 1719
1655 454
2103 457
520 3075
697 1489
3115 2786
2102 938
145 2928
32 3212
1857 3917
259 842
375 826
3743 2170
1080 1811
1674 332
654 3341
165 3016
1989 1986
774 2187
1728 2025
2812 3079
2615 4135
1630 2124
1046 285
3912 1673
1474 3367
3770 918
2435 3654
2516 2256
2175 400
1517 210
48 385
1833 1097
1366 4136
4127 1627
115 1122
135 3248
3352 1156
61 580
2123 1457
2741 1069
3720 3122
3571 204
21 842
862 1982
212 4072
708 635
2156 2238
3670 236
1766 2288
578 711
1628 568
3204 3898
113 3342
3266 4101
1310 1822
1321 3867
757 519
2436 144
1475 2554
1855 3262
2093 1186
3469 761
1923 575
2236 53
1501 1019
1483 413
2713 3005
3710 2943
76 867
4025 1728
1204 508
796 3081
3350 734
613 1901
368 1723
626 109
1410 2607
90 1964
1080 2086
1143 3803
1868 307
2866 3145
2780 1518
3138 1942
3622 4017
886 3789
2249 3570
788 2968
1577 783
2185 1135
1713 3025
4105 3292
2305 1558
2723 936
714 505
892 3122
3668 58
1804 261
2564 2972
19 3160
2131 2999
3626 2510
2250 1442
693 440
1947 818
3781 1483
3090 3012
3969 606
319 1658
2808 724
560 2079
3853 3767
231 1952
3912 127
341 1941
2150 2544
75 801
1396 667
3293 3782
1010 2310
1921 2978
3697 1365
3733 197
2938 2421
369 3838
824 3356
1497 495
3725 2462
2140 2475
295 2680
2093 2720
1245 247
2551 2959
1180 1475
2567 3330
1480 2394
4096 2607
2152 904
1823 3911
3774 3214
1013 3703
4086 3223
1039 2493
560 1131
3558 3433
3867 2096
1101 2595
1737 2802
3036 508
1664 1752
3610 2238
554 3489
3344 745
2543 1405
3603 3458
2570 2060
3200 3182
384 532
2090 3243
1695 1698
2059 2934
3073 1204
3790 1135
1896 2734
2234 688
383 3935
1368 1619
3185 1678
872 74
3538 3642
3446 3502
4139 3946
434 1782
3924 253
3943 895
3048 1373
2426 1558
3661 1365
4038 2030
740 724
3178 2573
763 657
779 2135
2222 2237
2702 2318
2268 662
1048 3141
2519 3614
926 1974
1002 208
939 4067
3549 1490
3715 67
730 412
1025 1909
4086 1706
1451 1979
1240 1182
906 764
1714 3657
1734 1529
2042 2950
2544 1190
352 136
928 1810
3692 347
469 3032
1415 3176
2024 2875
3850 2371
1237 3863
2639 1021
3986 2580
259 2064
1497 3437
3787 780
16 2948
1786 1457
588 1044
71 3241
883 3263
3412 2456
1467 3954
242 1958
549 1140
471 1221
2756 3526
1790 3177
376 2211
3968 2528
3834 2944
1012 1320
1492 115
37 873
3856 214
66 4050
208 1304
2021 3102
1824 3645
1766 1410
1727 2919
281 3663
2923 551
862 1428
1076 2715
146 2225
2538 1532
619 1588
3219 3154
3549 578
239 3839
439 3206
1397 3
3826 3426
3736 284
810 2895
1916 3622
2068 1157
2492 847
1038 3761
335 2996
1037 2320
1102 2026
477 3292
3091 2631
2151 355
714 440
1972 2881
1310 3380
1646 1734
3679 1469
1463 2032
1562 3624
1499 3615
1023 2596
3671 3291
2354 2568
3660 2850
644 860
439 1817
1230 1656
562 314
184 3856
1167 875
997 3482
3561 1322
3987 2458
3711 2824
977 655
1463 1930
4094 794
3458 59
2984 1302
459 2466
3131 1902
2068 3820
2702 3654
2611 517
3983 415
1311 814
2124 161
4031 3835
3754 3706
2064 2284
1318 1927
3921 2452
1957 769
2173 2862
1769 2618
3297 664
1907 2969
2664 219
2648 275
151 869
1912 1825
1786 1564
269 3853
3934 3043
676 517
259 3760
87 990
3434 2158
99 563
4010 1493
979 4121
2835 1477
3379 3923
3923 3032
1941 3998
1953 4089
1402 2395
3062 1069
1039 1638
3774 3612
641 3387
568 426
309 1918
1922 629
3300 825
2437 3464
3989 3452
418 2185
2086 1625
1848 1439
1396 1282
382 1720
1783 2846
2297 1337
1542 683
940 684
1875 3060
3111 3905
2320 1208
2151 1537
2127 1371
1278 2316
3267 1017
3706 1038
1363 1171
1063 2623
1981 2269
3611 3622
2787 460
284 1550
2405 639
171 4091
2764 500
1651 3554
1478 1743
2399 1231
806 3227
3938 675
1473 3738
586 862
2406 1054
1951 1927
124 627
3635 1459
2426 3239
1905 2825
657 738
2223 2172
361 1639
3341 903
3933 3622
4037 354
3093 1663
1836 3111
1451 2354
1233 542
2687 40
2296 2891
2690 3970
2052 1615
2665 991
966 3400
104 1569
1258 2290
3376 860
1954 276
4025 670
2284 2763
1788 1278
2639 1330
199 48
2220 103
1798 3587
1466 789
63 573
950 17
4029 1432
1811 1189
1355 3137
2227 1524
1321 1530
1069 765
2033 64
4033 2733
3340 4151
950 2099
3555 3829
1107 3243
811 3774
72 2896
1093 9
4066 246
3312 3658
1728 1443
3236 3114
2579 2792
2228 828
2692 3529
2654 2700
4129 3663
3723 1972
62 3304
2812 2784
598 3964
1219 3763
986 3867
1359 3733
3253 618
1489 3639
503 2594
987 1185
2907 2511
1758 3405
58 1205
2855 2339
3137 1558
3766 891
2069 3284
2386 1311
1710 145
702 1903
1870 3037
2493 4154
909 3833
1717 2023
840 250
2292 1523
580 638
1966 3481
2352 2973
3724 2031
475 1554
1614 2608
1001 1592
1436 628
254 2224
1312 3449
1335 406
1227 600
1267 3619
3720 3801
3527 353
2042 3393
956 3121
1781 1147
1526 947
3249 3570
3793 1587
1907 85
3636 161
3541 2145
2726 3467
4113 2495
2678 2463
2837 2444
2283 3266
3769 3442
263 4122
1150 3676
79 1234
971 3402
383 2676
153 496
1213 2805
2086 357
1305 203
428 2
1692 2675
2740 2590
3520 2868
3193 1673
894 3826
916 181
60 1785
107 3816
1300 1072
1112 3313
2607 937
2098 225
1781 1670
4002 2254
3086 2922
474 1558
773 1289
2490 499
1840 1589
1027 1643
709 2360
1288 2630
2063 2780
1266 291
149 3010
4106 3842
2856 3542
520 3012
3831 466
2173 1283
1559 1942
996 1941
309 2814
2813 317
3529 2454
690 2048
3846 2616
1300 2042
276 1246
2168 1753
3594 1602
3841 2427
1363 1480
2607 189
3059 642
4056 4120
1113 3208
3393 3034
1854 1885
122 19
3622 2432
2751 202
2056 3986
485 2201
3075 832
96 454
2729 1753
2622 1099
2452 2891
2945 1968
109 2436
1966 1144
1948 797
2877 232
170 2409
948 1784
3317 2986
27 2732
2780 4000
3611 3878
481 2432
1372 728
4111 2702
2068 2935
2380 3216
3683 1107
2390 2130
1936 3163
3354 713
2952 870
3767 2760
1328 2918
3313 1868
2097 3460
2173 51
1982 2870
3843 3997
491 311
3838 905
1504 2087
3095 992
4080 1224
2417 1496
2172 2522
2686 184
1493 667
3904 3390
3545 797
3798 2260
3298 3847
3869 2602
3038 1130
1519 1874
181 259
1137 1208
1938 137
1351 1216
3420 650
1925 2926
812 1307
2203 2228
1587 3318
3992 2267
2892 1118
927 1146
1257 3453
3151 3461
3136 2685
821 3075
2277 4131
1455 3290
2184 1278
1801 1196
3550 3801
3104 1000
1564 601
754 2381
1955 2956
127 2687
3886 3390
3087 1933
2481 2772
2274 1805
4015 1691
3262 912
2233 3752
3379 2200
3415 3741
3552 646
1705 3280
3236 3128
1153 3760
3068 264
1069 813
403 2911
2503 3422
265 2514
802 2858
1506 742
3069 3796
1807 1823
739 2
1073 46
1108 3250
3124 1776
960 603
3446 2001
1046 1893
1348 759
2298 1960
2770 175
3130 2099
3005 3028
2734 3597
2080 1361
13 3368
3536 3606
2514 2303
2084 2698
3375 3229
3094 1517
971 2480
1990 1349
2719 4075
3662 2956
1646 392
663 247
4114 40
3965 1270
1916 3157
1694 21
300 1674
842 2629
427 2649
4137 1274
1528 1024
4101 477
1558 2484
316 3608
1805 1169
154 4011
790 1253
1044 3192
51 3842
746 949
2372 2957
1897 1481
637 1460
3182 2145
845 70
1296 3816
1636 1629
2021 2529
2648 1708
4029 1941
3337 1757
1025 174
1568 3172
902 15
266 2691
2823 2092
3949 1091
2689 417
1387 197
3495 27
2388 1986
4080 2939
3147 3086
3500 3327
2419 3282
3287 1347
262 2811
3147 3384
785 1713
2747 2842
2598 677
2666 3586
1161 3906
3240 2921
1994 3263
487 3841
2090 689
636 421
18 3939
899 152
1984 685
2969 858
3486 3004
3373 3797
3420 2313
2505 2439
1591 3821
1314 106
984 1654
291 116
1397 2354
2876 2247
2605 3666
3147 1425
1340 1029
3043 875
1915 688
3524 2111
944 1272
327 2893
2373 2183
1626 1557
2268 2693
4 752
3583 1798
4081 2848
3429 1706
169 2667
308 2436
1805 1222
3319 1319
53 1379
3944 1507
1834 2966
2211 3731
239 4083
3802 2361
2297 1310
3980 564
2262 3365
3683 1463
3503 1947
2444 90
2841 33
2540 4072
2064 982
1734 758
1193 1651
26 928
2756 794
1028 1458
2872 673
606 1103
2907 1610
2811 1053
3227 414
2930 4007
2739 757
1832 3591
3624 2693
1454 1918
2069 2230
3986 1946
717 259
2930 3095
2678 3694
1393 125
3894 3199
138 2801
793 420
3689 3435
3196 934
129 4089
2531 2642
926 306
1947 4006
2625 1672
509 2753
1524 3585
546 3156
2406 2068
3763 2504
1247 3802
1576 402
4036 2697
880 736
2038 198
3344 575
1500 1919
1214 1245
308 18
1945 3109
497 464
3642 18
3063 67
3974 49
2284 1500
396 3910
2708 3100
2207 3137
2591 2128
1050 3141
1010 3901
1090 1967
788 2216
2900 2087
3361 622
3845 2010
2963 235
3410 3981
3832 1498
745 651
3955 778
2571 961
3913 2536
1922 3608
545 4158
1085 948
2617 1873
374 3156
4139 3540
944 1761
57 484
511 2482
923 302
2671 761
4034 2061
2285 963
1121 4083
3780 3062
2766 3589
1748 1618
907 3681
671 1732
3696 1775
1336 2523
1139 814
156 2411
3309 2885
3484 998
2146 3906
595 2921
3836 3881
3884 3061
476 1552
858 3039
3467 3941
469 2116
842 3353
2246 28
109 45
3650 1494
3609 4090
2919 2954
1698 3603
2966 1507
915 2305
531 2515
1424 3463
519 3850
1051 1183
2888 2099
3700 1345
409 2788
2636 671
617 1069
1931 2736
2894 3814
1534 621
484 1038
3847 1359
2570 3464
3249 2301
307 2569
825 3618
1520 632
2916 3137
1083 3154
3372 1696
1165 900
2637 1438
4136 260
2703 3473
2018 2734
2235 909
3914 4131
888 2777
1087 2704
3497 3177
2907 1552
3842 3051
1856 1063
986 162
633 712
1384 2302
313 2503
2759 3591
2817 952
1647 455
3982 3486
3475 3167
381 3943
1868 3774
3140 501
214 1361
2885 3715
3056 2213
1481 3357
3904 1244
862 316
2883 1249
2272 1686
1407 292
655 1145
2536 1798
3982 1208
631 1336
556 2353
200 3500
35 723
291 904
1585 9
3607 3541
3683 2738
115 737
3033 451
3778 3768
560 1632
558 805
2532 1461
2225 2638
4022 1589
1108 67
260 2973
612 875
4046 3272
580 1286
3777 3084
946 244
3320 1329
2038 37
3415 3064
478 923
870 3483
3872 1241
2769 1945
2253 1745
170 740
118 3994
2850 275
2658 1904
3369 2390
3046 3375
630 2340
1405 791
2009 2147
134 1440
3693 1023
3475 362
784 3622
3184 122
2237 853
805 1737
3577 3324
3604 2585
2114 1644
3084 83
2243 127
2185 1109
2597 2847
1996 992
1357 816
2273 513
1920 1361
823 2413
3148 4031
780 3330
1971 3842
39 182
3090 576
1324 1331
4130 1371
1420 1335
1247 1452
1483 605
975 734
3716 3724
2037 1121
2248 422
1645 2041
301 3164
3101 1173
266 2483
64 480
1615 2397
3801 4101
2798 2743
3746 3483
1046 3743
2934 1059
3221 1676
2168 735
2312 3145
3309 1260
236 514
721 644
3748 3330
1182 1052
2002 3851
263 2553
718 1182
2383 552
1242 1338
3530 4111
2315 2501
3999 2536
3238 1325
3008 3500
2046 1424
2782 1218
3341 1203
4154 2469
2469 3690
3463 1924
2838 3565
132 1389
2622 1960
3643 2479
3099 1171
2633 761
480 1112
1440 1134
1597 3190
956 4139
2313 1189
1831 749
1077 934
187 2402
3161 2446
385 1007
2075 3592
1605 2266
1804 1962
2246 1791
146 72
1058 2576
783 492
4002 851
1340 680
3544 939
2528 1686
3033 1429
3958 2646
3724 2649
2164 2512
759 3540
1856 319
2603 641
3945 1443
3002 4041
3973 569
3226 2408
3075 3541
3624 3024
3563 3618
1832 2493
193 2978
1215 2263
1310 2735
3438 67
1404 1657
2920 1865
3966 1643
2261 223
1464 2734
1661 1617
1041 3503
1423 3764
3859 3396
885 1143
762 1310
3735 1077
1388 1064
2958 2351
762 896
1070 3222
3364 62
247 623
1213 893
3127 3661
458 3122
1281 3258
1746 1295
1869 1796
1115 3983
2485 1264
1600 2878
2717 3493
2293 1689
3776 128
4076 4017
1008 3428
1041 46
2289 51
3827 1244
1259 102
70 3517
3658 3812
2213 966
2429 740
931 2860
3825 291
1276 1426
1068 440
3797 1285
2612 3560
1211 2233
3738 3306
1307 193
4030 1351
3557 3156
1511 389
891 3522
1182 3052
315 4057
852 1240
3171 4094
1455 1275
3576 618
1601 2042
2344 3301
1779 1402
2328 3554
1446 2687
2991 4087
3450 200
3728 1722
1116 4007
3598 1118
3137 1933
3353 4069
3629 2500
2432 2187
3459 1663
1145 356
1662 3072
2148 2490
2771 563
1217 2123
1472 3774
2902 3929
3899 4155
3836 1581
4066 3284
2417 2289
3723 3237
3480 91
3403 1929
2142 1891
1016 2494
2327 333
2190 3325
3949 2719
3030 4072
3563 431
1545 2810
2642 114
3503 3562
2807 1851
1942 139
2953 3672
2827 3693
875 4056
578 693
1434 3892
742 2888
263 34
3947 2781
1819 3174
3842 2566
1850 3110
745 1402
832 282
1493 3720
488 1606
2552 1762
2541 1663
3617 3015
3843 3686
1994 1014
688 1429
3361 3788
2569 4090
2923 691
2692 2831
1580 276
2145 1453
3753 1913
3032 825
1680 3248
2770 1263
3862 2358
3199 2943
1435 2445
2367 1564
2954 3509
1317 2344
3696 862
1797 2209
1708 715
3215 1873
212 3302
2219 2224
1598 433
3702 750
2751 2263
2608 1165
2192 1028
1254 3674
4001 4047
1806 2825
3533 1083
1388 849
2178 292
924 1331
3021 4156
1187 3838
1798 2822
1509 866
1593 1129
1455 2633
4070 1612
3490 369
2250 179
1155 2580
2925 2332
3874 1336
3841 124
2165 1465
1250 3692
722 1291
1719 3901
3622 744
2323 2605
430 2404
3160 2936
1597 1510
2992 2909
739 2501
3075 1016
3235 1693
248 3424
3383 3336
1851 2798
1134 1535
3676 1828
169 40
3397 1538
2811 2704
454 2605
1062 897
3931 3374
1467 1359
73 3356
2095 137
1912 3846
1453 380
1171 1245
2076 3816
1565 4097
1969 2366
215 1642
3726 2647
2783 684
470 1986
3466 2280
2702 3676
2184 1624
1515 1252
2711 2566
3609 1051
740 3965
1883 3994
188 2446
1872 2448
1179 247
3960 2207
978 1642
2062 3058
1232 3908
2094 3026
1490 3221
166 1662
945 3580
1238 1279
4128 3627
3309 3561
974 2263
1663 2102
3749 1394
2620 3642
286 2724
3459 288
1092 3505
1197 1431
496 3535
2512 2096
3947 2581
804 1223
626 1973
3642 2231
3517 1258
1595 348
3941 4101
3742 787
1067 3622
3937 3481
889 2780
1495 450
3541 1305
3275 2045
2506 3731
1424 2373
2953 4087
3635 2049
3065 1226
3030 1851
2407 498
432 3058
252 2221
146 2259
2542 1370
3460 168
1840 1411
2384 592
1247 1364
1262 1012
1963 2466
3254 1164
2128 2775
490 42
4095 1682
899 2739
1723 148
1060 1372
1637 2156
3440 3034
245 505
3892 3994
13 2117
3698 1276
3630 3832
2319 4025
1128 3742
923 2812
1546 1988
2656 3306
4019 2152
2269 657
171 2894
404 2914
2218 3719
2282 604
2762 4129
2719 4009
757 3377
3453 1308
714 1432
3688 2375
3359 2287
1374 3831
2289 3041
2552 2213
1223 3052
981 2432
1290 1727
3766 2817
1971 932
3685 589
3651 4030
3702 2251
1392 3109
452 3066
3923 160
660 3322
1444 2042
336 2084
1844 213
877 827
2310 876
3647 1979
3220 2575
3802 2964
2086 776
556 2889
3588 3218
803 1857
4019 1867
3365 1994
1196 91
3141 378
530 2831
786 223
2062 4116
2621 2225
3159 3608
3130 2946
1118 23
3820 3511
3774 3974
3846 1586
280 4028
495 3731
2399 3272
657 3782
2107 2967
3711 3019
1139 2326
1594 3352
3947 3611
3485 585
907 1438
2293 1537
3826 2945
3448 2511
1139 3555
1809 1774
2436 2086
3944 1111
2016 2427
4143 452
3101 2143
483 2474
3326 2798
1332 2851
2680 146
726 3378
837 472
4023 1080
3906 1484
2557 173
981 2572
2133 3380
1771 1012
737 2449
2405 2076
3932 3595
3846 1522
3529 3848
2093 3390
2281 920
4001 3057
2000 3516
2475 1980
1412 181
2942 1433
3274 1861
3392 2596
1119 3173
2507 2042
3804 1531
3456 687
3864 3046
640 2583
2828 3067
1663 1000
2057 370
1323 3557
895 1369
600 2463
1636 4087
2590 2676
3413 2360
565 3336
2221 2108
3058 2573
1573 3953
1986 3179
4012 2304
495 3069
3623 3731
4133 1136
1792 2350
2549 2143
4139 2248
490 2116
559 1472
1828 32
3975 3851
232 1696
2891 3621
3627 787
3079 771
2605 3337
1133 2067
1557 2020
22 2061
3410 1814
2215 145
243 1582
2232 3580
3880 2284
2844 2939
2649 703
695 1840
3620 704
515 1846
366 3125
3315 1359
1682 3920
3436 3399
1586 1740
3581 2998
3953 305
3007 2738
2824 544
3099 1359
1716 3143
3244 912
1018 639
1831 669
534 3032
2172 2116
1505 1226
3885 3359
2477 4090
1162 3416
2020 3704
557 2682
1901 1096
3903 2626
2354 583
1972 1868
1708 2834
4091 3394
2489 3418
1039 2521
2072 4123
3180 373
3896 2512
377 3348
2490 1223
3348 3347
3976 369
263 2865
3444 602
512 3413
2609 3061
1438 2453
1031 1663
3987 3828
3075 1723
3498 4077
1194 1247
4133 2985
2347 470
3700 3244
3111 3410
3165 4127
2846 3343
1214 1386
1285 276
4011 3487
2498 3177
4008 3041
2653 1539
1257 3930
477 3156
2791 1036
3136 1317
701 2526
262 4068
2866 2062
2889 3637
3382 1925
2501 3964
59 3436
1547 4123
1712 1793
4125 1006
2808 3566
3750 1474
3573 1574
906 3805
385 3622
3190 2186
513 3418
3982 2139
4061 2807
1685 3352
2042 902
1363 163
4026 1180
3023 3845
2773 2295
3650 4011
3350 949
2081 1940
2299 1927
2295 3189
1488 3618
3306 150
4003 3498
2471 1114
3243 4042
1261 84
2734 2099
3628 3421
108 1270
933 1692
3659 3476
1906 1663
655 3049
3943 1763
3098 1295
1391 937
3873 1193
1745 3965
3722 979
922 2181
3210 3688
1693 3774
3851 3774
1613 2484
2201 1292
3322 1198
1572 1728
2139 25
2502 958
3104 786
2786 1671
1802 1038
3381 2439
4089 2692
3282 2528
1406 594
3494 2466
3307 2104
3677 2959
123 2666
1652 1265
1982 3276
3502 3425
3912 1261
6 2530
2564 80
3351 3693
698 51
1236 285
3232 3564
3277 3439
2928 2710
3154 1509
2535 966
1961 3365
3858 1220
3817 1696
2351 3507
3907 2581
2307 602
2248 897
854 3493
422 268
2015 3149
2669 3445
2503 1591
237 1903
951 925
3547 3568
3419 1273
2684 498
4112 2264
3353 3809
3612 3808
2184 2138
1622 1476
581 3627
864 3967
1067 1288
609 2252
289 3211
490 2829
233 1501
692 3889
3667 2454
1509 4006
3529 564
1350 1269
51 3107
2406 1947
1409 2086
2402 1399
2651 575
3836 3061
2578 2085
2889 638
1827 1831
1733 3880
1689 3065
122 3603
3360 1294
3113 1429
2842 1628
2754 1613
1579 3488
1337 3445
800 1118
1265 3363
10 640
3519 2493
3434 3973
1533 3900
2472 3624
3159 3329
1229 1165
2915 3609
3366 3580
2435 747
4080 1380
1502 3083
226 934
1743 1551
1723 4055
569 3205
1830 3571
3502 1199
534 2168
1724 441
1483 1332
514 864
3817 2856
3902 2652
538 3517
2815 2770
312 1331
3525 4092
2008 3821
2446 1786
3587 550
196 3159
1835 881
1192 611
410 1119
1942 3840
3753 1813
1049 2074
1668 971
762 1381
3455 3287
3810 3592
276 641
3447 2062
2310 495
2102 3694
2756 131
2783 4013
263 2058
100 1699
2638 51
3532 1063
1628 3222
2278 1261
3496 4111
3914 1350
3372 3693
3497 785
1611 3253
1619 278
1667 1678
4025 621
4098 3330
3682 3331
2987 875
325 913
404 1800
2520 1074
3310 1747
2116 1650
1097 815
726 2892
2902 2058
1589 2488
3267 1851
3184 1880
3242 2582
3169 3251
1729 3820
72 3570
2768 1625
127 3103
2357 264
4101 87
3625 1157
189 1643
3390 1107
2933 4077
859 2873
528 166
917 908
4081 2006
2551 3370
3017 3916
683 3599
1999 759
887 1182
4082 1791
744 616
1928 3176
3992 1342
1651 1739
402 1008
3642 445
3228 1816
1117 4105
3654 3514
3476 2804
2574 1588
2907 3865
2098 1365
2682 2886
712 2104
2730 3139
157 1450
4030 809
570 2148
604 3269
316 3458
2195 3343
4022 1985
3891 3932
3436 3110
1719 3888
665 2142
329 2772
1609 627
461 21
1887 497
4095 3075
1315 3895
2348 2492
275 2739
3638 3514
379 1974
518 3050
2825 2324
2179 534
2061 3500
671 2226
2665 2870
4125 1333
3789 1172
2832 626
3352 1412
3210 2478
1417 1879
951 2789
1906 1367
2790 3063
1818 1871
221 1710
349 1920
351 3120
2568 2589
3220 1632
3748 842
2379 2166
1926 3724
1728 3375
42 2054
969 3280
1999 62
2136 626
2789 3699
3942 3988
3061 4074
3035 103
2726 68
3197 1666
3348 571
970 2422
4111 3635
30 3688
519 592
4046 3900
2418 1107
895 1133
3076 2403
115 2068
2790 1316
4050 2351
294 1541
3238 2906
2362 1238
3427 2266
1320 1776
3660 2094
2821 3334
3856 3142
784 473
2336 1171
1255 2578
109 2770
1453 2527
1974 230
3678 3577
3282 165
3188 510
624 2503
3657 4056
2529 177
2224 817
716 119
2081 411
482 2009
403 3925
4148 3877
3860 2988
1256 3882
628 141
52 3670
1455 2973
1723 2577
321 92
566 3504
628 1190
1123 3535
3820 2551
1500 2849
2815 4044
875 3696
2520 2437
855 848
2759 1750
2783 2402
3395 3489
3985 2337
4087 2432
268 3089
2246 3492
2132 1306
1339 2916
1170 2148
4045 1867
2073 961
1862 3069
4152 3653
526 862
1335 3430
3271 1041
2806 962
638 3856
2165 1022
214 2101
3694 2816
71 2947
2831 3177
1668 354
1692 705
1841 1663
343 2392
4145 3192
452 3146
3021 762
305 2496
773 2321
3120 322
2973 2128
819 2200
2584 2976
766 3046
1389 810
3772 3960
447 934
1759 4149
229 2800
2275 2931
1414 102
4019 1389
477 2115
2869 497
3372 3483
2773 1478
2061 55
126 322
3347 292
3032 2099
3348 2310
2749 4090
3993 2677
3954 1931
489 4028
1148 2904
1852 1926
278 1108
1048 1995
663 741
3984 4063
3965 889
3729 1713
1098 854
214 699
1972 2568
4010 449
3624 613
790 43
2408 253
1270 2184
3703 3308
2739 3508
4079 2104
4040 869
2142 3731
2652 2009
3880 1725
1563 343
4076 3470
4132 1573
2291 519
4147 662
1734 2517
1301 3432
3088 1428
399 323
2778 2087
1628 3126
2934 2821
2993 307
1615 4083
1633 1451
3706 2024
3151 1188
2449 1881
241 2886
2311 749
772 2214
2993 2171
2757 913
1956 1765
2006 3020
3635 1503
3832 1531
3022 2027
233 2935
253 316
696 1197
1796 3270
1181 2948
1911 751
1233 1165
1764 1421
1238 729
1904 3806
3630 3714
1812 1010
2809 382
938 3559
3960 3472
2533 1953
2744 830
3831 3986
2368 1779
523 2834
3638 1808
2379 4012
2704 517
866 1413
2815 2180
382 2428
825 739
3632 73
1069 322
1601 2632
878 1135
1120 183
1526 1557
2327 3627
1668 2536
1430 3717
3018 44
917 2365
3107 1511
2893 2932
1280 3494
3554 4093
685 2239
4027 1585
1225 2604
2157 1639
3912 2559
363 582
326 2420
1176 1218
2086 1433
1174 1172
3409 3299
109 452
811 1516
1646 1742
3234 3548
560 2015
3610 1412
3933 1028
3932 367
1023 3695
3604 2103
787 217
3092 2643
258 421
4067 1100
2331 462
3219 4099
2176 4105
3705 2629
2147 3415
4140 910
1697 2824
1904 568
2252 2167
2101 837
850 1864
2810 695
906 495
2595 164
2039 1450
408 1234
321 1202
3180 1566
2076 227
2078 918
2728 578
2422 1774
43 609
207 3904
1789 423
756 2326
1243 1002
2050 2629
3127 416
4127 1977
1090 863
2004 1811
1245 3141
449 3518
3960 2464
3251 3140
3086 2831
2569 2141
195 2266
2196 1938
1163 1892
2042 3074
2389 252
1328 2248
2649 757
3351 3217
3116 3784
4076 1344
2074 1445
1578 4083
188 822
1708 3498
1276 3707
2898 3624
211 134
3746 1378
930 3452
2746 1007
1354 1078
3709 532
536 226
583 1151
825 3874
2880 2608
816 130
3166 2772
454 1561
1634 2568
2110 1187
4009 2581
3227 2464
1544 455
586 968
571 955
2680 2329
3649 4041
1493 3245
3744 2342
1622 217
1806 2432
3390 2147
427 1842
1851 3167
1937 613
3743 3145
834 2502
3153 3952
3977 2631
1756 2345
1060 3259
2878 3018
3979 3274
4089 1471
3080 1441
1376 748
2951 1933
409 1943
3670 1524
2286 3714
2543 3213
2645 4066
2884 2556
430 3578
1631 236
2842 2975
2237 1659
2525 3032
394 2602
2106 3923
3361 1005
2854 1449
2503 347
3938 3457
3895 3581
3592 468
1457 189
2614 924
3579 2437
465 2150
2110 1641
316 2062
849 944
3936 1323
2894 3498
1622 2161
2152 3024
1267 745
2866 3801
2296 3774
4035 1039
3555 1727
380 649
1645 807
1063 936
2402 3933
672 1077
1584 1521
3995 48
3664 3918
317 556
3057 2229
2879 2733
1618 3330
2438 2556
1634 2508
3694 560
1560 1621
1847 2340
3109 2878
421 2207
148 838
3992 1468
2385 2569
1566 707
1576 1086
1703 1295
2127 1901
3268 3720
1310 2257
4049 4141
611 3330
3086 251
3971 1178
2902 1113
2965 2788
4092 1356
456 1323
1684 3919
1229 3713
586 716
1172 936
872 1220
2693 1780
1755 514
1347 3294
3786 1659
1777 408
1429 3433
3163 1707
1872 4082
2718 320
1590 466
2766 3319
3140 2976
2539 2119
1325 3504
1095 3138
1160 963
1886 2076
2255 73
164 102
491 2465
2689 958
2183 3548
249 2490
2051 2604
1504 2203
3224 8
155 2261
589 4067
3586 220
4058 1100
3280 403
2798 1840
554 3349
1130 2734
3845 3410
2989 74
2478 1326
1385 201
2546 2449
1004 3145
1001 3932
3765 2145
765 2458
507 1661
3811 3904
539 165
3078 3564
3225 1990
1403 540
653 3897
1982 189
2203 1607
2266 59
1035 542
676 1299
3763 2812
1389 2995
3707 2873
1327 2190
3082 387
337 1303
3067 1157
1504 308
2586 104
4059 1881
2626 3792
1251 776
1737 1603
113 1429
2854 801
2565 2
3286 2771
115 3826
2116 2126
1305 1164
2803 2627
2131 2993
48 2447
2901 444
3083 3656
3442 2341
1491 667
3291 1721
1148 544
1553 1290
663 3807
2460 4059
448 1015
3539 3771
2467 892
4065 1763
2511 2897
3102 4015
943 1024
3815 1620
133 961
3725 2587
1012 2867
1306 1870
2627 906
4063 1519
1642 3260
1069 140
3409 3623
2635 984
964 4102
4100 2581
3135 4147
1126 2237
3874 3040
2580 1634
489 2343
109 1461
679 2258
1094 140
881 1627
2096 1669
3045 2179
2320 1418
2441 3486
3678 3191
4110 307
2129 2402
4157 2289
4025 1140
1524 561
882 3963
1205 1427
2041 1245
2374 79
685 609
30 2002
1194 3432
618 1200
836 3406
743 306
98 339
2111 2752
972 3800
1242 1601
1098 1462
1974 1836
3444 2833
2861 3710
3435 2524
2635 772
358 3671
1937 2003
1669 1665
1878 606
2702 1799
3296 671
2015 133
1597 3444
1004 1485
1595 907
2872 1301
944 685
905 521
3978 3084
2853 1363
59 3405
3774 2733
645 3311
812 4126
3851 3190
3870 1408
3756 401
2392 3058
2753 1432
2686 732
1859 668
1363 3718
2284 3617
1692 2362
1817 2561
680 1608
2713 1483
3147 412
527 3960
2004 442
850 1488
1991 2831
3154 1910
3123 3983
3996 430
267 1811
3431 1649
133 1662
1006 1329
2558 753
2947 388
1071 3911
3216 1155
1815 2935
2035 3061
1475 3926
3851 3294
2639 347
901 1999
2846 1406
3513 3520
3097 3448
1355 2937
3320 3702
463 3248
440 3163
985 2067
2099 3111
1177 90
3095 469
946 1829
1359 4005
3400 3306
1414 3317
1998 2332
4081 1397
1030 3757
1234 3940
94 3529
2406 3556
3898 122
3938 4020
2859 726
3751 2373
946 3294
1306 1650
2655 1028
3202 618
3912 2753
350 4107
3595 687
2866 781
2544 310
4018 4007
400 2974
671 1868
2550 3911
146 4153
1005 1451
754 4108
435 1182
2948 3535
4097 3457
1598 1795
1223 2027
3181 2591
3024 1201
1293 3151
2484 1254
2560 181
2302 2518
1492 2672
1141 3943
3950 186
2932 3948
3461 2682
3182 208
1660 922
2903 2589
1184 1510
3071 1487
2303 2020
4080 1090
3031 3532
1621 492
1868 3032
2920 1272
4083 2270
4032 3091
191 3199
3756 1376
391 2945
365 1810
3877 3186
3030 1735
381 1146
1312 3691
2564 3844
425 1111
3764 2900
1420 2464
3956 3237
889 2441
1012 3145
3531 2229
2657 3778
1158 1331
382 3866
3855 2601
1311 3340
3485 1053
1449 1863
2569 2845
669 2376
3106 2376
3453 1093
2134 3321
2082 107
3129 2856
3274 3503
1248 1194
2817 378
1786 943
4025 2713
2542 580
3408 4042
4152 2058
2037 360
3799 1904
520 3857
497 813
1692 2676
2792 3591
3512 1710
205 1359
3005 909
1221 452
395 1823
3867 1651
2592 1999
149 309
1974 1448
829 2570
4038 3030
3009 2199
3930 167
2486 2809
3188 186
2627 3417
1880 446
2023 4019
3390 1065
2970 115
2770 3569
659 3504
2420 2979
2406 2438
3960 3759
361 2525
587 3134
3115 3388
2916 1908
1022 3743
888 1794
2674 1690
109 3188
799 855
1207 3702
3324 4121
4083 4019
1088 1014
222 3075
236 1522
2899 2437
3571 330
1982 2963
2307 1548
1313 3190
454 4104
3868 2687
2321 2601
420 2858
1597 2014
3778 2239
4030 2068
101 219
583 3476
411 3796
773 2924
911 1164
2275 2910
3052 3100
2084 3481
338 3965
3957 405
292 1055
3183 546
3109 3060
3763 2212
1438 3070
3280 77
704 402
1257 3449
1231 81
3973 1571
2771 117
4129 1377
173 2389
994 3282
3526 1138
3368 951
3244 2943
3196 875
3567 2687
2559 3633
3067 2864
3573 2443
3432 754
1595 385
2758 2776
2161 3029
3580 4024
671 2818
3645 149
1774 4140
3151 2458
3618 2934
3541 2083
3084 1114
565 2346
1166 1732
909 2271
1583 1504
1176 532
1478 3596
1967 2363
304 1612
1442 3203
1288 2330
199 3755
1280 2593
2377 862
2509 2469
3199 1826
3350 3712
3803 4084
3357 3458
3411 3464
3141 856
3230 1971
3663 492
100 610
2275 2173
100 2892
942 3975
284 2107
2904 3897
1028 1135
1532 2104
2112 139
3496 2857
2706 1787
599 1140
3887 2121
1839 3993
3020 60
424 1773
78 3573
3297 1070
125 3450
2599 3499
933 918
792 1376
316 20
9 2100
4019 524
402 2295
1300 4131
45 1163
3288 3
2960 3981
2432 2863
1946 645
1856 1868
642 2405
3669 505
269 2739
889 3673
2420 2153
3904 1778
3908 1679
3519 1034
27 3071
3261 1627
550 103
3843 3172
2949 1856
3157 2155
814 4135
3573 3822
3683 1089
3491 3736
1108 913
1318 2434
1976 2684
2225 229
3816 1460
3401 3720
3255 2327
3264 1715
3133 1714
3521 4101
1867 400
853 3758
1032 2908
2713 3535
895 455
812 2944
2843 2192
744 3162
67 1247
3168 1202
4052 1316
938 1267
2826 1584
2644 338
1000 2159
161 1450
3388 1979
1472 4071
3117 3339
1287 156
1921 2444
2281 3988
3802 2356
4134 578
2099 259
632 568
1285 870
2431 1354
1031 1145
3458 540
2191 2982
825 2308
2092 1163
3488 1648
179 3575
638 1958
88 3621
3290 3404
2860 2511
577 3753
2035 1549
3253 3504
2693 648
86 331
742 1225
1168 1013
2369 214
2564 3188
1233 3833
3316 2698
4150 4032
3451 625
2431 1605
1985 3278
1400 3434
228 2321
3687 2093
777 582
1081 1046
72 2333
2395 1687
198 3125
965 2425
3461 798
2349 3171
2755 3111
2591 1191
2265 181
4030 1515
2209 3209
2549 3345
1104 3226
1013 2153
3335 2887
3538 120
1043 725
2414 256
3510 1275
3464 1434
1587 3743
2128 1206
1382 3215
2152 334
3095 719
826 890
2758 1715
1390 2868
3862 2113
3002 3435
3852 3891
2090 3398
3523 4133
3495 369
2774 3318
1219 2487
1770 132
1683 215
1946 3875
797 448
3694 1169
3167 2725
3757 2485
841 112
3229 39
2608 2044
1942 731
3574 1187
2545 359
3341 4019
3954 4138
1032 236
3807 504
2526 1595
1567 2587
1824 682
2704 3591
867 1527
2008 2066
959 1195
4067 2373
329 1643
3338 3428
109 1916
4121 769
966 1171
2586 3443
271 2808
515 3851
3763 1555
2209 1211
1001 2047
3281 1371
1044 652
2932 383
3792 3483
3833 2287
1819 1343
259 2545
121 1439
3391 323
744 3169
109 804
1727 340
1912 2040
754 2516
3137 3784
2470 3856
3453 2904
1757 2600
686 2624
1220 2764
2430 2825
820 3341
1290 2294
2541 2610
2719 2217
3900 3917
4073 324
3739 3308
1316 1175
550 2683
3173 596
2632 429
3371 2161
1428 2641
1209 616
1950 1732
3036 784
1993 1517
683 608
870 2734
1657 3152
928 3830
3611 2350
273 1381
31 291
1495 216
4034 2410
370 1962
2856 833
4131 215
1789 2070
3056 2012
565 3112
755 1450
2928 3412
2062 495
2718 82
240 2108
2887 768
3052 3057
1844 2885
3947 3468
70 3356
651 2499
2354 3737
1257 2624
683 1049
3643 2609
3016 1193
1800 1942
3611 1148
1888 3119
2370 4080
11 829
416 871
3721 2338
3132 2966
3560 3691
1807 2433
387 618
1851 1185
921 3918
148 3448
2878 4129
3683 1044
263 618
277 1052
1845 2076
2503 3177
2613 1916
1756 1678
1514 2392
134 469
308 2887
2977 2969
2765 2977
980 2328
3763 328
2218 2068
3991 172
720 1057
2829 1749
267 3783
1291 3028
3961 826
1083 1726
1048 2643
4025 2709
586 3500
1106 2331
1646 534
2335 1307
1784 1571
500 2439
3526 515
700 1619
4041 2586
1297 1044
1869 318
1553 1860
3801 3859
567 2542
1127 276
419 773
4158 2824
3572 1724
4060 1446
2735 3785
3464 3024
420 3767
846 914
1339 2216
744 2038
898 3055
36 1264
2953 3462
2988 1449
1451 47
3423 1041
1702 218
860 2150
2673 1862
1963 2109
1027 2188
2419 2119
1318 4078
1285 3413
2163 2289
1329 2988
3597 974
1079 2848
2544 773
1247 111
1300 1914
862 1868
2762 3207
4023 2332
2822 3247
2013 2127
3174 967
2636 3350
890 2241
1919 2628
2714 3486
3912 1171
3420 279
944 2064
4019 1439
3285 2596
4125 3962
257 3354
3734 550
3992 2089
2401 3464
185 3610
3414 3633
763 3893
2334 2266
1627 2309
2284 142
3643 3228
2570 941
3000 1871
3307 3503
1685 2547
1346 2438
2036 382
2558 1376
2442 2058
1437 3640
4125 2364
3224 2116
263 3586
1245 3489
2536 3418
3791 3658
587 2309
532 491
3279 14
869 4101
3436 2351
2737 1334
2543 4056
2093 3910
1982 965
3145 1830
2325 3185
91 1969
3813 4056
159 205
2314 1445
1417 4144
535 2700
2039 3069
2493 1916
3703 2836
1590 270
4112 368
1458 2244
3471 642
921 1044
158 4013
3236 2209
2961 609
1250 2839
2383 3908
3314 695
76 2004
2421 2581
684 976
3438 2279
3434 4123
