3705
2623 1234
1246 2469
76 3219
1038 3396
1286 2764
290 3626
2690 1671
701 2821
2057 2073
1134 822
1557 1468
2055 680
2644 3514
343 2533
3266 3115
3193 3427
1082 266
2374 191
2329 2256
1211 3301
2999 2716
2863 2488
2658 1131
3281 1030
1323 1338
2846 344
781 568
3247 1188
664 2776
1528 2106
654 2003
2751 2121
306 3675
1271 3650
445 1646
768 2554
1993 2408
2236 1111
819 2216
3127 3366
1004 2713
1412 148
2189 1154
1383 2459
2139 783
3096 2771
3569 332
142 221
450 1302
369 640
2120 802
550 334
113 1052
143 2674
3044 2717
1751 1068
1287 835
2426 949
1524 990
3402 2796
446 3136
3151 3654
2870 3112
2143 2827
2403 3602
1728 290
2025 1905
1950 2653
1810 268
3619 1877
1740 16
706 2042
1310 2813
3654 865
1805 3569
923 685
2332 1905
1091 2477
2484 433
2741 2184
2070 2218
752 974
1045 116
3269 1542
2595 2167
1692 4
3428 3047
2777 1268
2590 2588
1115 1836
1787 56
1021 923
1722 3276
1773 1755
3466 213
1139 276
2688 1126
2090 2632
2530 270
3360 3594
1177 2
1518 33
3308 2381
731 1360
1388 421
832 3705
1009 1479
3556 2274
545 3587
2491 3145
3319 1016
1259 1967
2235 2877
706 3520
1007 2457
3297 3676
1303 2331
2085 3187
3290 883
3378 2800
1098 3111
2948 3642
853 1183
3393 1744
2576 395
1250 2804
2760 2289
1275 3137
1860 110
87 1933
1104 561
2448 2588
147 611
3347 83
1649 1357
974 3323
535 1138
2276 1694
3361 1076
2398 1832
62 2545
3654 1329
3674 1475
3578 2232
462 978
3416 2027
3560 341
2358 3661
3114 235
203 1434
2576 2641
498 1287
2106 2735
1782 177
473 3415
1112 3543
2466 938
2257 3570
1017 1752
1844 2385
2676 2493
901 1632
211 227
2990 2555
2352 79
2714 2515
780 1034
1939 2938
586 1652
1118 1295
622 2922
1426 1142
1890 1285
1138 3392
1615 2980
3371 3195
604 1791
1169 3678
3677 1445
2055 868
1954 82
2135 1239
1534 1799
150 1115
777 436
645 882
1698 2240
2241 989
3156 2397
1584 2871
1778 2273
1021 3003
1387 3543
1928 1896
1884 183
2449 477
3051 321
1195 765
1037 2588
2381 2266
914 1912
1375 3547
1819 1046
148 1158
2741 3608
507 3099
3577 3170
3345 513
1062 1350
2946 575
2285 2686
2021 212
709 1611
2897 416
916 725
2522 1576
755 1698
1090 2293
92 1803
1922 2096
756 1570
1961 1384
1812 3545
3037 3194
3141 609
3068 2465
3156 138
2320 2537
698 157
2339 1819
1433 1444
3225 50
2102 1728
1851 608
428 429
163 3561
952 116
1616 101
856 2880
1318 2150
1005 3288
2925 2371
1034 2023
3046 843
3032 1783
2755 260
3456 952
745 1814
2228 479
385 2290
1876 2547
1626 2647
2874 835
2214 2551
972 1232
331 1345
523 549
1693 3348
429 478
3036 1904
2186 698
2325 838
627 117
160 1358
3210 1097
1567 991
2923 831
818 1438
1257 1100
443 2647
2089 2518
3363 557
982 1343
2587 810
2948 747
1638 3082
1012 1326
2388 757
1399 37
1145 3053
439 3613
368 2860
2504 3161
3670 2162
3081 2603
788 1990
770 945
2409 3449
780 2767
2665 2433
308 1951
208 974
18 1047
1895 280
3042 2628
1210 2912
1892 3564
76 38
445 2411
3165 2875
460 843
3542 2618
769 997
488 2677
3186 787
1161 1255
391 2021
1261 1975
3456 540
278 1152
236 1466
2296 2003
2708 3656
798 472
165 916
2821 964
1654 881
3002 1543
3237 3431
2869 2503
3650 3582
1885 2100
1620 2674
1378 546
2277 361
1153 246
1560 2717
2028 3559
930 1545
1117 684
468 3682
17 630
409 1948
3394 3342
1364 2647
3577 1904
785 1958
3222 3023
3202 1478
312 316
799 870
151 896
2929 3388
1845 2849
3529 6
3172 1451
1528 331
3526 878
1950 3218
785 1754
1252 1816
1003 3675
2065 3276
2297 2586
2059 2009
132 2106
2269 2892
806 2888
2790 1098
2159 2177
263 631
687 1343
1013 634
1451 2402
2789 1642
294 2130
2600 1922
2868 145
3215 2836
255 2702
873 2781
3606 1014
1705 1484
3322 1763
2841 638
261 292
1019 2708
2903 3565
1594 1458
2911 3609
2563 3705
1920 1897
1962 336
1155 1772
1207 2790
300 1365
3613 3208
3513 3140
1433 2437
630 1006
343 1864
1060 806
437 1491
1750 2265
2287 989
3502 826
3689 1085
471 2381
1600 1918
3291 1217
1157 2794
3228 1224
3129 2375
3341 2473
3412 2266
1489 2907
809 215
2824 527
3247 1695
1465 3542
3008 1981
2185 1103
2472 1261
2988 379
2823 2416
3507 630
1741 1680
2138 106
77 1792
52 17
1528 2167
2161 1473
1963 1542
2553 3646
2166 1251
2694 2101
3652 1732
1430 2276
3451 1101
1097 2643
1553 3045
3298 1272
190 3627
264 2589
2362 1345
1716 3385
1761 2554
1684 2968
1603 1175
1512 1249
792 3254
1594 1531
284 1744
117 1525
2664 26
2992 2355
3120 2964
2329 613
186 770
1154 1999
3540 301
1506 2050
2669 1499
354 2284
1905 1113
806 1670
1338 2527
1806 2798
1327 3190
1985 2637
2758 534
1111 2442
959 2012
2564 515
74 3349
2835 935
366 2010
2098 2933
356 151
3157 3414
504 453
1214 2815
1187 1303
3406 1906
2494 2006
312 2056
3119 1055
2051 688
616 3557
1313 1289
1658 1773
1025 2525
1616 2738
1859 3050
1085 148
3506 2342
2195 2691
1504 2530
3400 113
3078 3658
1323 3232
147 1635
2639 1832
692 3349
2594 714
1170 2921
3510 1954
859 370
1171 2504
2020 575
565 1780
43 3027
3688 3463
1588 3376
2911 550
2047 1682
18 2320
3443 840
1284 2902
824 1927
2641 2029
1166 1497
228 2569
2666 600
3530 711
2933 3401
704 3573
1959 1638
2672 461
102 647
3387 1919
2235 2625
3304 3283
637 48
2665 1489
3533 2079
3405 195
954 2805
821 188
2911 826
2249 2131
1634 2799
2038 2717
3449 1686
1059 1841
839 2495
2253 1237
1195 621
452 23
2116 2962
3402 428
2715 2805
2800 485
737 1905
770 3016
1472 3134
1394 2890
3052 3332
3070 1524
548 1245
1825 2806
1680 1775
1087 1762
3109 793
483 632
538 2519
2378 3036
150 2638
236 1941
1352 3512
1642 998
3305 1185
2333 1973
1419 3446
3448 2588
1062 3367
615 1124
819 333
2423 2671
3672 118
366 346
386 1013
433 2405
2786 2807
2628 3014
3598 2353
1528 384
1837 2881
1552 1035
3219 3402
484 996
3457 1468
482 3203
2684 1151
1390 446
951 3523
203 3261
2820 3019
1594 1902
2202 1425
1108 1412
1072 399
491 1840
825 2701
1176 777
2764 788
2943 257
2442 1532
1854 1975
62 229
227 2300
3535 3433
1683 1942
1121 181
3192 526
968 563
36 660
2274 1661
3626 286
2163 658
3648 3026
616 2265
2321 2501
3198 3482
1096 3472
135 484
2981 311
1390 2036
283 2816
2376 501
456 3370
2868 2779
1259 1714
1057 3474
2679 2078
2101 677
30 1488
1277 2407
2135 2722
2304 2567
819 1145
1658 2504
984 917
2999 2002
639 2018
2677 2004
3098 1041
718 243
1596 1833
3542 1743
543 783
819 1689
1591 947
57 2624
3307 159
2534 1483
2913 2043
280 2136
1736 1832
3620 1143
2045 3247
2633 745
656 1241
2414 606
2939 1292
893 1599
18 2152
2648 2344
970 1388
2948 3499
3315 2738
1004 2973
3049 797
179 2222
3183 969
1691 68
2958 2988
2846 1129
8 3589
3002 1645
737 1794
1784 2704
2295 779
338 1803
3466 2842
745 1816
2498 2460
3592 1677
1849 489
29 422
1901 884
2978 2948
940 2977
389 3399
814 1346
3153 958
180 328
2717 3599
3071 3509
1642 2809
2545 248
3208 1379
3322 933
3646 553
391 3075
2660 930
1075 2831
1910 815
1990 2737
2478 828
1559 431
307 2627
2256 2992
1733 2049
1478 1955
1192 236
607 1928
3373 1719
3588 3543
974 3184
111 2266
1583 15
559 2538
2580 2827
2464 3468
2398 3039
2684 1746
3429 1852
2109 2841
3133 3246
2564 2328
859 2142
2079 816
37 1320
2636 3444
3187 2112
3162 507
284 871
477 2540
274 1310
1725 1252
3187 2594
1345 285
3524 1067
89 3066
3000 1409
980 2286
3431 2794
3637 1294
2219 1491
3112 886
1640 2859
757 3219
2760 2216
1866 1091
268 246
61 1836
2514 819
3047 3255
1782 614
3321 1427
144 1665
2300 2250
1615 1222
3169 3566
2434 1625
1613 2768
2869 340
1017 2050
3441 3156
3599 637
3397 2303
3525 2685
2051 3103
2887 2009
1420 1896
3666 610
3503 2011
1255 1519
1109 3146
3141 3635
3076 3160
2038 932
318 156
3408 2303
33 564
567 552
2807 2747
127 2645
56 2867
325 2418
1986 2102
2102 1436
1392 120
712 2459
1171 3363
633 2495
3667 1478
1926 3256
1224 3403
3154 1138
2108 3349
815 1484
3588 1526
972 2077
770 1271
124 2756
2361 1544
1434 1482
889 199
1899 2451
3603 1163
3640 684
571 2103
1426 2641
3259 991
98 1280
3087 2233
2683 670
1215 3478
2198 2271
3698 2589
608 3289
2037 852
2604 3431
3687 2057
551 2412
2768 2139
885 3508
2090 3125
239 1440
1666 3022
2514 2903
1616 1424
2890 2343
1509 1134
905 3467
1628 2890
1191 3081
1697 3283
1689 2412
109 3493
3425 1240
2611 2619
3063 3494
1524 2818
2868 2050
288 1281
3076 2135
1341 3121
2873 1606
605 3131
89 506
2878 3132
739 280
2187 3504
3313 1945
1378 262
188 363
2808 2207
1201 3195
513 3325
3585 2715
638 2521
1161 2370
2482 1255
2738 2975
135 88
3284 2678
806 2477
83 1332
866 239
2105 2784
2470 608
594 2231
3191 625
2657 1470
1051 3588
1138 1375
1857 425
1439 532
911 2688
2136 3615
1117 2771
358 160
1661 1370
2704 1886
3326 603
2330 120
565 2244
2991 1557
1644 1304
3426 2617
1690 3518
1990 1079
2628 806
3120 181
901 1992
2770 2019
2958 3271
2260 2597
212 844
777 2146
3169 3305
1625 2971
3542 3337
565 2504
302 1433
1929 1711
2847 1211
2610 1155
312 1858
2127 2612
181 2024
682 2615
937 1309
646 2753
3079 2853
2701 1365
2133 3312
1464 2189
22 374
2163 3241
3616 2558
2772 3678
130 2982
1953 753
394 727
1273 2766
3470 1767
1474 3255
266 1131
2684 2266
677 1473
1524 2357
3285 100
1037 3213
2329 1236
189 3073
2090 2907
802 681
2183 1406
1293 883
2088 1704
2626 669
463 257
1537 3030
245 3468
511 321
2955 2827
662 527
3178 1250
1230 881
953 1086
1604 260
1673 863
551 2623
2453 149
696 509
2019 576
2569 3257
2360 3209
2965 1911
362 855
2517 2868
380 3332
2576 3019
1266 3184
909 2554
2305 3186
3436 3142
2252 1242
1834 2216
1265 521
960 2745
3671 2444
2110 3105
1997 1215
2293 95
1710 129
851 2775
2830 3445
2745 165
2997 2320
3505 132
3076 3672
3044 2265
3104 3148
51 4
2626 1605
2919 427
1971 185
714 308
8 3537
2265 199
1200 1310
3612 2584
2327 1015
196 1289
3622 932
1227 2734
872 1470
2251 2519
1383 3386
2974 2689
3031 1497
116 2639
2361 503
3189 1202
2381 2361
3384 3630
3656 2555
2192 2578
563 24
467 3309
3057 1591
237 625
661 3293
128 3332
2230 532
1651 2382
1641 2174
86 2458
754 1402
2331 2968
67 3162
3584 493
773 2106
2284 3474
1194 1858
2192 1316
1437 1665
2228 2104
2771 943
2810 1122
1487 2751
1508 3445
518 423
2876 3054
1258 2696
548 1172
3346 2586
539 3302
1283 236
976 576
37 2940
99 1803
2099 1874
508 2869
3660 2611
2980 1566
796 1935
2591 759
3199 1709
692 3013
1880 2166
439 219
1730 1171
1582 979
2674 558
1389 1793
1283 3341
2382 1763
1924 1127
1832 2652
1974 291
160 3180
2643 1518
1459 781
1275 694
1888 2193
3452 469
3313 3118
406 1028
1194 1826
706 475
781 3316
3369 3577
2380 1145
1891 3475
3092 1869
2660 2373
3291 3355
1530 3451
3282 3028
1802 1746
169 1722
668 1887
596 549
1189 2447
2627 3483
3189 398
528 104
2906 1882
2993 2278
376 257
3633 1609
2113 2873
3591 1081
1272 2942
3363 1747
2584 1573
2257 3126
489 2058
2742 2411
3132 3447
2027 2396
2577 3544
744 3254
3037 2206
1779 144
484 2372
2757 2377
2528 217
2871 894
2157 1234
557 3554
542 1269
218 2469
586 985
1568 3280
2759 2252
1202 2114
955 2405
1531 677
2615 1247
3419 2031
3017 846
1478 869
3175 1843
3223 2766
3649 2859
3481 3043
2899 1619
3061 2520
2573 2633
2026 3188
1708 2028
485 2044
551 530
2166 2850
2997 3435
3415 3629
2630 3084
1349 3267
1106 3118
1254 3403
2691 2099
753 886
1426 2083
2031 1128
3150 1458
2198 1878
2450 1478
2769 2939
3077 1723
2410 3344
345 1185
970 2543
193 2854
3289 2852
1856 1159
1078 1759
1772 2530
514 2768
776 714
708 2233
2691 184
1744 2982
3675 1674
785 451
3606 934
1815 3055
651 2456
3274 835
219 204
2927 725
585 1689
1111 3221
3388 958
1667 2101
3047 2338
2794 568
258 3312
2633 59
484 3343
2968 2481
343 2494
1923 1532
2594 3189
1563 1401
153 3217
260 1238
2995 1407
3408 1415
2031 2555
1493 2737
1174 1609
441 2461
3069 2141
261 2091
1406 2176
2840 377
63 357
878 3509
2462 4
3458 3623
647 2627
2102 2573
1167 551
1315 1772
2271 683
679 1713
2867 2578
547 1226
732 3431
396 1358
212 2425
1098 1848
2634 2797
2000 975
2688 1721
389 2360
1580 2500
2748 2471
2827 275
770 2723
1832 3431
2309 457
855 928
787 647
513 2802
86 2336
303 1100
3199 2733
3479 1553
3257 3518
3102 2924
2373 292
1818 440
2856 466
339 1343
2442 2402
2538 3359
1221 1655
64 905
427 25
2450 2287
2569 3587
3353 926
2974 2715
1520 2649
1558 1720
2979 3055
231 3248
987 1681
1861 1483
807 1922
1505 1434
2450 353
244 455
1659 2773
1705 3225
2502 1205
1549 2165
1639 2262
1184 794
3639 320
1400 1988
2787 2876
3294 1598
2784 1039
1786 3417
1855 2562
711 582
3381 2529
2178 2892
1199 1337
1742 2768
1915 2941
1588 1861
1781 1592
3003 1712
2948 2703
2790 1578
3547 2221
2037 3701
1784 604
2659 107
1531 2415
860 941
2450 2511
2398 1240
1080 2424
1085 3663
1583 2992
3053 319
2105 2642
3175 1091
2987 2094
1696 1208
331 521
3195 1572
1361 3220
2845 2808
734 3000
3575 419
2537 3034
2377 1413
714 2312
2474 2921
2124 1109
2495 2839
986 1379
1312 2406
3023 2248
110 3125
3468 2578
1896 3314
2210 1594
1150 3584
3438 2750
2389 2725
420 1861
2098 2547
2293 1442
2773 1304
3106 787
3152 2191
3312 1890
1133 757
412 470
275 499
2854 1618
1393 1680
1971 3341
1377 704
2184 2870
717 394
1712 2930
3231 1679
2017 2445
2496 3474
2803 3311
887 3523
1339 1594
3263 1923
3234 1383
1524 2980
2917 156
3662 25
95 2787
1788 1152
401 2800
1172 317
2634 1319
2271 3130
750 72
1272 2320
870 3083
2361 1877
3137 1144
3057 3268
1309 2721
1805 1931
2061 1272
2954 2263
1619 1388
1997 3153
2993 1730
3018 1861
2541 3595
165 573
415 134
2952 563
2487 2184
2803 3701
719 2895
735 583
2216 3286
2126 553
3468 2477
2417 20
3243 3282
3082 3089
2931 937
3340 183
3414 3699
554 267
2867 1962
3062 81
2264 2958
279 1438
1847 789
1404 2606
3044 1777
3394 2326
2613 2787
268 1305
3167 1624
1594 1566
3600 2939
3053 1972
2627 2027
726 477
2230 1463
2710 2725
2858 3568
2957 902
2045 1037
756 2020
1634 3468
1753 406
3397 508
1093 1799
1022 1873
2571 3048
3478 1931
1998 772
2285 2128
2785 2144
1813 2334
3168 1965
103 3490
2439 1196
1000 151
787 785
2009 199
828 797
853 1562
3691 459
3554 501
977 602
2752 1077
2054 2433
2895 1588
2118 2409
1801 704
1528 2840
1096 1770
729 1464
2033 3419
1485 2893
1209 1051
2216 1531
1653 2357
1109 3462
2965 3284
2904 979
2684 1726
349 516
1964 2333
3440 3266
3238 398
1856 2925
2180 2224
3001 3483
2358 1711
3687 1281
3372 3390
2145 2431
3015 1462
958 1396
2883 3362
2098 2382
1962 876
91 3528
7 3111
1776 3645
3449 2715
1249 2331
1680 3120
689 1706
1461 1368
542 881
2947 594
3377 660
877 2054
105 185
1259 2495
2288 2628
1757 941
2299 669
2921 2356
3181 2852
677 2259
651 3397
1486 2259
432 3643
1282 2026
1354 1015
740 1858
526 1152
586 654
292 3252
1403 619
3167 2626
1301 2574
802 75
610 170
3253 3060
1988 1572
3558 1927
1909 3460
682 2099
1758 203
3625 1959
2085 2811
1522 2899
2077 2246
3656 3375
3180 725
1423 1632
2382 2320
2944 3091
459 277
2005 1373
879 750
3593 79
3107 1580
1338 3531
448 1964
2832 1655
649 1276
3353 476
569 644
80 3270
454 1068
2083 505
3160 2926
2136 1839
934 1932
2789 3207
1865 659
1667 1443
2427 781
1438 2373
2999 3181
1763 2792
2424 27
18 1835
2586 765
229 1829
123 2034
3647 2897
969 1085
578 3144
1070 1761
1491 2669
2966 433
3270 445
1253 897
1014 2531
1987 2701
3671 1107
1182 2283
981 1647
3451 3463
3590 2947
1997 1619
3348 90
1138 2285
1514 1357
1699 3132
1098 360
1294 2884
2586 3076
1504 1995
3197 323
2289 780
2056 849
427 576
2574 3139
3424 2702
2044 1066
1327 33
2491 3101
182 3678
1718 2898
1092 1344
467 1894
1661 1045
689 1938
805 1071
1613 949
1059 2030
2712 1476
1723 2869
3130 1917
2491 1730
2245 558
976 3025
380 2788
522 3331
2442 3068
398 1610
6 1449
135 211
1609 2869
619 305
1730 760
576 2089
2136 2783
1997 550
2945 1188
86 33
1429 2196
398 539
969 268
1415 2390
1393 1740
343 2354
57 2284
2956 1705
551 3538
372 3069
1318 73
3444 145
72 155
2428 2789
2765 2417
767 3088
2852 2660
2801 1687
1668 674
1837 1626
3357 3466
292 2020
1048 2594
1412 2780
769 1115
3459 2057
623 536
2268 1864
1500 3415
3546 2382
1954 2877
2528 585
1357 3149
3553 234
1278 3255
1597 2791
327 506
2916 3012
3227 2885
599 3684
775 3014
691 2190
2223 2011
375 2985
1317 349
3653 3611
2099 1689
2557 1896
1916 69
3083 3548
510 3098
473 1138
2712 2283
855 326
2213 3400
383 147
3361 3397
166 1148
1018 3538
1619 292
1550 3285
3476 3652
2749 1771
1032 1104
2783 2180
1934 1165
547 2096
2572 1417
103 3699
725 3363
3020 2599
3621 2082
841 1937
1321 732
411 1468
2376 770
3536 931
1715 2339
222 3028
671 638
1977 1395
1772 3306
679 202
2844 283
1402 2167
2095 776
1297 2507
799 556
1382 2584
209 299
1790 1263
1571 3667
1565 1504
1309 965
2800 550
3274 1863
2948 1394
929 469
1113 166
3055 2141
601 1542
943 2817
2654 3435
2972 2147
3702 43
1799 2468
616 1390
2542 1539
474 2755
3170 1450
2996 765
3429 932
854 655
3370 1336
1340 2365
3144 1966
490 735
1577 2051
3487 2262
3392 1909
1744 2007
3567 956
1777 10
2828 145
2121 1857
1800 435
258 1912
360 2218
2899 2596
1983 2555
782 1743
1991 1716
767 3162
2608 1167
3571 3247
1488 1626
526 1011
1931 1164
1604 1938
1745 202
1573 267
323 2282
3118 771
1629 1628
84 519
2068 443
3169 1223
1563 1446
2382 788
2690 2822
3551 1962
677 2280
2800 1693
3639 50
1323 1334
2034 576
3038 809
926 2359
3065 31
391 2172
2379 357
771 3010
3468 749
146 527
3457 1929
1621 2644
1016 47
2748 2522
3621 848
1786 1858
3269 3055
1861 2159
3402 722
2216 1847
2752 3164
323 3510
1083 3365
3079 1098
1689 1132
2276 3673
1607 1139
119 2310
3067 3541
255 1349
3680 2603
2575 704
2940 3696
163 1881
2621 1425
1453 2152
3181 168
751 2050
3318 677
2734 657
171 3108
3394 2570
2382 3368
2120 2303
2787 1572
3528 2941
819 942
3574 1294
1410 50
82 1593
266 774
1322 943
3437 2364
1288 1069
513 471
937 2038
1949 298
3183 1245
794 1799
2885 261
1648 2440
196 2579
706 407
682 3548
2614 1110
1197 2395
1507 2419
228 2740
853 2320
2952 2412
1146 780
2088 1092
3044 2806
1086 1510
3119 1070
156 3511
1888 3028
1416 2029
2932 750
1744 3335
2587 2256
2557 2897
2498 44
1135 564
2468 2154
1239 3409
2189 1847
1448 1971
3092 3153
992 3205
654 3695
3323 2267
3681 2096
1035 834
1856 3603
1507 1030
1601 1020
1997 1469
909 504
1179 2112
2543 874
1340 2299
357 1594
3408 2012
2468 1480
1297 2080
2857 2265
2114 3324
427 791
2571 388
312 2984
1984 506
3686 2012
772 2723
318 2635
3408 2048
995 1409
1456 843
1619 1087
1633 2727
1477 2231
3348 352
804 3650
3400 1579
3203 2153
3638 3176
3109 2899
114 3530
3584 2641
1288 78
1145 3056
1435 2117
3651 1858
2969 3261
373 3155
3349 1085
898 188
2301 2786
3407 2159
958 1056
3610 628
1885 2211
675 1314
1414 501
612 934
869 558
2776 1639
1401 3454
2513 123
954 1391
1433 2285
1215 2215
1989 1099
1563 3699
1237 3472
2475 2346
1476 3214
850 2917
447 1830
951 2996
1023 1560
1395 2657
422 959
531 2880
765 2983
3253 1883
3468 1997
3047 3326
1773 2499
2873 3704
1948 2520
2882 1640
3697 2096
1004 2348
1423 2598
2546 1511
1088 330
1092 3370
2899 309
715 3506
3515 3490
2720 2271
2760 3320
2886 1563
2040 1749
2360 2744
2440 2308
2314 1803
316 2589
2645 1031
530 1789
3117 2899
1260 1711
2071 1964
2052 2347
2734 2784
1377 1059
2491 2909
3621 147
2421 1530
2017 3096
867 3225
1893 3285
904 1853
1279 1942
2341 3086
438 466
838 2313
1942 2572
1817 1340
2288 1353
1131 2403
1489 2832
2376 1737
1668 1533
250 26
2476 2599
249 3283
3295 1525
2079 2601
1781 162
1001 3274
1042 3222
853 3646
2201 43
3231 2243
1623 2029
981 3489
606 1027
819 62
2668 2510
1904 653
2868 2032
2864 190
978 3684
1126 1495
108 2782
2119 1556
464 503
3413 3364
2276 928
3382 2075
1553 2825
3381 3435
1123 700
2690 1677
519 3138
1062 3013
71 2281
2782 1819
1005 21
1627 3414
3615 1672
823 1983
1997 2982
2686 2878
819 2480
3520 2838
820 1240
2260 1600
1821 2773
1428 2124
3665 2626
1867 1920
3407 3250
2015 1691
519 3682
927 1549
1001 3
2777 166
2454 1279
1719 2569
918 3355
2584 452
3616 2821
2642 2341
1 2262
2009 1043
583 1969
53 3080
795 1532
477 1853
557 253
120 1930
2552 1914
2497 899
519 1799
3601 67
1054 2969
1596 2549
1023 597
3698 3694
710 3631
1051 402
707 2913
746 564
381 2307
3517 183
2861 1067
203 2141
3285 49
3586 1873
1840 1354
1660 302
203 3047
2283 2711
2583 1211
3233 2837
1712 199
1384 669
853 1389
2669 703
2053 2028
2843 782
3364 2576
2043 787
2833 2555
229 738
1710 373
1053 2005
3279 3470
1949 3304
1048 2731
2688 2949
2217 609
2532 2959
2172 2962
1311 3217
3286 2602
253 2763
3241 3503
156 2708
735 3613
2726 1928
1934 917
607 2478
220 2684
3093 614
3580 995
2865 1323
1110 972
2299 1145
85 156
824 2407
131 1654
347 2758
214 616
3200 1072
1766 244
2329 2429
94 2634
480 2287
1674 2085
1847 477
3395 1476
414 513
598 1698
993 791
2774 2867
1263 2559
3327 1871
2846 2384
2578 2040
920 3639
321 2647
1681 606
885 3116
683 347
675 2281
2868 3468
1569 435
1298 1109
1743 3333
936 3697
2306 2537
946 1455
3277 3668
1996 2251
501 2940
1141 1577
3534 3520
2666 1189
2232 2537
442 1563
1637 2172
1980 1478
791 295
3366 2725
522 3216
2248 3242
1621 1926
567 1607
3491 4
461 3700
1348 1165
3634 3695
3443 1535
3376 418
2787 2386
1587 678
2459 1838
2584 3109
2148 1207
2819 2309
3536 1282
970 728
2184 127
2768 2194
1778 365
2956 2916
2247 453
2660 1147
2135 1026
2160 3464
2159 1203
2047 1813
1884 2873
3020 200
3303 1454
1455 2442
1460 140
2857 2879
197 916
2242 2450
528 1405
3458 2461
3095 3628
1248 1872
1541 1140
1138 2125
1516 2706
502 3110
590 2474
1496 1810
900 651
1925 2172
1813 1882
1950 2229
3650 252
714 3693
723 1164
3662 1807
1204 205
3636 3493
2020 1421
2380 60
672 2665
207 2103
2447 35
506 2527
1635 1330
3194 127
551 93
186 1198
764 3560
138 2670
2989 519
2649 2731
287 3436
2447 2664
1668 2794
2639 2924
654 1845
637 529
2189 3563
2024 3420
1885 1594
1181 2299
631 3687
311 1169
3322 1601
2982 2748
115 2804
3575 447
2298 3678
1681 1646
2582 1281
603 761
2954 2899
2031 1388
1359 2491
2055 3654
2384 861
957 2577
1426 69
892 2731
232 1937
2285 3133
1945 1259
922 1903
3536 2516
1307 18
2353 1697
1822 796
749 310
3607 851
1724 614
2708 1855
3478 764
3257 873
1799 1656
3269 1033
1585 2827
2316 2729
1185 2015
1628 1994
2057 3344
2444 2628
3384 2760
3053 2266
2636 1318
2299 2650
34 3607
2113 32
2558 1590
3036 3398
210 955
691 3678
2834 3257
3359 902
1515 3151
1193 2808
3029 350
854 3249
296 347
33 3247
963 1022
688 2848
351 249
3648 2714
2715 1119
1824 2156
379 1007
2585 2208
1369 3446
3 2935
3166 2149
1887 1929
765 2899
2467 1685
2452 271
3520 2216
571 3324
1492 1181
2153 466
45 3334
2311 1538
2371 587
3485 188
1783 2869
469 3504
3169 1256
2083 1611
1379 3152
3092 2243
2803 3550
2834 1760
629 378
254 2523
2586 2702
2299 33
2805 2309
3664 2946
3681 1178
2517 3539
3245 687
2995 2698
2855 3137
1282 1216
2973 3225
538 3140
1471 479
316 3594
1301 547
1531 3559
20 2629
1797 857
696 1468
2700 2596
1965 1646
2341 3198
3507 3577
2523 2584
1774 2398
404 2814
3078 2890
2866 1595
2162 3176
2961 2136
47 1212
579 2249
724 914
116 2880
2306 2159
1086 1398
2417 1117
1474 2512
124 492
3143 2018
1669 737
3149 2257
1454 1557
2227 2603
2076 2773
704 2619
1195 2170
3594 3063
2035 2770
589 3427
854 786
272 1734
3687 928
619 1462
2997 58
576 1498
1832 2717
2403 1433
1463 1008
3282 1327
2560 3646
2135 1425
1098 2640
2561 2667
2891 452
675 2840
2212 3697
369 652
3380 851
2500 3472
1259 703
2672 1700
1434 2197
3500 1023
2368 2765
389 1739
3374 3519
1379 3059
2616 362
1457 2954
2817 1561
1770 628
1438 1548
2182 2794
1194 3072
2630 1162
312 1149
3146 1134
2175 1977
2510 2271
121 2706
758 2720
115 2760
952 1921
2761 3653
2164 2599
2795 2608
3079 3486
322 858
3605 3478
714 588
39 2713
2766 302
1784 983
1380 3
3611 888
1703 1066
1094 3656
2115 2485
113 3006
365 944
1664 2023
27 721
2179 3424
3229 2483
636 147
3104 713
2574 891
3350 312
2554 2945
3469 2418
2563 2447
3513 2889
2287 1933
2131 716
1657 3659
720 926
2413 1678
1171 2401
2552 59
3518 2675
2840 1423
3567 1647
2731 812
154 1735
3362 3546
1327 1536
1589 3486
760 2812
3604 2874
1284 1980
2039 2657
1086 3525
677 1662
3599 108
960 2679
3487 890
549 78
3235 3394
164 407
2493 2875
825 1940
3095 742
1833 2289
527 1968
300 2573
1858 819
1225 3534
2524 479
2846 186
241 53
745 189
224 3625
328 1358
2163 125
1518 124
3163 2382
1220 1171
2168 3363
647 2586
1346 2917
3339 390
2315 3351
2707 7
41 2158
1753 592
1137 564
2895 294
2702 157
2942 3329
3458 2857
3044 1803
1868 3351
1171 3621
3274 3496
381 1711
1023 2069
2570 3615
620 1060
2460 1234
2114 1173
1944 2225
985 1432
809 2210
517 2960
3097 2232
3644 2031
2172 3493
1104 2504
702 2890
2234 864
3432 1893
3133 875
413 750
1768 1647
1939 1226
508 532
141 1317
2875 65
802 2151
2530 3137
2019 1073
2768 2393
2744 3521
3604 430
251 2443
2708 1319
2464 3123
408 520
3113 1929
1997 2827
2997 2566
3698 1127
3226 2125
3262 1131
1385 191
863 2306
122 932
1517 1887
581 1043
187 3230
1452 1790
1887 3412
3504 3256
1554 1755
2905 172
64 1083
3419 2360
2105 2423
1824 3239
403 1633
2155 2387
1322 3541
3407 2052
1156 885
3003 2255
3147 3178
53 665
2181 3596
588 907
1784 1044
2890 2661
851 8
3124 389
999 1044
1764 3265
2003 1072
2681 1710
3338 860
2752 765
2192 3422
3128 1875
3111 1024
2951 1657
1956 1909
3516 1593
3185 893
1169 2727
2261 2323
3192 5
2366 1809
2773 230
196 1954
930 2441
167 1673
2556 3353
3387 938
1790 918
347 1338
1044 1231
3217 1931
849 2970
3135 2868
842 3418
2687 3274
3044 537
2760 1171
625 2701
2831 1197
1279 1907
1551 3533
1397 2242
1799 3449
3300 1617
2641 2022
765 623
1205 2656
1527 2392
2459 878
1730 495
1870 1390
669 1205
2001 2578
2585 179
3650 1806
1280 1408
2527 2787
3099 3576
2158 203
2403 759
2371 297
3212 260
3630 2342
1235 484
3443 2803
283 484
2655 83
496 260
516 314
3033 2462
3463 1190
849 1960
1204 2258
1258 2278
2736 3061
1176 2200
3123 971
2487 966
663 3503
1929 1098
550 3687
2998 2921
1632 837
2184 560
137 1446
3703 1952
1388 3218
3108 3027
2408 3190
3240 463
1260 12
3100 2364
2406 3341
2304 173
626 2040
2609 3135
2622 442
281 1117
919 2184
3327 2697
1835 2475
961 1756
1615 3030
1434 2467
3552 2865
2090 2228
1913 2607
482 1676
3393 2350
829 55
301 2527
3215 3485
1151 2436
1188 964
766 588
3436 1356
2453 2937
884 3595
3613 3272
3128 2141
3471 517
202 568
3301 2135
1578 1521
862 1531
817 3278
1367 2627
513 3676
2537 979
3407 2724
369 700
2950 3451
2548 418
1781 1261
2467 541
2726 188
3173 1977
87 3465
2505 2027
850 1294
3617 1821
2626 1124
526 2292
72 1587
949 988
1081 1808
1962 699
1532 2171
1515 1569
790 1861
2203 3229
1665 2344
1518 3404
1281 2486
13 1136
3554 2483
927 2768
2677 97
3531 1001
2986 84
1833 1335
3319 294
1529 3535
230 2199
1434 2446
3125 1503
408 2705
136 3244
3283 972
2050 1710
3336 2452
688 2216
407 3657
2496 3334
3095 1858
1603 330
1540 508
789 1901
3060 1308
2928 3247
2373 2220
1818 948
1643 1421
1702 552
762 3201
501 3293
126 3169
3544 339
1619 1850
211 1383
2132 1758
1608 2043
2373 343
3669 1869
725 3131
2081 706
3219 3468
2875 3687
544 925
394 690
3080 494
908 684
2852 3294
3451 1666
3363 1912
1291 2999
2806 2294
594 158
292 3187
1771 796
3553 1365
2060 3644
406 829
1147 2530
1261 1900
378 1325
53 2968
3277 1604
730 1704
835 1012
2806 2238
3473 3497
95 2010
2964 3296
2860 2555
415 2908
566 1207
819 1117
1889 990
2321 312
880 3527
1013 487
1261 2196
648 402
3479 2320
3522 194
2915 2626
3618 2188
3113 2145
2690 1954
898 1809
676 1255
1383 3047
117 806
1074 1275
2680 1243
731 3607
648 2593
912 1636
2131 1295
212 3177
3159 1729
2084 304
995 3179
1846 365
634 3260
2936 2205
2556 415
2874 1827
862 3309
2643 2094
1847 1727
300 2690
424 1557
282 2231
2611 3572
3232 1270
2172 239
2592 2835
1646 2093
3176 2119
1149 2485
1659 3233
483 411
3680 3290
1646 2147
2800 2295
1959 1613
1309 3004
1249 593
101 3328
2367 1738
2985 2086
2630 3098
2892 2057
1147 1354
2877 910
1913 2794
978 1863
53 28
1481 3653
502 6
3349 2776
1310 100
835 3471
2159 1507
824 2752
3065 1818
1029 778
932 3300
1903 33
526 2806
1989 2508
841 1138
701 1418
2129 2651
1570 40
397 3695
3110 2688
3153 3606
2146 3455
1005 2806
3451 95
3542 370
2451 422
2155 2949
287 2239
2912 3056
3429 2127
743 1587
3285 2683
2279 1935
1458 2270
186 3445
1038 244
1957 1047
2630 1567
348 3479
1386 1338
2064 328
342 1272
1830 1394
42 789
1491 379
811 1817
1977 1842
2029 1989
1617 1796
1229 3298
2814 366
1614 3646
1478 1241
2667 2438
37 803
2943 3449
1841 2663
3054 3488
1602 1807
459 2899
163 3348
1850 3144
2810 2651
183 3090
1208 1461
735 2759
2854 3655
3484 1388
614 1254
250 762
2013 1811
2584 1297
913 1506
1245 3104
1824 225
2896 1698
3415 666
2488 1243
1979 3574
3322 1818
1948 2555
1114 3036
811 1944
2757 902
1707 3384
1233 3170
2028 240
1532 1547
3355 1188
2289 845
3181 1095
2753 2027
1050 1066
3465 1328
8 1947
763 1214
2946 903
1367 3171
845 1479
144 2373
859 2550
3046 2487
928 3382
2907 3211
893 3300
2358 2910
2302 1461
777 3050
3254 634
3277 994
1543 2128
1913 2469
2957 2062
2041 3458
1205 2754
1285 1160
1236 331
926 1461
2633 2803
1542 432
1588 2430
3527 2410
1717 107
1474 2166
2237 3238
1363 1604
1764 2404
710 3024
50 3005
3023 1744
1089 1292
269 949
1408 2626
2695 31
3344 1574
311 624
2504 2801
1862 138
1084 882
2123 1516
293 3154
673 1891
980 2722
2338 289
2046 2137
2340 280
1884 2417
1494 1978
500 588
667 2578
3247 2914
580 3493
2319 2602
642 3291
119 164
954 1068
2371 1531
1734 3043
787 618
2573 2289
1784 1228
3615 765
2940 2324
1147 1355
2003 3545
3047 2768
3599 610
3555 585
2451 159
3069 3330
3122 1032
3607 18
3653 1372
33 3583
3283 895
2997 2488
1663 1126
1850 1366
881 2349
3414 697
3044 1511
2311 1812
2369 112
3440 2675
2261 2528
3355 846
3414 1600
2730 1220
733 3504
2576 2352
588 2072
1658 1169
3187 417
382 991
1323 3230
1735 2687
3270 1264
3421 559
3542 1828
322 76
2097 2192
2544 1255
896 3137
3062 2406
577 1997
1031 3549
3510 1168
1737 465
720 235
1495 1804
2183 2636
1717 2226
2973 1096
3280 443
149 650
2138 1331
805 3520
1261 1208
2571 3221
1784 819
2538 1431
2272 2590
969 1081
401 256
1036 1429
1869 3614
1559 2758
349 885
527 2122
3158 3187
1598 3379
1300 3023
2976 2806
2284 873
2137 3445
1799 379
329 1809
2647 104
1362 644
2398 2172
974 2641
3380 1769
813 3525
2110 3180
2556 2718
1959 1262
1513 1117
644 1116
2534 434
1718 3434
1531 2399
1586 2452
116 695
1954 2709
1388 655
1102 2107
770 1795
668 359
1206 2113
1798 1104
3134 2159
1255 3674
2710 1386
2443 3314
1381 1020
2773 449
2581 1744
3258 3029
2808 140
3625 3275
138 2920
1130 2799
2488 3129
1697 2660
2667 3477
3021 502
3121 2266
3383 418
3078 3370
3450 2361
3093 206
2422 259
2829 1246
1002 585
811 2994
375 732
1597 2331
2570 3260
3199 2393
2092 2099
347 433
711 1912
2363 1825
2216 364
1204 974
265 2999
43 2793
3536 82
1010 1539
3624 3291
1978 3461
2116 3466
3090 1351
3533 2231
3480 3003
2147 519
1847 1799
1882 2377
1701 3196
3423 2655
512 3328
1133 497
3656 1064
1356 160
3080 179
2289 2693
1279 2205
1137 1943
3008 3517
925 1461
392 410
152 3112
1317 963
2049 357
475 830
2642 2506
1126 2489
3532 897
3206 592
3094 582
1671 371
3223 233
3562 632
392 315
3241 2800
1915 3495
2138 2038
74 1109
2934 2798
2569 3109
745 2923
2684 3470
3412 1409
3204 3665
2535 3
3035 3683
1138 1865
3239 777
2845 3430
1200 22
3568 225
1502 1892
2911 70
800 155
1824 1569
2453 1681
1523 2402
2870 2647
11 3679
3687 2717
100 400
1552 878
2722 3009
3522 1909
313 2826
3011 1594
2771 355
3575 1753
1419 2496
3489 2627
686 989
2851 184
1154 3159
458 1970
72 2519
161 535
691 1575
3597 2437
1002 142
1497 2204
2020 427
444 1761
1595 1928
2317 2614
394 1279
1764 2252
1029 2880
1738 2758
312 2509
3683 214
928 1792
2698 1435
2187 1964
2027 1968
1569 1531
337 3255
2963 2640
1017 1908
2543 174
2264 2872
1781 315
1421 1905
2084 156
1828 3390
1946 2004
3292 266
1337 3410
693 401
2033 817
3596 2927
3699 3579
3015 2876
1607 3475
472 915
2519 178
1317 2187
502 780
1297 1872
300 1213
3349 3264
2579 242
1379 3469
547 3224
2011 2479
3678 1253
3632 266
2014 2907
1528 2537
847 3675
2659 2941
2315 2032
2043 1612
660 1273
1934 3166
3554 3426
1218 1619
3406 2514
3207 14
3447 2492
2662 2988
387 920
3690 741
1879 1430
1489 3385
3618 3429
1115 602
3091 2620
1485 2873
641 1315
1283 1145
402 191
1615 198
2422 1461
2530 1276
906 2630
357 120
2554 1186
2392 2806
2787 3468
728 860
2442 2020
3517 2995
2290 148
1874 66
1831 1693
3088 2523
2010 3299
1298 393
53 390
2261 3251
3253 3648
483 3679
1650 3153
2066 2313
2102 489
525 3129
1614 1765
495 2463
1616 2753
2519 2131
655 2394
83 3600
3041 102
2982 1801
2567 1676
2922 2459
1347 2533
3615 2283
1705 1196
1985 2961
1674 3677
2726 3153
3224 1087
3641 1689
1489 3685
2778 3584
300 1630
3581 3309
2490 3084
3680 1732
3458 3166
1181 426
1038 3359
819 3287
2121 2702
2702 3577
1102 2527
1324 3289
2532 64
1166 3534
3169 2016
324 2802
2330 3519
3305 13
18 2308
1157 2435
74 195
1539 2469
3453 1874
515 1436
2218 2719
2242 18
1122 1858
919 2141
3680 2360
2017 230
2900 2009
741 2897
655 27
3053 2641
3120 3464
2313 1043
700 570
1422 845
142 1290
3599 3692
78 2067
2412 1936
3040 1618
3109 969
928 1526
3402 1618
1811 2684
2111 3092
3524 2406
1688 2322
1174 1063
2655 277
3224 3074
2630 3412
3097 3321
1126 533
1373 287
3225 1208
2677 1137
3182 1540
2727 291
1125 609
1267 757
808 2183
3043 1655
3556 1306
2109 3273
2739 2099
833 380
2357 574
3088 2762
2551 3219
3354 1910
2727 595
644 2509
842 2272
1120 1335
3653 322
1278 2369
3180 3120
2719 3442
470 2468
3427 352
2831 2782
2620 357
3219 2599
1338 2
2087 390
2306 1383
1514 3647
378 2873
3520 1970
2550 3449
2752 78
736 1898
591 526
2729 1049
247 2152
3461 3701
1637 784
2174 1654
3133 2318
1658 813
1785 2365
2074 2009
2420 672
313 1923
1748 959
3501 1925
3096 1591
1115 1447
310 857
2727 2526
787 2185
1181 2918
273 2949
1603 1103
2573 3627
3236 3076
1206 54
575 1820
3520 238
2497 2471
1352 1600
2254 2748
2670 1967
2968 1219
2882 196
2746 2380
2584 3391
352 367
2341 2732
369 3361
1271 1310
550 2967
992 789
151 2134
91 1342
801 145
1119 2965
647 3208
1025 50
638 3254
2786 3606
836 174
889 2631
789 1115
327 139
2219 921
1546 405
1515 2699
2815 2682
924 1773
1675 1773
461 508
196 3358
2169 1719
1180 1685
1441 3517
2235 2018
2576 3060
938 481
216 1090
1376 2491
2436 939
798 243
1564 3088
2642 2868
2627 450
1931 2140
2894 3574
1631 714
1826 1636
1959 3620
2303 3174
33 2063
1426 2532
1084 349
3351 46
95 2977
550 1383
2884 961
572 1395
562 3360
9 2497
2708 3169
3473 2921
1040 176
2753 3064
1778 3317
3507 4
2897 3196
2473 2400
2854 1541
485 3176
1371 732
2377 3587
3244 1183
1686 1296
1842 277
1261 3544
1858 3336
2808 2038
2815 243
1982 2216
116 1844
1105 1435
3645 634
714 594
1081 3498
824 3433
2008 688
3428 2750
3484 2890
3702 2210
3443 1823
1310 1607
1274 3689
1378 2122
384 1404
1244 1407
1762 2432
2868 950
1753 2901
1087 2536
859 2673
3161 303
1364 2335
411 2351
3058 729
41 3220
3566 2539
1145 614
2667 1416
2697 2857
1388 1625
1072 3419
1698 2727
2828 1759
2789 1930
926 1731
3349 2565
3659 3626
1847 2686
592 3492
2823 3189
2459 2706
2209 2590
522 321
705 3286
550 2364
1295 1374
2905 2973
2345 440
1581 1079
335 1271
303 1490
1722 3493
518 2712
2815 1744
1299 949
3389 1826
1689 2835
300 975
736 3703
156 827
3007 643
1040 4
3147 3410
96 1807
3225 1799
1467 713
1254 3085
2728 713
3411 2131
617 2862
3394 1718
2289 1489
1052 550
3414 156
2868 2743
3652 3352
3571 584
2495 201
3310 3264
3141 3286
555 3554
1094 736
1622 1582
524 3613
481 2216
345 2568
710 1719
3297 3439
390 1728
1812 2291
3518 2447
1528 365
226 1681
398 3087
2096 962
2729 2157
3248 1449
1279 1001
2659 3167
2543 2275
1810 617
1337 192
1748 2785
1254 1688
19 313
1502 506
1830 223
2121 748
323 2277
2662 482
1501 1997
927 2337
486 1115
2692 2252
3182 1411
3332 2536
1781 2413
209 2382
1317 3384
1897 1871
2401 2646
2677 2383
3397 1730
485 635
3356 2315
2391 2041
2346 2953
1364 2174
199 1546
2790 643
3163 133
3161 408
283 2234
3394 1058
2474 2379
2768 3674
2871 688
973 3461
3147 967
1514 1065
2455 2432
1976 3194
2605 3127
2655 2519
1333 3027
1885 1555
1935 1959
1558 2405
1474 175
1061 2230
3029 2550
2173 2727
2760 1619
2800 260
