1476
856 837
154 137
650 1450
1252 607
691 680
1216 909
325 1449
928 350
561 1041
401 1083
1196 203
48 255
223 1045
474 1040
707 287
977 589
514 281
1438 1226
386 319
426 276
1440 140
71 1424
983 363
1334 881
602 936
677 52
193 304
1002 996
89 32
170 755
443 1244
1383 1219
900 1270
793 516
1386 877
423 1297
329 1232
1267 1171
510 853
252 1076
252 480
1415 124
1412 964
369 98
1208 1058
1397 1176
1443 928
615 261
348 265
2 105
1132 112
403 532
1394 997
1148 1235
190 820
1055 669
1263 1020
725 627
1187 122
136 635
473 1123
102 1209
98 674
45 375
1081 1203
213 626
1211 73
108 633
1285 800
768 654
1381 914
789 609
1241 636
1428 831
455 849
161 1163
221 1208
1154 679
527 833
1294 324
12 683
831 1129
533 951
386 955
191 1414
1209 1395
1315 626
987 1293
564 817
327 779
299 700
1061 1099
18 344
908 235
1212 1027
399 1091
1159 1461
193 979
176 1302
746 1174
1011 824
671 116
810 158
534 1020
691 1260
53 166
912 1436
306 976
846 1043
523 49
623 561
1347 694
888 416
75 135
286 920
418 1431
622 1344
446 1274
1043 52
553 577
1259 1351
185 1105
1284 1179
1140 1370
364 936
164 1472
968 126
789 1472
1456 1415
929 640
624 320
33 880
1280 1120
1347 1425
476 508
526 776
1201 1171
751 267
160 919
1372 802
576 1459
108 163
727 592
971 1079
837 285
1087 864
1151 1246
55 351
1173 1115
298 680
1221 343
50 443
722 835
1334 770
197 1300
1379 815
710 618
1407 724
1464 98
542 168
1468 964
384 751
1185 1452
101 1050
829 1097
9 1087
635 1428
239 458
884 1019
202 177
922 1051
1100 236
685 557
275 1232
1231 640
1220 444
715 1224
364 600
17 46
1365 485
567 348
430 451
918 1425
126 31
1171 246
1231 103
65 9
316 1236
286 1047
1368 1211
108 1269
582 630
332 687
195 691
659 70
1185 500
628 684
1002 905
1350 479
193 197
1033 700
739 20
630 581
237 211
1251 823
850 425
307 1123
352 425
1311 1273
302 597
611 1321
1288 1326
842 462
605 294
713 1401
212 800
1211 902
767 1305
422 340
1094 1011
114 425
1402 534
355 1232
895 331
1330 1370
515 252
1082 62
158 227
1253 782
245 302
216 886
1344 1157
700 484
735 307
1178 1342
366 38
611 1254
514 1445
1344 341
591 679
672 702
739 869
241 944
1171 455
554 365
998 1189
1163 700
478 1190
645 1440
1216 1208
479 1078
242 256
650 788
1466 871
823 1049
131 566
945 826
676 880
356 1093
1158 1166
410 1067
900 1346
1100 603
13 1205
177 734
678 634
1310 1344
1388 107
1221 827
549 324
160 373
1114 100
1131 592
1209 1180
173 1113
1421 1371
125 713
1081 954
529 1378
877 1205
671 759
1038 943
787 1091
135 728
975 784
1111 1290
260 1112
283 1024
92 1184
979 353
706 1424
1092 1378
891 1147
314 976
1087 188
663 1063
737 340
97 1004
391 878
1125 496
813 1431
1279 710
75 1418
1320 1333
811 127
760 106
165 74
145 1000
844 1000
359 1413
141 166
1177 887
806 890
934 23
796 1027
639 895
1443 1141
1137 747
798 982
306 1388
1301 604
386 1005
918 1383
592 1056
1443 770
255 450
426 420
221 1436
784 348
861 667
284 1361
1373 1455
711 1407
1263 443
1296 537
1318 649
1376 641
983 559
1432 938
1091 111
876 395
63 930
1281 1444
1359 701
940 523
1397 878
1327 1204
1382 1088
1350 794
570 721
906 820
1095 83
84 153
788 1030
656 1445
882 534
172 787
478 1189
449 1330
1414 1209
1144 751
680 1437
1372 1282
1425 573
618 678
275 665
371 943
965 375
1289 918
1095 661
1342 732
219 77
1009 540
894 340
994 641
1050 1156
1077 18
675 235
702 321
805 916
813 336
659 1129
802 181
1142 883
435 794
707 848
1102 595
457 265
1430 988
239 1256
553 1390
329 243
206 938
339 1048
960 525
698 48
1118 121
1420 708
331 608
890 904
943 1263
1027 803
273 190
870 174
158 1358
708 514
1390 585
1011 57
868 373
401 986
1283 1292
577 133
1108 472
1101 1462
1394 935
403 129
261 149
1475 1359
752 907
290 693
1139 1452
799 1222
295 997
56 678
965 104
1229 1327
587 285
954 397
1228 9
462 1432
766 1114
4 458
851 48
1352 80
264 1307
786 1398
680 270
167 78
660 95
456 1112
759 526
455 1311
222 512
10 1031
708 180
404 1205
795 280
1014 959
681 563
592 1179
977 1036
1013 1243
172 1317
1033 296
224 491
922 692
179 1352
667 511
768 17
778 1443
1447 1385
1160 658
1123 783
51 209
1351 528
1247 1449
868 1194
334 943
1378 606
1391 1106
434 567
360 478
680 1318
236 876
53 1335
639 291
489 534
655 736
1468 1254
228 298
709 379
814 94
1242 578
83 494
401 923
668 211
1388 733
682 781
1038 1172
1330 1109
120 320
809 1309
939 185
317 799
932 55
801 822
533 1295
616 454
950 306
901 1428
216 233
928 475
807 1344
1023 499
1051 259
587 1262
1454 757
1428 1091
817 697
962 181
264 220
1362 233
1151 922
355 1240
457 632
407 139
462 217
341 85
590 507
769 403
272 1014
764 364
1034 925
280 545
197 1204
870 553
366 1366
1387 144
1043 558
1345 489
41 1382
905 1459
172 722
1271 211
776 1031
1467 939
563 159
505 648
1024 639
222 1473
1234 33
890 1208
577 1275
1238 592
958 1031
997 642
1167 989
432 784
832 551
577 443
424 291
373 896
771 624
1012 874
899 404
929 343
571 552
1451 417
752 758
787 156
1450 730
1333 865
966 757
1198 980
1348 157
211 1438
482 431
1263 599
492 507
544 1104
1233 1311
1263 401
1452 574
1012 1271
732 470
1052 991
916 1157
307 26
415 800
928 1263
625 118
239 433
163 1254
1406 1017
1091 1285
1265 181
139 776
236 1019
349 1093
1186 526
1339 1021
533 215
926 1288
921 1214
123 1421
796 19
1306 255
745 882
414 1306
364 1295
551 8
1188 1423
23 1234
217 1319
981 1416
1236 1263
289 831
652 199
915 279
710 1263
191 972
723 1313
620 1263
539 1022
1379 1348
166 382
49 1428
800 1338
376 1101
637 332
1428 349
1254 665
636 366
1072 1020
283 1122
403 963
281 398
1191 288
203 361
681 299
960 1010
1088 922
816 586
1189 1460
756 1123
312 163
1027 142
74 978
258 615
221 906
768 627
785 1458
1213 997
334 771
975 1073
649 1227
337 826
135 833
558 555
84 1165
38 1250
234 580
400 791
806 524
251 309
359 2
235 1050
668 966
740 290
254 302
275 413
1433 1309
585 1133
1431 308
980 310
507 1195
831 239
1254 791
839 371
1408 997
226 951
665 193
138 807
741 563
988 501
358 487
1421 540
1343 359
497 1286
383 765
509 766
862 1190
610 1298
94 508
765 45
807 453
408 97
170 401
615 307
269 340
1161 565
1220 613
937 779
1131 446
265 175
793 957
210 569
971 193
163 285
209 1206
1237 710
135 929
318 1259
1364 1327
609 462
1277 1210
162 20
395 980
54 268
1464 1126
1234 992
136 151
534 1215
50 804
623 1135
967 741
497 1034
197 1120
763 342
431 571
364 812
1097 373
1177 1024
321 1116
942 401
643 359
1042 141
857 271
888 491
894 637
1158 610
1449 186
503 1351
531 1272
918 1470
437 553
1096 569
867 431
348 873
1301 1368
1471 1195
679 1394
1414 1453
199 973
1276 52
1170 359
1424 217
994 49
1020 266
1113 337
222 961
646 965
1425 530
44 580
237 60
1325 1007
6 1044
1315 743
1438 1033
708 459
1411 1232
1064 1185
809 1128
192 327
128 776
1439 423
187 1049
121 435
1091 1350
362 987
150 146
153 1420
1155 264
971 840
79 1427
275 306
1450 513
502 708
701 9
1263 571
670 1033
1192 1304
376 167
617 1265
800 1223
1214 474
800 939
952 802
204 1032
110 1223
132 1397
1120 1145
333 97
1205 1242
198 570
556 493
1177 1263
1367 1420
925 946
82 367
751 762
1033 1299
1189 625
466 638
885 1248
451 396
755 1239
543 862
872 376
127 1321
716 927
1280 152
384 1182
791 268
1351 1109
113 836
774 15
1399 936
848 94
902 1181
222 1397
740 1393
1337 349
1378 828
207 136
497 240
775 1088
1339 1327
244 1420
930 193
1043 1215
270 1037
194 800
1162 454
898 516
866 1457
1103 1357
267 1018
238 1445
507 1421
661 1416
1076 61
971 1190
759 988
1192 243
1362 776
637 178
463 924
302 1202
223 603
1019 1313
628 1369
124 993
1431 85
689 817
94 172
710 319
515 443
1421 1441
905 1287
799 275
264 370
1094 751
275 1378
375 1392
343 34
30 836
1358 372
414 1356
395 715
1350 313
905 1017
592 92
1349 22
818 1256
286 1025
663 485
953 160
43 77
3 631
1298 1433
135 1161
876 1323
795 367
377 432
374 1370
1129 790
196 1213
718 875
1218 1330
454 1354
920 748
591 1143
428 1047
1060 1228
1425 1348
624 753
1387 156
263 408
1283 1061
1002 519
1389 1032
975 126
1447 1235
556 723
1438 419
441 247
1253 681
67 963
571 376
969 902
1207 943
695 1263
1216 787
974 332
905 845
1252 348
665 286
806 390
1360 1123
246 278
1032 275
933 700
229 486
327 269
1230 1003
94 474
1022 1285
665 150
1452 784
1416 637
980 461
615 944
927 469
804 440
439 28
414 731
800 776
67 915
1041 1363
277 696
920 774
1450 1119
380 515
619 1349
154 1302
1337 852
1440 396
663 26
1269 662
405 1034
581 335
245 858
39 108
1250 436
1110 1445
235 444
1361 889
35 93
77 614
427 569
644 21
739 762
364 467
59 1161
729 1086
1167 665
1394 376
891 969
200 861
1161 665
1361 1403
1368 1091
1361 388
1177 236
736 570
1057 450
597 1046
1276 704
303 999
186 375
1420 579
744 1070
252 86
1174 1388
1183 900
399 439
1389 984
518 1288
387 304
290 403
1302 1254
1452 651
1161 1091
792 765
1123 541
884 47
94 510
984 1066
530 1082
527 119
664 1024
142 1236
305 1349
708 522
691 177
1423 281
793 14
980 342
1243 1007
1397 600
709 572
1466 217
742 691
1407 483
1071 717
685 113
293 583
136 3
1324 268
460 870
607 1160
1375 1161
785 1338
1007 895
286 1127
589 1463
509 774
611 230
288 289
1033 892
300 9
11 755
1217 816
652 411
272 879
1097 719
236 1419
861 744
338 79
488 280
306 367
561 948
562 345
1372 402
918 1177
1417 259
1014 1205
431 1023
184 565
1313 1200
1230 143
96 584
1106 1084
264 947
1427 640
498 81
1257 172
218 305
542 282
787 264
1136 467
481 1138
538 376
63 328
158 548
787 636
247 95
212 1410
343 516
641 712
1245 1089
1296 997
1400 90
1264 920
505 1260
808 1355
877 844
1374 1111
1001 1344
1350 262
669 855
1339 225
247 673
1457 1270
275 1177
458 58
888 1080
1115 710
888 914
1085 780
1026 1054
819 784
315 1184
135 42
593 532
1193 791
1249 206
517 1352
305 1058
1438 92
155 357
1043 1421
922 1448
1467 375
87 1384
1058 682
1032 960
776 171
211 24
292 778
695 808
288 250
1396 1214
147 13
1225 256
69 70
368 285
53 685
1130 587
21 1292
1006 365
214 1338
1331 1345
944 1003
258 381
735 1052
1081 55
232 992
544 94
479 1384
747 1011
1278 938
163 1415
582 29
801 1199
994 466
297 103
1077 117
1358 20
577 97
841 1079
153 497
857 788
888 1434
425 165
419 253
117 588
860 751
185 520
690 952
1313 720
772 795
359 433
983 393
1340 358
16 594
92 37
462 1024
1108 1098
1465 1354
421 1019
1476 1423
1117 665
1039 233
1263 767
438 1071
985 678
1053 641
801 1283
547 1208
983 665
859 561
681 122
1439 165
1022 1235
205 958
948 1146
494 647
884 1332
1397 1281
623 471
826 770
1052 1474
742 518
395 1049
449 686
455 177
632 1175
155 1051
1161 209
1054 1333
554 797
99 969
127 1261
235 629
134 1380
825 447
903 795
1336 606
925 311
1402 911
438 936
26 247
847 1371
1457 732
580 569
777 1066
1285 414
1350 628
1029 744
193 109
784 581
153 1440
1257 406
1435 346
736 340
542 787
726 211
1082 1328
1272 521
412 1400
476 910
1344 530
658 786
1020 1096
1320 1435
1190 713
93 515
495 1112
716 84
39 5
1367 571
573 182
321 53
1308 575
212 1149
832 826
913 843
1258 388
1086 347
998 1102
349 20
550 1073
657 1143
1085 111
1269 98
474 1266
40 1124
685 661
1375 536
831 91
977 27
289 562
584 821
665 447
1322 255
457 817
1259 291
1320 605
931 558
621 543
863 307
1164 1362
880 1028
1124 1409
821 412
1231 88
257 418
1007 596
1337 248
197 403
943 1461
476 1303
750 1395
792 1312
584 330
331 1268
102 568
1002 344
375 714
1333 1124
400 324
1112 1358
1081 1075
1074 375
1289 738
1439 653
302 1020
531 920
1098 982
1363 1254
301 1265
68 791
262 89
929 801
385 1445
666 59
303 319
1439 6
905 1368
1211 1380
414 600
1134 319
1365 699
1092 468
1236 1422
612 1109
289 1068
1455 1327
794 169
1393 231
1059 9
718 1230
163 626
1091 23
710 181
348 1190
1153 596
392 203
1108 163
163 203
322 816
184 389
189 1309
420 749
1329 184
454 1022
445 154
191 1125
354 1022
1126 504
1309 928
506 1397
1209 55
1090 895
376 652
1351 1391
1302 465
165 1446
251 1375
598 1070
490 1321
1086 708
979 442
1233 183
1429 108
1 1207
941 963
1403 6
167 773
1254 27
420 1254
1168 511
359 560
358 437
379 1344
1308 286
1277 68
115 1182
214 956
1096 409
990 1199
1405 1022
275 177
684 76
13 987
917 357
809 1404
64 835
235 1091
203 554
175 888
830 983
924 221
893 1061
130 1217
1426 667
316 1197
628 601
535 1024
429 597
1142 321
1460 249
357 378
1466 464
1102 703
1469 540
1205 1236
160 949
275 692
232 477
894 323
66 428
9 816
349 1228
104 1015
1316 1428
635 373
1389 1107
211 1008
337 1111
930 730
970 766
615 1428
754 1245
1442 246
453 326
131 1148
25 446
628 256
1235 410
9 1377
897 440
596 1169
1211 1124
1048 1087
1376 885
1035 403
96 1211
768 1263
208 838
128 1341
36 1291
1357 1204
77 1335
403 517
1121 736
841 1255
148 876
1457 696
1451 908
843 573
472 1407
1353 1361
1141 498
574 452
861 1002
915 1016
7 140
461 36
21 1150
448 318
838 122
1055 39
661 193
481 1301
688 1184
876 229
167 1152
1141 705
834 761
760 1376
1209 929
108 854
320 1065
1020 1457
1005 72
1314 268
546 1428
372 201
304 683
1438 791
1223 834
1132 888
56 394
414 594
1273 995
584 1069
274 329
758 1378
1105 293
1089 1352
1062 50
935 6
