8249
1763 6802
321 8207
2478 2090
6677 4200
7802 6662
702 6585
8095 1527
5107 1794
4145 3478
4682 352
5487 650
7623 4329
1415 3186
4642 6578
415 485
289 197
5636 4660
1738 5318
1869 4161
7132 3020
7781 6386
1576 138
3747 4292
5246 1483
2523 2457
2770 827
7909 3658
3457 6085
1948 3544
7478 6538
2791 7898
515 5566
610 4900
6024 5352
6624 560
7733 5778
784 2081
3256 4636
4855 5516
221 7284
6990 152
7419 7179
2023 4009
3465 7458
6348 7720
540 4616
1037 4298
391 7564
3903 5493
6715 5259
4081 5567
79 2557
7963 372
7255 7238
2011 3467
3312 6497
7843 3793
6476 7494
140 1239
7609 3786
3157 5404
505 6830
6753 5395
6126 32
4907 3219
6065 7346
3306 3575
2384 146
5671 5229
321 8237
2584 3873
3172 5033
5319 1296
3736 829
1370 2778
1082 7005
3242 7499
7509 4245
3998 5944
7388 3510
788 437
5725 4767
8122 4445
7061 3173
7312 6646
2809 6965
2268 2251
4511 1721
4389 4976
6009 2751
7460 6287
4848 5920
4188 8036
6369 6692
1972 7822
4371 2390
7121 5679
2779 3904
7128 5168
6510 7444
54 7629
869 4911
335 4729
5528 6371
4079 3060
5165 382
74 3441
6308 633
4186 8136
7512 7219
4033 1316
5731 6845
6205 3701
5982 5768
627 2378
1704 705
76 3811
394 6273
5978 2035
5622 3321
3009 2303
6233 2075
4936 6294
5017 6189
6186 2476
921 2046
7589 5296
3682 5810
4464 6383
3130 4886
5506 2472
3431 3039
1778 3090
6230 167
6792 254
5314 565
5338 189
3079 5174
1207 1761
7068 8118
1355 7949
4997 1489
6388 3067
911 5331
6899 4877
6796 4676
6704 3927
4715 5898
304 6568
5983 6497
2278 7188
4920 6375
7198 8089
790 4031
1953 7350
321 631
3434 4772
3394 1469
2362 4157
252 5878
644 109
3286 7728
7896 7757
2195 5134
3917 5393
6396 5822
1738 7111
570 5722
6169 4018
3400 3233
7455 2417
5286 7276
5799 3472
4350 3141
7455 3161
8033 7685
2078 7906
235 4710
7317 3371
365 594
2367 4134
1283 3375
3616 5597
5852 7957
1635 7978
4676 7655
6596 6167
7828 2631
774 11
5409 7296
1121 4280
6182 6048
5197 398
2924 6802
4872 1570
3246 5265
3013 3856
2739 1388
2584 3145
1514 922
2211 2051
5729 6540
6811 215
3937 5750
5051 551
4934 7452
6278 1790
2140 5793
2347 7112
699 7552
1665 2151
4087 6154
125 4944
3991 5186
3129 3049
2548 5465
1917 3483
6898 5576
6521 7386
7066 7493
4005 1558
1753 3699
1670 1957
4140 8162
1767 4384
577 4391
7566 1761
5240 3904
6098 2509
8161 2748
1830 1801
6497 5436
7785 7297
3876 2425
3714 1309
6552 7797
455 1276
1860 4323
6902 4228
4779 2938
5420 488
5237 4813
3398 6008
6351 1897
4429 4846
6145 2447
2036 7599
5539 4068
5240 5755
4672 1347
5184 6419
7699 5404
2800 940
1777 7097
2664 7401
900 7582
938 4100
7597 4145
5112 2886
3792 2093
4839 6174
7153 1187
2837 2473
7317 2384
1082 7145
6693 5127
3335 4834
2650 3713
3058 5200
629 6526
4117 2053
5583 4117
8105 2152
7125 6766
7710 1080
6953 7481
5057 6684
2177 8222
362 7047
7580 4295
2434 502
4554 8028
1083 5879
5472 5261
4721 183
3047 4053
3705 6448
967 2832
3581 5007
7838 4177
906 322
4713 7744
6583 7638
6793 2602
7987 3571
4321 3495
3785 5383
4082 2986
5774 6103
6804 2368
6832 7753
5430 4615
2429 3646
674 7442
3747 6827
5170 103
2481 663
6808 2301
6084 169
1117 6998
2762 3495
5114 2151
735 5706
649 3334
8059 5742
4338 6317
3075 5226
3679 4990
2936 2271
8152 4277
2145 4231
1313 4836
3888 2596
1791 4538
4054 4480
2406 1808
6714 5258
5596 7385
2756 667
5895 17
2680 5280
8177 6252
5257 6574
6595 2644
3982 4807
6533 1559
5599 487
4010 3619
7812 6965
3278 5287
5195 1519
2621 2228
2961 3057
6661 3571
7882 6267
6956 8130
4679 3906
2749 4183
5287 7350
7069 7952
2100 6602
1560 2803
3214 8093
5147 1437
3817 7490
4418 7338
2771 655
7483 2909
1528 4081
6376 8181
2440 5104
763 5250
1484 3235
4427 3977
5427 4282
4337 5266
3208 1625
7591 4532
7361 7921
6750 6003
4065 3612
110 4914
7914 2025
524 4057
4837 1746
7827 1354
7016 4293
7098 4151
5593 3003
8206 4119
3274 3827
4362 4488
2177 3400
3818 4540
249 5609
33 4145
355 1610
8032 5617
5406 7957
7646 2775
3811 6974
5890 1529
3404 6947
8147 3704
835 4972
5017 5879
4092 1094
6020 2842
3176 680
7141 5879
602 1458
844 578
4077 5311
4331 6491
5593 2084
1155 1187
5391 5253
3947 1335
4697 2054
8225 7659
6049 3884
7954 3306
8181 6652
3865 4658
5741 380
733 4636
4889 7192
2923 765
6895 5089
7757 3490
5620 2160
3676 609
6463 267
6617 5460
5050 4149
6094 1837
5708 2203
6442 6204
5621 2242
5986 7940
5085 5410
2230 2984
4308 5334
939 4417
2659 7618
4683 3526
3057 544
5543 2896
124 3971
3122 2575
1748 4510
8076 5621
6276 1371
6924 4420
2232 4543
304 5395
7227 1125
3768 1708
2410 1562
5135 1266
1942 7532
2459 3908
1477 6069
5086 7919
5767 5601
3367 3272
6420 5280
5712 5865
7259 7769
1912 7911
5318 6056
6687 2887
5589 1
352 7421
4466 2229
6258 1092
7172 546
1785 4660
7085 3717
4147 4024
3881 6058
7928 990
8092 993
4970 5078
8142 3003
5920 1939
3771 1810
7603 7855
3765 37
3040 6046
3812 4261
7194 7345
7882 2944
4198 6430
832 6873
1000 3086
7859 418
556 7307
1996 5710
357 1353
1936 4339
6334 4932
6271 7525
3626 5555
3489 824
481 6935
7846 5137
5835 7923
2935 1939
1624 7794
1612 3955
913 160
354 321
3920 5627
5661 4538
5050 6083
7293 2404
5923 650
3858 807
1128 2813
329 3778
2826 3843
6082 5210
5846 8076
3378 6967
5112 8131
7851 6743
1893 1706
1451 7713
2811 4976
691 6445
5330 3336
3791 7139
1671 8074
5107 2479
6821 6764
1917 2561
7741 4961
6621 2561
2378 2280
4887 2704
2995 3923
5065 3004
2946 5380
3257 2996
2319 2725
8039 1120
5046 7351
1032 7136
1025 643
7524 87
6139 844
5752 656
1924 6761
4883 423
3517 2842
4043 7772
7342 4348
8092 1335
3432 3946
7427 2988
17 2448
5756 7576
426 4790
7686 7790
620 2353
1548 3391
2652 2492
2952 2656
1845 4088
7847 4339
299 113
4000 4855
6829 5533
793 3867
435 1633
4507 960
8234 6905
742 1148
1871 4424
4125 6632
2314 3627
3319 2100
7039 5563
2129 4183
1759 6154
252 5970
2615 5282
2430 3512
5479 3227
6116 3016
5563 3746
6650 3773
783 6278
622 2704
1064 4346
2902 2339
4420 736
7543 288
2934 2992
1225 3655
6101 7616
3212 1663
4156 3288
4994 5931
4624 3297
6926 7156
6776 8162
4482 4580
4459 1241
6794 2268
7940 2818
545 2529
8027 2943
6516 7725
3822 2920
4739 5938
959 1093
8184 1281
7222 2442
5606 2143
7904 4030
5480 8085
8188 6051
3906 1006
5536 3540
6463 7549
5538 2102
6791 8045
6452 437
1831 913
1265 5015
3634 2363
4108 1959
5198 3110
459 642
3542 3312
217 6312
2665 7264
6167 7469
3690 7194
6205 4073
5532 222
7721 3770
672 7780
3851 719
357 5942
54 7385
8028 6104
4094 4481
7749 7895
7140 2074
3540 1478
2785 1687
7117 3273
1169 2369
764 6163
6806 2268
6984 1363
5479 1164
3111 2122
4342 6666
7990 3672
7995 3132
1431 1173
7017 5472
4159 5364
4422 5514
5170 2910
4011 101
3249 2506
6350 5221
582 6210
739 3238
322 4664
6726 7019
4062 4866
1699 3372
3210 426
984 2974
1490 3627
6997 5068
5240 1921
1391 5618
1464 3682
3702 2272
4274 7697
6298 3301
7106 531
6950 5007
7484 1496
3951 5869
376 2070
6011 3963
1925 4251
1480 1942
2848 5868
4025 1065
1625 2937
2846 8165
5704 1693
2890 2009
2574 4499
5247 7786
6733 2546
3083 1917
8196 5567
6790 7398
646 6581
3681 6434
2257 3027
4834 7735
5036 664
7540 4803
1582 2114
3014 1315
6413 7040
2637 3107
1389 5898
327 5200
6304 6492
4576 2048
3692 2763
143 6746
3763 7023
3469 1138
2961 893
7890 7195
6488 5685
739 4355
3307 4515
7259 1281
267 2341
5269 6476
5686 4085
5318 71
3190 4865
103 937
5039 3975
361 7197
7163 4242
1149 1043
139 7723
1745 4167
6618 7790
5305 5377
2410 3635
2808 6440
2647 1528
5469 224
3221 1934
5856 1035
5035 5174
1686 4156
6480 3648
4212 7459
1954 2249
7235 6665
7225 1825
3216 6925
812 5506
4129 5069
8108 2576
2706 2979
6786 1918
4974 4639
6395 5433
2608 1363
2585 946
7266 6588
3318 7527
1008 2474
7170 6147
1967 6682
2753 2729
3254 3396
202 4636
2431 1403
2515 7843
3971 7385
7410 1079
3759 4233
5854 1657
7410 1969
5334 8063
1933 279
4771 7247
1535 2982
5655 167
6677 514
522 3527
1235 3207
6534 6817
2337 2845
7018 1972
5136 4995
4063 5626
6030 7874
4032 3946
3443 6408
5087 2244
5196 5895
1842 5334
5631 4226
6490 8077
3021 2578
6206 6881
3259 6880
6169 4605
1442 7341
4928 4469
437 1989
4178 3824
6216 86
6603 1346
6308 1393
5039 5766
3925 2777
7985 1744
5797 4629
1497 6158
5751 5488
1536 5185
6481 5496
6549 7451
3239 2816
4534 8026
7777 7608
4154 3397
4910 1041
4139 7431
6046 8008
2061 2788
3787 5474
5672 6768
5389 4591
5310 6377
7647 6020
136 2831
6354 5303
7318 5828
3479 5347
8241 7043
300 5518
952 2571
5771 2232
5185 4154
6272 3164
7122 5712
6693 2191
6089 671
5445 2820
1357 374
7504 737
4932 81
6572 5695
1536 7169
8158 2713
8104 131
607 2713
2399 4555
7924 96
176 2765
6708 589
7373 3085
5735 8097
2900 2918
4535 469
7092 4049
925 6329
4282 3150
1122 4929
7459 6775
7648 1720
970 442
4120 3183
5182 342
674 6626
2313 2764
2232 6799
7503 819
1368 2867
1001 8010
3157 8107
2050 2352
1421 1425
721 6858
5257 678
1369 5697
2668 3497
7606 252
3665 438
3411 2687
825 7159
693 2507
2740 4172
1001 3358
4233 5748
4610 989
1017 4938
8113 6450
1855 2152
7532 8242
2184 6661
800 7422
5088 4091
5500 1830
2314 2218
1519 6850
7189 3247
1427 2137
5627 3115
2450 5327
7164 5358
3519 358
5215 3825
6499 4129
4425 7915
207 427
2566 2597
6304 5301
2165 3725
2645 1557
916 6116
6883 6872
6009 2730
4087 6878
3141 3946
4443 6480
2472 7065
4432 6286
7486 2038
5203 3465
7092 4778
5126 7169
6017 1602
4181 3245
7951 3036
7277 7463
5238 5045
1299 103
1342 6485
7876 1143
7072 3715
1998 3526
5277 6838
634 5819
713 763
2094 3151
5109 2874
1651 68
1888 1811
450 200
8180 4106
5610 8024
7966 4754
2462 7342
6891 63
6310 5752
2424 1499
2774 4789
1706 1701
1278 3227
1949 4821
6528 4878
1339 3855
7644 4883
709 1214
4364 4566
4006 2925
7406 2708
4021 2959
2018 4952
2786 3538
3669 5200
481 6193
3448 609
5552 4844
2189 2266
6678 2949
2043 6851
1799 1758
7282 1718
7353 6261
4124 5870
5770 622
3124 3928
6561 8218
934 6838
5672 4959
1137 7416
6886 2094
80 3716
3127 7846
3700 3689
7910 3416
5767 5260
3258 7216
5777 1542
7049 617
1532 5248
7607 4429
4624 2194
7254 7980
7061 7211
5953 2355
3257 2033
2918 7761
7688 2514
471 5184
2402 406
5552 7052
4708 1348
145 2714
7259 2506
885 1139
3581 1917
4755 6779
5351 5942
760 3472
7113 5022
3356 2046
4342 4377
7587 6466
1991 1604
7928 7008
7317 6070
966 6723
1239 6664
7948 2982
5331 7485
1043 7350
6978 3364
6950 2020
5891 1169
5373 1229
940 1507
392 3201
3323 7792
3251 7612
2797 8011
1670 4212
7066 7798
1097 4118
5722 4473
8198 815
5096 1040
1104 7792
5930 1689
3688 6378
1505 29
1859 2639
5309 90
1146 5396
1036 2956
3407 6127
1559 4666
4775 5373
7160 6063
1584 2851
5101 214
7761 5915
263 6810
4217 3558
3779 2069
443 4006
7965 5984
1826 1901
6133 4205
7172 6927
156 6621
1858 7376
6605 1341
7907 6088
3226 4859
822 6734
4997 966
4295 5000
4303 6435
8206 3873
1274 6187
3576 4090
7272 2642
2272 3749
7182 4815
5840 851
688 7
4184 7860
6052 1834
5028 8188
4452 900
3117 2078
1304 6106
5414 1057
3962 2290
7546 195
6979 7488
6814 1674
2142 8212
4319 6101
6950 6668
1629 3282
2504 5625
4327 2530
178 839
2699 437
2565 1177
7467 5865
670 3093
2325 7899
8147 6339
5000 6958
641 4246
5773 7054
210 4429
3476 193
257 7566
4585 5281
3424 5220
2614 2513
2865 1863
7661 84
2887 4470
2907 1912
3144 925
290 7740
6496 6836
3408 6215
2074 622
1672 6005
986 2849
2468 6695
5267 346
7189 6641
5167 6586
5593 3430
593 8082
4979 2848
279 4900
1077 4328
1275 6201
8005 1351
3299 7728
1762 7291
1512 3033
4571 592
4373 6131
6432 826
7944 1812
5784 228
6520 4270
806 2058
3748 4089
4028 1409
4408 1845
5465 5688
3165 3347
830 2287
1974 590
5443 7246
4674 4380
3505 6485
8198 5331
5463 6998
4771 7278
6515 2690
6291 5885
2208 4946
4349 3050
2350 6474
3642 6884
6978 4107
5838 6800
3290 6077
6026 4547
903 7538
5615 1031
5908 2477
6363 8135
243 5903
5411 1584
5239 2776
4606 102
8012 4358
2428 197
3936 9
1980 1391
3492 1343
1860 7472
5590 1514
2324 4446
8087 7379
3689 6812
3842 6309
1133 4041
4996 347
84 3811
4633 6105
2710 4974
1544 4652
3385 1917
1423 5281
2239 1059
2710 7812
5552 7306
1769 4382
508 2669
5912 1661
8078 1507
3005 7923
2153 1254
4431 648
1370 3872
1219 6871
2326 4064
7748 767
1162 3778
1895 778
1399 5520
4118 435
8135 4492
2805 4310
3378 8039
1093 3499
2052 1796
5892 7948
6799 2468
6525 3363
5341 1153
4299 7379
881 5532
84 4707
5205 2794
963 6280
4251 2591
56 3934
265 5841
1778 1993
791 3150
2374 7758
5244 4185
6498 4167
6697 1296
7030 6185
1341 4509
724 994
1903 7285
4015 11
3835 123
5689 2646
7262 73
6443 3630
7868 546
7749 7141
7544 6331
2954 6667
4041 4907
5708 519
1944 902
5357 4351
5165 2845
2904 7239
5067 278
2679 5210
2821 4308
4431 2575
5318 5334
2549 1427
6717 5981
5410 861
1370 42
1292 6349
5819 2934
5607 3954
6359 2854
1301 4705
684 1756
7077 2863
7692 1252
6 6889
5399 7531
2954 4181
3377 955
7206 3217
2961 3402
547 1022
1819 1631
5317 2481
2161 7230
6437 1286
167 6162
8249 617
5194 1805
1387 3085
7058 4997
710 7999
4785 1228
1566 3085
2710 2393
687 2520
5278 6900
4569 1191
5464 1559
5232 317
3908 186
107 7312
4903 3459
2822 3841
3149 3129
6451 5211
1519 6815
6926 3560
2617 4743
3561 6449
1988 3398
6779 4871
5404 4924
2684 5754
2464 3423
3266 2901
3028 1364
8246 6137
1058 6431
6363 5510
3738 5171
7947 5724
226 4693
6314 2132
102 4759
6047 1975
3278 4860
6933 3242
1842 288
7818 799
6580 7296
2886 4583
7357 2174
78 3607
2198 7356
2687 6249
2401 3893
7161 1494
2372 437
5903 2471
7457 3859
445 5671
7873 2883
2693 366
3003 1909
5961 5857
5906 3937
6733 2064
6952 3228
2610 7862
7495 7278
6033 601
1703 4726
432 2091
5714 7767
4800 8070
3892 4837
2606 4663
3789 4525
5969 5776
4379 5056
5206 4100
4173 1388
243 613
4839 3374
3296 1240
6669 1335
837 5006
3501 3509
5048 298
2878 5397
860 3916
5844 4464
4145 6658
3755 4536
79 2609
2609 3682
5402 8105
7684 3558
6612 7249
4361 81
6680 6900
6055 8028
5473 6095
45 4209
5056 7223
3032 1246
6998 5300
5328 2461
1134 604
587 3103
8178 4288
6083 1086
2665 5759
2715 4482
1109 207
6726 7127
4305 7341
7673 4190
391 5571
5632 2164
4309 2364
3706 3689
7975 4338
7654 948
2661 3487
2975 6366
1908 2522
1072 5942
2126 2250
5889 5187
1016 1767
3297 6915
1589 247
342 6320
2454 5390
3198 3904
7967 2239
5786 4692
3788 4455
7793 3564
3270 5344
6452 3450
4505 4625
5257 2243
236 5729
4878 1791
2341 474
6463 987
3976 2493
7170 5993
4370 7838
3739 4564
5453 517
206 4329
6508 8135
4630 3672
7582 240
4196 7444
6621 751
7671 2608
7667 8134
337 6009
4434 3961
423 3455
1787 3037
4396 4045
1413 429
1612 1713
3522 2362
4807 765
968 7056
4574 793
3308 3629
7611 4348
3785 8069
477 1418
1828 1456
6182 5517
6702 7532
255 7602
4750 7630
5424 2727
1313 4615
6713 2677
3083 3650
5068 7568
8206 8231
3064 8114
6080 3489
6198 2244
6326 2066
4359 1062
554 5404
6669 5049
2903 2619
4521 4690
5471 2458
2253 1928
3866 5428
5077 1377
4104 993
1699 608
669 4653
6532 2165
3294 3224
3061 3998
7152 3282
3218 5378
3935 103
4278 5997
1866 7921
4408 1201
6802 5309
5889 6021
8037 2195
4752 3335
997 1649
46 1372
505 2510
5935 4641
542 4968
7948 8092
4287 8228
813 3793
7774 44
1892 763
745 3622
2754 7527
8093 2518
940 5896
3388 638
6453 4799
7359 7260
3535 6196
4278 7314
3333 27
5604 4632
5159 3963
5900 5004
1527 7196
5030 2484
3628 3233
4548 3838
4976 1154
3526 6307
1988 1477
5469 2074
4562 6037
247 5034
3005 5162
2606 7381
1411 2737
1581 4240
6906 3704
7899 1147
7356 7287
6145 7394
308 7375
589 3821
7709 1388
3248 5376
573 3140
6385 3331
3607 1600
2733 3930
6219 2585
1810 2999
6641 5583
3370 288
7928 3346
3333 6105
7712 6312
3343 2638
6748 7356
4763 1602
670 6337
7133 7408
5537 7734
7389 651
1043 6197
7724 1737
8249 4398
116 7962
7141 1518
8095 3633
4161 107
4342 5795
5876 2523
3473 1242
2868 5310
1307 6219
5405 7274
7630 6358
6295 1566
7414 1100
1773 3031
231 1328
3400 7823
2050 1917
4696 1986
7283 1935
1509 6009
2379 3012
5616 5663
7984 896
4978 7595
5628 5702
3587 1822
3443 5566
4587 1426
959 7821
425 5335
4893 1519
7618 3169
4121 4534
7889 619
7328 2307
7208 6560
2263 4421
5441 2119
7986 1451
1593 7350
1426 7312
5427 3529
3059 7796
6793 765
416 5830
6298 5723
7582 6375
4765 1312
1040 7228
1928 195
2582 4100
3302 5758
3812 334
1761 7063
3720 4821
4547 8019
6484 7861
1516 1443
4834 7526
1674 6800
5371 4902
5089 5885
6626 3564
7365 2756
8202 3196
3564 5796
6480 4357
5647 7163
1284 6347
917 2471
8126 6875
7276 5453
7466 2708
7756 7927
4535 3647
3889 6089
629 2574
2599 6200
3830 5916
6499 1186
5458 2224
1388 7892
5220 4115
3202 8217
1248 4072
2218 1163
5560 3562
3032 5520
8219 7508
6960 8126
1763 4826
4489 3583
5741 4534
1563 6900
1933 3511
3258 1539
6955 5208
2799 7658
6300 7144
2637 632
1123 2589
5138 2667
3888 4263
4241 1013
5272 391
5583 7889
6947 1038
1920 7052
4673 7875
6978 2226
5616 2013
7600 2567
4862 2294
3250 2646
3772 3518
1437 7784
2730 5051
629 1956
669 4543
6013 6209
6542 1376
2508 6926
5509 804
7209 3533
1538 2475
2067 6409
4319 5986
1558 3519
5400 4764
2060 4859
3597 5710
1786 5116
6985 5712
6161 5235
532 4984
6532 3985
2458 6976
208 8233
5773 8033
7295 5537
4510 3962
3980 5876
7337 2538
4328 4659
6106 2093
8152 5921
8245 7038
2287 3199
1393 1651
7243 5920
3241 6943
2773 7453
7628 8
910 7442
8219 6971
7325 3497
2228 7088
2021 2389
3991 7125
2941 7130
7021 2159
6935 4437
1451 3922
5876 5836
944 5805
3225 2489
5113 4167
1893 4586
235 35
473 3085
4992 7402
3666 7749
4010 7731
7256 4474
7384 4083
6258 766
1078 5942
3178 4331
5621 3865
6368 5429
2401 7110
1602 6922
6215 1513
7079 6970
40 2954
1713 1184
887 7892
890 2411
4016 5575
246 6351
7879 4541
141 5110
363 6716
7783 6976
3396 2027
5078 6
13 1375
6453 4742
7005 8030
7431 5289
410 2932
3264 2545
4404 7693
6687 385
3236 6776
4749 3102
211 7270
5080 235
2035 3196
4341 4749
3943 5490
3351 4108
4794 4490
4933 249
2952 288
7444 5269
3025 721
4119 2671
5531 1626
3641 7462
2346 5456
1296 6802
2101 3690
7753 3351
696 418
2891 2049
8039 5888
2691 8235
6478 6875
7617 2263
5622 264
3845 2301
3437 5323
6681 5237
3623 439
2905 2073
4135 3509
5388 1398
5765 6393
927 4756
3170 5968
3021 163
1054 1602
2661 1982
2279 32
7006 7070
1866 7697
1218 6844
5869 3026
3415 7402
7036 4463
1495 6673
6816 2231
3822 1317
7187 7457
4885 4478
6340 7893
3410 247
7447 5240
4097 3330
4970 8149
940 5090
6106 1391
6229 4051
6106 7297
6524 7961
5037 2008
3654 842
414 1455
7389 7226
3290 614
4022 6530
3728 1958
6975 5998
2029 5925
6024 567
286 3471
5946 1914
829 288
446 5193
5540 423
1213 8039
5631 26
1938 2877
7467 674
5241 3307
7790 6262
6952 4287
3443 3048
8195 6595
5782 5078
1825 8037
216 2964
2631 1148
6106 7386
785 6556
4287 1066
1549 2629
3955 3213
260 4880
2425 4449
6173 1522
6335 1432
2866 4992
2123 5235
1064 1551
6866 811
1269 3401
5931 1396
5632 5963
5930 4259
4318 133
2851 4978
7764 7874
5705 2272
6792 2720
1639 177
37 2979
3312 5651
7374 856
6094 1935
2767 3048
5154 6349
3371 5946
7082 2092
4867 5739
6716 6732
6755 2654
6926 6890
402 4325
1792 1508
7280 3794
7334 5389
2755 2297
8043 6527
8034 2254
856 5281
3850 5248
2195 3961
118 6858
886 2570
5329 444
822 3548
2770 715
660 576
1100 7786
4460 1163
3572 5302
3164 1416
4817 7123
7792 3890
5791 801
1509 1650
7259 2578
3099 1788
6695 5966
727 200
810 3428
1093 3260
2707 2205
3488 7613
3780 5722
6119 5234
948 6236
5867 7681
3832 2602
1939 7292
6756 8220
4067 7979
3441 1407
6106 6358
765 527
6426 1627
3824 6711
6906 6829
362 4624
5621 2417
611 5510
5613 1782
6247 7796
4991 4876
6737 6252
1362 1812
2179 6741
1252 7134
7805 7740
6635 2131
2188 4769
6545 4293
505 2847
5002 214
2176 3097
3644 1534
2729 5369
6799 8050
6233 4621
5077 903
3162 2684
4451 3233
6374 1510
4340 4264
4900 4276
4282 4309
5751 3557
6227 5095
4282 4095
5355 3029
1794 2332
1223 2193
1073 5589
2581 7968
3325 3471
112 5909
6458 6974
1218 5691
786 7142
4714 3238
6908 4807
5635 5611
5478 4713
6653 2199
8087 4369
6788 1192
4644 2119
1706 4486
1980 4245
6770 855
3148 1401
8179 7787
4295 1071
1539 2552
4417 6357
2098 1502
5011 6460
4108 3772
3574 125
4839 3565
4800 545
3643 7918
3434 2167
6287 4489
4397 5163
6999 4183
4837 6355
7404 8027
6548 4352
1525 5862
7903 4907
7079 4254
630 2662
6109 7000
7647 2628
2752 1239
5160 1320
3983 4589
999 3862
1661 5708
2692 3298
5451 878
6810 4919
7850 6589
1060 1255
5106 3465
1286 2630
2626 4412
4513 339
7201 4517
6956 5773
622 6156
8039 6284
522 5250
4618 5569
5587 5432
4017 7115
4040 5175
2051 1222
3292 8176
5967 1094
7323 8029
5256 471
4099 3955
8128 3837
5854 7140
4572 2596
2486 7591
122 6957
6645 7500
5249 6648
5621 5246
5860 4978
4088 7632
1224 5718
4765 3882
5697 5358
6032 4325
3035 4310
6353 951
8008 6601
7929 1327
2410 3155
7591 635
4410 3578
2209 6118
5561 7224
823 1077
2126 6087
5676 7472
6157 1810
6382 7968
5694 4670
2683 6903
153 2154
2439 977
277 5557
3801 7115
1132 3869
7265 4928
636 6008
6831 6435
2676 1697
7953 5799
4190 55
8063 5380
6670 6107
848 2644
4269 2323
3101 4873
4209 5620
6527 3579
7086 283
1696 3963
5424 145
3043 6077
6493 2
2196 5054
7487 140
756 8227
2172 2561
1112 4979
1615 5418
1223 5829
3474 3133
7588 1084
3566 7920
383 4127
2921 2808
8090 5847
7367 4920
2230 4117
7826 4474
5307 5005
7001 6357
1586 3269
8114 363
2850 6941
3806 6235
5645 1880
1400 564
3302 5199
3692 4976
1691 6134
916 3607
8134 367
668 6421
5993 198
2093 2030
4403 3796
477 8182
6179 4212
3009 4238
4878 3522
4785 4080
6441 2497
2418 1430
7389 2045
3671 890
2258 7921
7446 4827
4155 1996
7688 2652
790 4577
2293 1444
6650 1047
773 4043
5353 6254
8205 3351
2348 6512
2409 4651
2819 369
3504 5281
4188 2096
4636 452
4539 662
153 3662
4419 3636
4314 8016
3790 5519
4931 7151
5903 6007
7104 5919
5625 4004
1777 1250
4093 7909
1150 5816
5439 4892
2671 7377
1963 3101
6055 1037
2856 5029
4057 6224
2232 107
8127 4264
1412 929
5639 6202
910 1658
4703 734
5180 3525
3214 7018
4887 5532
6774 7029
674 5636
5631 7918
7312 7362
5762 4257
1107 3403
8010 5051
7689 3969
486 3604
7263 2032
7811 4988
591 3432
7560 3207
5 1221
5808 4055
7089 7350
5891 4292
4085 5412
428 7719
3414 494
3304 6030
3404 4375
2463 3449
2770 5657
4711 5795
7321 7008
6960 6257
2954 790
1640 4869
7573 3730
5349 7903
6517 189
839 4845
1049 6297
2840 2769
7630 2432
4380 2214
738 3997
5451 4365
4853 5827
7329 3022
1372 2906
4566 5583
2306 5061
4807 3353
7983 4037
1094 150
5046 4831
3090 3645
199 4905
2041 5102
324 3051
780 7885
3573 1637
767 99
4592 4867
3316 2764
3328 4543
2232 753
816 2684
8206 4543
4950 4253
3194 8092
6399 5319
2408 1323
4869 4832
1994 7031
134 6368
7614 5585
7146 5175
6554 6132
7539 1096
1067 6039
5120 1131
2795 5498
1630 7762
4805 884
2022 205
6521 4697
6809 457
1406 3522
3753 1940
7272 1481
8173 7483
7747 1356
1347 6378
6731 6410
888 1849
4606 4887
6972 6767
5333 7819
3011 7891
396 6509
102 6076
6215 5423
4233 838
5755 1476
6946 6707
6394 5881
3091 4807
5745 811
500 8062
6558 5319
2063 4580
280 6390
7297 5693
4901 464
4111 15
2236 2971
3857 1022
6797 3673
4427 4825
6179 7378
755 2991
6192 737
1773 8017
2001 3183
904 1773
2640 7794
3305 5342
6729 3180
3532 4877
936 7590
932 531
7048 1157
7846 7789
3475 2026
5989 7229
5611 7138
207 5628
5072 7395
8091 4234
4011 2544
8159 609
4890 5821
4455 4359
6415 6156
1127 745
3085 7445
5474 1584
5574 5735
2763 2922
5756 8236
6972 2234
4345 5633
4643 5857
7290 3883
6050 3998
7467 1955
1444 164
5096 2526
2616 2520
4893 5848
1116 4792
1153 8092
248 1519
92 6568
1163 6473
8206 3644
1626 2955
4100 3409
2923 5452
5154 2731
5652 6986
7764 7319
789 1110
3323 6265
6852 2495
4348 3642
798 3940
609 1802
6841 3193
4213 3551
1331 2340
5332 3946
4634 4318
5110 1016
7317 5280
914 189
1640 6074
6897 1151
3846 7018
6928 6022
5770 2070
1277 4904
4012 5613
7366 2952
5313 6878
3905 3595
3936 3970
5478 478
1109 6740
4311 5913
991 5384
5750 4482
5461 5000
2357 4491
2222 1989
5353 5733
2305 1392
4245 4442
2732 727
7231 7273
2485 4012
94 1026
7440 753
7385 626
3037 5999
3876 4266
4571 3740
1036 2703
3898 2649
2597 4962
4741 1830
1589 7454
6462 3851
4665 305
6278 1910
2258 7411
1750 3931
3995 5628
7022 7955
85 8220
1133 1749
2880 356
6638 3564
2627 6178
3753 7898
876 3831
7214 6210
6562 7121
5587 1655
1051 2825
4342 8090
6411 7070
4668 6944
6501 7534
7986 1493
7475 6097
3345 3439
6554 7339
5413 1843
3801 7899
6514 4980
3307 3137
1223 1220
2400 5950
1556 98
7836 3398
5323 3906
4265 5520
1232 8044
5301 7911
2939 2153
2239 3691
2897 6945
4775 4770
6312 1095
4243 2724
8013 2149
3793 3621
3391 4685
1784 3586
2966 8241
7729 7445
6148 6821
5606 6342
2649 3924
4196 5499
1751 1840
4316 4714
3537 6661
3478 7983
3360 1855
3975 3282
7715 1559
7658 4464
1244 4252
6749 2015
5207 5785
7921 4767
223 175
7392 4309
3616 964
1824 5262
4954 3335
7872 5891
4779 6713
7262 789
5060 2402
5324 509
2018 5781
2138 2946
7680 48
6023 3024
6637 2724
3209 870
4161 1302
1690 2098
1556 6553
241 5902
1114 5706
3871 3253
2684 5914
5737 3400
57 993
6576 757
5320 6797
3158 7087
4164 1656
3020 7606
7092 2030
5232 3080
490 7417
3413 4039
2649 2280
3458 7515
3876 3904
7084 4828
5607 54
6020 998
2834 1181
7089 7042
2161 255
3698 776
7330 5181
4704 6329
1211 2178
837 1269
2924 4971
4675 2232
5622 5965
3429 8161
6023 3669
7765 6967
2496 5311
322 747
7214 4644
1153 4745
6371 5391
2344 47
3991 5886
1298 3904
6778 6181
788 4496
1257 220
5952 4189
4812 7276
2911 6371
336 8161
7343 1577
4483 5764
1722 7876
5171 7790
235 6919
5925 5632
8143 1391
7350 1148
3077 1994
4894 3430
1397 4995
7857 5859
2034 7635
674 5225
4850 7259
4526 1822
6715 2174
1226 3605
1861 4823
2999 3631
2424 808
7322 5856
2077 5540
1420 5869
5002 7522
1132 4748
5898 1477
2767 4220
7979 6862
3629 4162
1058 2304
2264 7986
3969 5781
128 1841
7219 1744
5125 6027
6061 2682
3080 2505
3439 5986
1392 2534
4232 8067
6989 1527
3864 2221
1350 3536
1974 6423
7380 6745
5465 2927
8084 1102
7876 5731
2275 4984
7109 5207
4046 3003
4817 2913
5076 1912
945 6479
4802 2133
7900 5596
7428 2167
5680 3396
6992 4056
6001 6607
249 5207
414 4459
332 3549
1142 4280
4600 3141
5706 5633
6519 3227
6895 5523
5019 6323
6545 4151
4495 7169
4118 4085
1220 5603
6572 7356
3994 6634
6764 4485
5286 890
240 4983
7502 1867
1503 2162
3983 1992
6245 5465
3935 7125
3185 6647
5872 4985
4226 2643
5070 5915
2156 5868
4703 2482
5606 3594
4598 2084
172 4165
7778 8063
2561 7391
1360 1694
2260 3200
2607 7448
7089 8155
5847 7996
5125 7287
4359 7368
4810 5256
4957 3950
2486 4901
2428 7533
2084 1828
940 4996
462 5325
4681 617
6918 1419
5061 3581
308 5448
3445 1280
1234 769
6316 2110
3415 5264
187 363
3971 7815
844 1460
3588 3379
3503 212
1114 3233
2359 1280
2107 3344
2712 4083
5959 1575
567 5985
2278 6068
7856 4800
2031 5392
1040 1564
1380 5309
2587 5884
1304 65
4362 647
6093 2777
4288 6491
1172 3785
2414 177
7050 2210
7034 1013
7675 3234
4954 1632
951 803
7213 3692
473 3682
4698 5952
4534 3241
8069 1641
1210 6444
5219 6715
147 3194
3721 2182
1153 6355
7176 4220
6415 170
3651 296
5227 4623
7611 6251
6472 488
4531 2432
1132 3543
975 7
7668 5481
4678 2004
3684 930
5547 4331
7281 2688
6070 2839
5193 77
6467 2918
4432 6485
6380 3705
3140 4947
5263 7511
2760 722
3126 3754
3005 3355
656 2817
6686 5548
6239 4161
7076 3401
363 4510
7912 2810
4232 3585
5078 3262
4343 592
6992 5439
7910 2480
6031 7528
3703 2097
4468 1325
3079 3317
3239 7151
5732 5742
540 7441
4300 6997
7994 4821
1173 728
4757 4290
1466 7979
4420 8023
128 690
5789 427
7239 49
4306 4670
1945 913
4383 7129
185 4877
8075 304
4931 6469
772 7727
4319 8126
8097 6057
3514 5168
822 4493
6256 2555
1477 1106
7652 5495
6206 7084
2109 8216
7810 677
3524 2398
7394 5514
6710 1175
747 2252
6815 3121
7471 5706
2470 2747
535 2688
2649 488
7278 1640
155 942
6370 4761
776 1105
6376 7728
3996 6782
975 6702
5947 3708
6592 2784
3687 3749
300 1069
7545 743
6543 6350
896 7795
6638 7783
1662 7175
1462 6773
2991 6889
974 993
115 1802
6378 1736
4862 7917
5540 3285
4786 169
1777 3831
3738 2662
1596 8212
6712 6821
1519 2835
2757 83
5736 7666
4876 3163
2468 957
7817 3091
7457 6728
2951 701
7422 26
1742 2912
6205 2065
1294 36
1076 1323
645 6807
7600 2044
3687 2097
7451 6024
2905 6844
5510 5614
2550 6834
593 364
302 883
188 6819
2291 2284
5583 1237
971 2438
1020 5989
54 3795
2811 2661
7309 5958
536 5662
3928 809
5816 6750
3636 2067
3239 2668
3793 6854
3536 386
4841 7174
4978 8052
3103 7991
4378 2849
6259 6128
3195 2863
3626 5589
1268 3911
3875 527
868 3167
1027 3331
3095 7036
2361 1967
8112 4508
5552 3275
6033 1509
5273 5490
3395 1501
4347 3105
5869 5511
5908 4498
7455 67
6966 5706
6940 2287
6336 780
6330 3667
7887 2771
2021 3106
5146 6738
7991 4503
316 5578
3455 4868
1001 7909
8143 7601
5344 174
5618 4600
565 7714
1153 1114
8086 1950
6904 1937
7397 7894
737 4232
7010 1864
4574 6909
7506 3039
288 6020
4887 4899
7577 5908
4292 1156
4819 4089
5179 1297
3534 1026
2824 1805
850 3456
804 3422
5570 2186
5528 3622
6447 6992
1460 333
6324 3717
2037 6056
7080 8014
5735 307
6015 5011
7273 3981
1364 8118
6952 7002
5020 2406
1 4841
6375 5346
8140 5790
7482 4545
5543 5311
3211 5567
6714 6321
3103 7073
6311 1859
387 190
2118 3452
6325 3572
8248 2995
4215 259
6685 6936
685 5869
8220 3811
6551 4516
3305 547
7973 3131
2002 1939
311 6309
1905 1802
6698 109
1331 2658
3896 1498
3272 2886
5267 6052
7923 564
5427 4268
5717 6546
4932 7887
12 158
7766 5604
7758 219
5757 2138
2865 7618
1960 4400
6649 5283
6023 1058
715 5287
7720 3692
2861 1401
5668 397
6991 3975
558 1119
1671 8010
4400 3535
6208 2184
5638 2259
5604 1696
1225 2205
7942 1798
6692 4528
5350 5083
8157 251
840 4896
6 6050
6754 7691
2227 3681
1512 7740
690 7731
4182 2395
1321 3314
6386 1995
871 7313
8188 4510
3941 4816
6814 2541
4673 7687
432 6771
2617 7854
5817 1188
674 4807
6639 6020
8014 7554
2959 2255
5813 4684
236 3340
1855 63
2247 2177
2874 1935
3117 1685
1756 5225
7286 3367
6814 2113
3435 5339
7444 6085
1175 7618
4681 3570
5600 2225
5051 6544
971 1385
7159 6204
4277 7644
8021 3168
2959 5884
5530 4548
6172 6692
7175 3935
2542 5609
928 3081
6787 5319
124 7327
2998 6777
4140 520
4713 4098
1084 761
5529 7212
4261 4159
7251 1918
7727 950
3214 5787
2113 7484
6664 3070
2549 7066
1607 638
4460 4324
4220 711
7710 7740
5231 3571
2302 642
1861 2437
5538 4949
6020 3185
6341 3052
5592 5698
7015 5413
4800 3280
1676 326
358 5141
1051 5898
7109 2551
5869 7020
3344 1917
5560 7670
5818 2262
6043 6910
2243 5208
898 7965
76 4182
1900 7390
6823 8080
1148 2633
8033 6200
5200 5492
6428 1677
3278 3575
4883 1282
1013 2106
4874 4423
4897 5007
481 6691
4372 3691
3731 3930
2157 1218
21 916
5348 2442
6151 931
241 6426
3617 2612
1448 7075
6888 5649
2495 7931
8227 548
2746 7530
6840 2730
5206 5152
3290 6626
5903 2523
5692 1793
6357 5238
8159 2443
5870 4429
6576 5240
5711 4359
7594 4991
1395 3922
1806 1
7282 4582
7968 1114
438 4807
4795 1733
2987 4706
5634 7623
761 4107
761 5001
4616 4830
3956 2616
6633 7885
6001 7505
5155 5214
1889 2533
7057 7642
5735 3670
1895 3603
7800 6764
1285 5768
6418 310
7408 7198
5014 96
6060 7951
6259 3938
6951 3572
3248 5284
5823 3369
3837 1493
6531 7312
5785 5623
1262 5898
7075 7283
2280 1053
2096 2218
1149 8216
5385 7636
1710 2190
5568 6415
7965 80
6170 7862
2509 7557
3440 7948
2215 813
6703 2576
6799 5986
5129 2697
1521 7016
7313 4803
4042 5163
1910 7969
3350 5581
7413 8028
5139 6499
6516 2803
4964 7907
4415 371
6042 4140
4514 3992
6825 4292
3282 3831
3958 4288
2050 1530
4850 6423
3807 7198
5730 7202
5043 7578
8156 5525
8112 953
2632 3148
7507 3786
539 3395
2373 962
8157 6903
674 5709
1301 3185
4034 1512
2074 4201
3344 880
2356 5384
484 4982
3439 6661
103 274
375 2139
4143 2076
6110 2580
4302 8110
3604 7891
5871 766
4024 1178
3199 5832
1816 1148
2543 2932
3453 1543
1911 5387
423 3080
5163 4039
6834 5361
7479 4582
4938 4718
4183 4971
1717 6750
3488 1715
516 5214
6828 4359
5696 1725
3723 2293
7319 3287
2966 6866
940 7171
3319 2969
7614 7232
6063 3107
7308 1540
4019 7318
4929 1992
1404 4758
5383 4420
1426 2394
3652 2456
1902 5361
5381 6890
3554 4558
1345 929
1900 6969
2964 2169
1798 2759
3564 7026
2606 6896
4704 4101
6860 4626
6355 207
49 3420
4180 2280
5192 7288
3263 7714
2150 7513
4216 1612
1214 8131
3727 2272
284 5143
8208 7461
4898 3289
5572 2070
6420 2863
5088 1556
2744 4133
5690 881
1545 3674
1675 1694
1644 4241
6340 7596
3281 1935
970 3685
4222 533
1153 4582
5883 283
7240 1095
6967 2080
4284 202
3514 4939
4160 7885
6709 3756
2084 5252
7424 6739
3053 1107
5979 6297
4879 3499
5975 2268
3318 4278
3996 4500
1478 288
473 4781
4763 7853
4465 5862
6515 1527
7979 5667
5996 7346
4695 4273
2121 6593
5134 3829
7720 3916
6974 5626
5842 6700
4727 3673
3516 1189
5251 7770
2576 255
1786 924
85 3775
5994 2726
2952 2093
6073 5443
1308 6483
2531 2372
3015 6223
6789 327
4513 8010
6626 7627
4593 107
7740 2136
7268 1023
7300 6567
2843 5424
1881 7775
3620 2602
6950 2225
2413 3736
6877 242
8186 7033
4123 1550
6741 6679
7348 1114
669 7086
5322 2180
5938 2986
6045 5081
5586 4998
908 7105
7840 6988
1288 2833
7402 7640
236 8043
7089 1977
6045 425
4594 4113
8043 3504
6221 49
7048 4402
750 1066
5061 1336
3283 7885
4921 2415
3752 4673
6989 2250
6260 7837
7443 7825
4558 1002
5908 2084
2949 7534
933 3460
6159 2805
4977 1228
7149 2143
666 1276
7930 6371
2232 8102
5468 7949
5279 2335
3327 8032
5879 3737
6884 4142
4676 544
7726 8224
5675 8009
4764 5874
2698 3790
638 10
7434 7398
7379 6199
2911 6359
5715 2879
7569 3044
5727 2541
2770 6280
3971 7318
7935 7801
1610 7295
6773 409
1916 6762
923 7280
5056 5073
2780 1682
3910 1005
7419 4251
255 7918
6631 2890
6867 7451
3092 6366
2382 4746
3572 5199
2182 2097
1867 2801
487 2957
4765 4318
5389 1322
3539 2350
3909 89
7333 2743
421 2912
1167 676
7191 941
2349 2096
1870 579
2675 5231
7185 4732
4560 7157
488 1996
5519 2558
6374 1188
6237 5598
7195 5624
3292 7903
3693 3741
4713 3883
768 6134
6497 5756
1099 4735
5122 7481
4807 7478
3803 899
401 6987
7474 5198
1623 3057
2333 6010
3362 1002
4498 5151
7508 7046
2917 829
1015 2987
5497 7366
2468 1541
1876 4370
8092 4992
7610 288
4990 930
4818 3879
5053 1973
1710 6405
5426 2971
3823 3315
4623 2020
1831 3232
7374 2579
2205 1004
7746 1343
8122 8154
6689 7549
4840 6370
3927 7903
1160 3000
255 4992
1776 471
737 330
4353 2052
5102 3849
3477 1411
1130 5855
3428 1001
4228 4916
4866 195
186 7990
592 3646
6078 3937
2486 7423
4179 5711
7553 2335
5406 971
1646 6597
1198 4197
3595 3006
4426 59
6693 2067
4976 1010
7669 5976
2707 1844
3395 5480
1444 3639
5939 6249
4887 3175
2297 1481
6459 25
4907 6943
6095 5149
5677 550
7529 2577
6642 6685
4422 2792
3396 6724
5516 493
4775 7324
2614 1678
4976 1100
6984 5041
6213 7824
2725 2761
6905 1765
1968 1197
1708 3545
4963 7402
6615 1123
7829 1586
6205 108
1746 6410
7175 4371
6911 522
5379 7613
2155 4319
4530 3561
7657 5577
3083 6136
7950 4601
5425 4014
6516 287
950 1761
1450 437
3601 5646
1854 3256
2631 7139
4119 34
244 5973
2404 7331
5422 161
5585 1318
765 2373
1730 854
5583 6109
7086 3550
2519 1598
8010 3035
2256 2469
815 1724
7525 7777
7318 95
3091 584
5972 1592
7340 6714
3688 7150
2455 6875
1428 4327
5492 3102
3662 490
1220 1323
5760 8030
5027 7351
2370 5143
7498 5069
6588 8232
47 569
526 3404
2136 4745
7013 2881
7467 8243
4927 3783
3274 4441
398 1165
7018 2635
6149 4960
3646 7446
4356 7306
1114 5934
5188 6607
2426 5494
2135 892
7784 3894
2335 3772
496 1089
334 1861
1617 2813
3315 214
1276 7751
2485 8061
263 6346
185 1085
6411 3506
1230 4305
4647 545
1311 7236
1393 1849
2183 3396
325 4239
5294 5524
5522 6850
4152 2552
1935 507
5336 7990
1313 3291
7396 1753
2497 1862
1525 7390
1885 7379
5476 5389
1957 4794
498 5228
5669 8198
189 5965
2914 7433
4327 2236
4830 5825
2352 1625
4736 7772
8126 717
3065 5880
621 1653
1521 468
4203 448
5949 976
565 7999
4716 4668
872 1209
40 4977
4237 7447
273 7904
7083 3636
4992 6835
121 7551
362 3196
3258 7350
5133 5144
5646 765
2655 7892
4967 3253
7269 2178
5235 3104
4241 1422
5013 5750
2598 4995
5064 5839
2020 6622
3630 5408
6842 6497
2470 8061
6336 6879
2709 7066
738 1888
4292 5558
7871 2221
1382 5361
658 4627
5338 1000
5173 4858
5859 5053
466 3827
1430 3240
5074 175
3886 2561
2026 829
3339 807
3491 5277
3893 234
7957 1277
754 2264
3274 5255
4721 1943
712 6628
703 3465
1654 5711
2860 5620
4075 230
6224 8171
5024 6483
2216 2578
2927 2559
7643 531
5390 5414
3179 4582
3155 2935
4909 3460
2185 3738
5922 3772
2082 2704
5228 1531
7639 833
7988 4268
2348 2124
3281 6559
3062 5602
2083 816
3150 6219
1320 2836
4342 6439
5551 6108
7084 7346
411 7622
4472 829
1408 5988
694 7831
7394 6792
7451 6751
7858 5034
4939 7244
5713 7788
5440 7441
1168 5221
1974 5375
6833 8124
370 5362
1101 1372
6977 518
7296 7745
5512 6395
900 332
6846 7431
2276 3802
6485 6231
8037 1611
183 3220
4307 3814
625 6549
7311 1549
7597 5445
1748 2520
1216 1608
4624 2155
5807 2385
8161 5436
995 6023
8230 4669
3820 954
6906 3105
4756 4352
979 4226
1855 5097
1391 473
5952 6364
6949 4484
1671 297
3626 3174
1423 2453
1363 7343
6930 7549
5368 2863
7993 7373
2057 430
6101 8040
717 7112
8194 5431
6171 8023
5378 5882
7529 2945
2636 2095
5320 804
897 6000
4859 1922
2319 3107
5400 6541
8033 2827
707 3834
328 846
6689 1099
77 4520
5839 721
1613 2501
7123 343
2350 6842
7501 6476
5316 7610
1040 5670
3229 7897
1854 6744
7332 7312
804 622
5961 3915
6746 2466
2784 6032
645 1626
2303 6936
5595 5127
175 7419
1102 7195
4173 7837
6656 2772
6046 5583
2005 6898
1802 4548
2478 191
204 5643
6357 2899
2982 483
6898 4269
1873 28
8051 3266
3135 815
2683 3230
5248 6425
3612 6549
7451 4286
1960 901
3735 7535
6486 5855
6956 4297
8175 2429
6488 4888
4583 596
5183 6156
5776 7095
1255 3680
2993 5103
8042 939
3481 6035
7639 6118
6503 901
3617 2798
3150 3192
785 3804
4893 6020
331 5419
7015 2201
6040 4135
944 3260
2275 4705
411 7016
2637 7663
1199 4631
7651 5536
2663 4210
4318 5145
2274 7631
1058 232
3333 7315
775 4075
1111 7446
6967 7304
1705 8107
1634 4987
4866 2673
447 8180
1372 1313
6248 2777
8071 3167
3748 1581
6686 6258
7755 7399
2713 5462
1370 6401
7078 1573
2491 2657
4585 6184
5973 6575
2492 6309
1094 7753
5861 8142
1697 3689
2334 3054
7672 4512
642 6238
324 5986
5813 7405
3427 1579
2912 3886
6696 680
2345 3437
3138 588
3815 3435
5169 5425
6131 2497
7200 177
3194 4211
3484 3001
5707 5311
2379 3091
8100 4660
1375 843
5880 3839
440 864
3089 7504
5062 5086
6632 5548
426 5337
63 3921
3328 3741
777 6210
1621 3990
7844 7910
5518 5265
3002 7419
7801 4049
7753 5078
5093 3599
4269 59
5573 346
8180 1202
2398 1651
341 1151
271 2096
7924 6480
2001 7965
4840 125
319 7577
6018 5596
5950 814
7113 6934
2420 6127
3964 1179
5009 3314
3442 7120
7879 1817
1679 5937
3667 2295
7 2318
6240 7335
3996 6091
2067 2746
4168 5269
6856 1716
6099 7972
4864 7541
3742 5591
2286 2083
3686 3170
2186 6403
3206 4858
5270 8133
3870 7246
2057 2412
3604 1530
4989 2857
8096 6138
5749 4017
4606 3394
4178 2807
2989 873
1197 4781
1045 431
3292 6631
4849 5666
6678 8065
4775 194
2560 5061
3336 4883
5986 8169
3842 4146
4584 558
6769 2500
1105 6554
6008 1081
2320 3466
2168 3093
7706 6343
4414 2496
4161 1267
7126 3610
2357 6433
4105 4023
1732 5854
4965 7052
6676 2888
1891 5636
1218 4475
7944 7867
7147 3909
2402 505
3352 2324
5612 6345
5986 288
6460 4474
7802 2848
436 2775
4236 676
8191 1170
7972 5539
2783 4803
5925 352
8123 4699
937 864
6230 3605
5094 6568
1664 7573
7193 7079
343 829
4852 1379
590 1028
8032 5535
7625 7023
6300 4940
3580 6661
4028 6373
6838 4429
6463 2039
5166 3554
2136 4482
726 5187
6536 7765
5452 5312
742 2223
448 1283
2977 6020
643 1779
3120 6564
7914 3313
7626 4430
1983 4927
2071 103
1819 8153
6067 4464
1370 564
8103 1938
130 6926
2872 5140
3892 7464
5520 5586
5721 3066
2638 2145
5189 5503
2395 5678
6061 5245
7608 608
4801 7849
1752 5406
1674 8066
8095 2152
7850 2000
2929 1883
3793 1540
1733 405
3493 7680
4576 2863
7807 4919
3903 2098
7416 5340
1473 7176
4052 7423
159 7050
6227 5796
5711 6361
7393 6667
797 6718
1140 2852
6332 4580
7861 4894
149 1320
5092 199
3045 1743
7013 478
5299 796
3928 3682
4060 110
6012 7250
5851 8063
3419 950
6210 2656
7077 8221
6904 5298
5685 6783
158 511
7132 6674
6237 5042
7535 650
7288 6496
4927 6954
6831 7856
808 2660
8142 6857
1143 362
5559 7373
6008 4887
3908 3732
4677 6992
7537 7613
3746 3237
2097 2724
4379 1832
1043 3711
885 2697
7652 41
2734 48
6338 5044
1954 6045
4571 8229
6965 383
6745 3328
4224 4971
1114 8137
863 6321
1596 5174
3868 818
2648 5302
2269 5909
7426 4811
6746 4297
2663 584
4057 3204
7997 2196
5960 2956
3071 1200
3336 3365
4509 1527
288 7058
4804 1206
7995 1495
1536 7603
1585 4816
819 6699
3333 6752
5451 7022
3812 1310
8076 744
4342 6432
7582 5480
4455 5958
6259 7563
7957 7558
7359 4048
85 4602
3900 5356
2149 4728
7877 2943
4949 5332
2953 7516
419 2152
736 58
5747 3619
7155 6655
7742 558
7104 2652
4247 5828
560 8083
2921 4178
2864 7927
1182 6643
3347 3957
6112 4993
6660 7859
8218 1114
8045 3875
2867 5587
6129 4064
3738 4922
5297 4475
3284 5287
4257 920
3555 892
7109 3344
497 1519
5620 1978
7973 2869
1966 3507
5182 5259
6640 4991
875 2797
240 7100
527 5390
4561 6337
3212 5205
1383 7265
3942 4857
5375 5367
476 4663
5055 2239
480 5206
5112 253
3500 7753
2127 2998
6248 254
6215 3014
4704 6290
4606 5416
5153 1638
359 6374
4396 5491
7655 482
5321 1479
7163 2271
3125 4614
4148 3605
6 7698
3190 4442
6536 5262
5475 7655
3777 825
2007 1439
5294 1397
3153 2478
8226 3332
2388 89
1529 5386
8138 6407
3008 7035
3559 728
3399 3490
4036 269
3300 617
6372 7297
6353 412
1283 7764
3167 4928
7832 280
2439 828
6405 7638
3767 6109
2404 5336
6099 4081
857 2489
802 1976
5857 7360
6872 212
7791 7498
6425 1610
4786 4691
2725 4504
1129 4903
2198 5084
5897 8031
4056 4808
663 1340
1148 7336
7856 4229
1457 7352
7070 7634
1040 2387
6213 7932
136 1197
6614 2093
8114 7788
4551 6758
2229 3159
5820 6793
2685 2014
2469 4612
3989 5394
2738 1728
684 973
4421 7513
2320 1018
534 6070
1047 2535
2085 2803
7722 8229
288 4108
7974 6837
6255 7207
1979 4026
992 5934
2553 7060
3885 6789
4803 3610
3364 2327
6362 7971
1622 7528
4712 4923
2694 5776
5693 3373
5330 5467
2730 6650
1185 7130
4778 2371
3817 3058
6970 2670
373 6363
7899 418
5488 2331
2069 6524
1514 3396
4036 6961
126 3359
741 5295
5409 7119
1468 7646
5472 2262
6110 3932
4657 6301
683 6423
2242 7344
7526 4542
1124 5829
7733 4895
2891 3937
7511 3292
2528 3082
4900 5361
1271 8021
5283 8122
736 4050
8158 1584
2169 3634
6114 3158
6053 3454
6197 1862
7955 1580
5972 534
3170 4359
5775 381
7748 6150
600 1053
2430 3027
326 728
817 6222
425 6456
6892 3871
7220 7025
2055 5971
5660 7447
6464 3461
5515 1671
3065 3370
1701 1259
5971 2442
7510 7552
200 7830
3761 2857
5500 6400
6620 5080
1803 7272
1731 3622
5334 2590
5146 414
2797 3871
7068 1403
2502 2322
7763 1344
3293 1393
4510 4518
3641 1839
842 3623
7115 5450
1999 196
412 4758
6263 799
5291 7573
7573 4791
1910 4412
6918 3336
3933 2641
558 1936
4745 1584
6926 7296
1529 4825
4568 7137
5695 1135
6328 7184
4895 1389
6272 5290
2683 1329
7009 288
5112 4905
1931 6465
7723 5698
4336 7931
5932 4956
7865 1254
7066 8123
4733 94
4036 3894
3831 7412
5378 1819
1844 2370
1062 4824
6579 5690
4765 3181
6776 841
4724 294
5747 2056
5324 6488
3038 1493
4145 3938
4058 5750
3429 2019
6962 4373
7201 4460
4491 4344
935 2370
4551 2827
1394 3790
6414 4928
5002 2782
3001 5253
1867 5732
4425 1617
4954 250
7206 415
1750 4847
6368 4919
7924 5833
802 4362
1403 972
4649 610
6188 479
2277 1912
6700 1587
3750 3975
2572 2721
1581 4893
7463 7058
8073 1342
3682 4821
7351 4574
5115 7619
7156 117
7639 2105
1344 1925
3318 2490
4067 3482
6715 2672
7904 7605
3940 1308
3530 7559
3744 7357
5418 4757
8000 1130
4322 7155
2324 4883
4304 103
1014 7586
8046 2358
7855 4289
5972 2187
6091 6006
7068 6272
1475 252
5808 4116
1019 6995
7619 1936
5765 4130
5562 1306
7476 3985
5378 5100
4396 5443
6368 671
6829 3766
1062 6627
6759 2460
5059 7190
854 6302
892 3801
176 7637
4145 77
1842 3069
182 5507
880 4307
1789 3564
6313 4220
7058 6370
1597 1
5799 2229
792 3896
6554 5728
6812 2130
1562 1183
8114 6715
5637 2119
1659 7514
7064 4067
7209 3336
2871 1644
806 7582
7484 1402
4125 3316
3704 2254
2149 8118
3463 4756
4758 6445
1264 7734
6200 2718
8092 378
2419 6202
5740 2185
4141 708
5350 2093
5439 7879
3141 6865
7704 7432
4047 233
4762 1964
1760 3844
5953 660
3675 5584
6497 3689
5357 6268
6573 3883
6123 2367
806 5052
6975 3187
1616 2110
2391 1852
4072 3278
3271 1244
7373 7470
2474 3393
6398 4755
4251 15
4769 8206
174 2625
1958 5843
4425 5866
2687 3335
5460 4583
7424 6149
3900 1915
5992 3116
4687 1633
8098 6370
5424 4060
4855 1260
1563 3816
5223 40
7767 6582
960 2829
7714 7813
895 8011
7740 1467
3418 2855
1928 1153
8172 8104
7350 109
7992 4331
6187 3921
7991 1215
2020 3800
4317 5388
7084 6887
3688 672
6246 7975
7743 6825
6688 2030
3509 4269
2838 391
4438 3848
5947 6961
7804 1939
7841 7539
3582 748
4046 7101
4125 2382
5537 3669
1911 4148
6075 8170
878 2433
2807 4768
740 1793
3139 6188
5030 6248
7541 40
404 5648
5589 2032
6585 5351
7291 173
6582 8143
3207 2366
1553 5863
3776 2191
4302 3096
7693 3256
4654 4853
4499 4744
2651 3046
1514 3325
4838 387
3638 4112
153 3009
4230 7148
4940 502
7340 1346
8169 7998
4163 4848
664 4200
2367 3122
1200 3438
1308 6792
6654 7779
3770 5159
7626 7862
6675 4359
7754 256
4076 3352
16 2220
2138 5355
5334 6142
7620 669
2756 8241
7707 1578
3660 2936
7442 6591
5829 6204
4143 1450
1926 865
240 2488
3367 7267
7887 2430
1987 6344
5925 8169
2973 3661
6474 8200
1795 473
7090 6482
1356 6372
801 4241
2300 3556
6908 2970
4348 8135
5799 5831
1748 618
2569 5750
6282 2705
6449 2893
1652 5310
6537 7141
8142 6144
2189 4179
2730 4114
5199 2605
7567 3185
2218 4327
6029 4983
5297 3647
4221 4893
5483 2527
4204 4526
5236 4678
7654 6226
4742 4650
2949 2593
7727 538
416 3936
23 841
2890 7934
3695 813
663 7029
1909 3715
5209 282
3193 5679
1041 4662
265 5904
2954 1074
3605 236
4820 1835
2487 7702
6991 1421
1556 4320
3569 5649
6243 4583
7001 2499
7461 7695
959 7574
5636 4993
7196 8058
7320 2328
1871 5078
946 6569
1930 6531
943 7924
5813 6914
2982 3598
7542 4377
4112 367
4764 1174
1232 7521
7504 3387
2940 6463
7215 1887
8198 5134
2611 5410
7217 5963
5905 7881
6658 430
1382 1378
8244 2894
3494 8212
1314 6745
4693 2406
487 5123
7571 1823
6406 6168
2609 341
1451 891
2246 6837
5407 7719
1809 1911
1805 4877
5526 7868
5552 4410
6630 2969
1465 6664
4893 1203
4317 6324
7158 8233
7587 1645
6565 674
3352 2024
1987 1039
7281 477
1738 1875
1690 4206
3846 1775
5664 4618
6457 802
4401 7769
1249 1355
5943 4294
674 843
6035 4023
3782 1455
3223 5772
679 3633
3156 1585
2603 4188
1533 3315
6302 7548
1339 1268
3441 1859
4100 3048
2627 132
4840 2537
6885 4917
16 2916
2143 288
6079 640
1688 1506
6774 5684
3831 1960
4250 5366
6202 6354
4416 391
2978 3886
3993 1842
6505 5850
5800 4756
7539 32
5384 1508
4951 3030
7088 3352
3919 1702
2640 1397
2799 7403
7908 5731
1427 3899
1617 892
6926 4197
1901 4313
3682 5683
981 3114
2595 4867
3599 4249
3358 6454
7880 5484
4651 6832
3233 4884
1507 6402
5813 5553
1553 1113
1221 4376
5158 1462
2524 4326
6037 4179
4797 6544
6063 2445
541 8157
5501 4695
7086 577
1554 5897
6213 361
5415 5941
4315 4001
5511 5986
2879 4934
7879 6134
4537 2651
2837 6522
3063 838
2136 4192
7676 1190
5140 5806
2258 4622
3968 6413
1252 2028
1629 4171
8047 7186
1912 4187
348 5925
2302 6288
4938 8013
3354 7551
3278 7643
5068 6258
5247 7750
4337 3749
6376 6581
8163 4886
6070 7884
2212 1980
4156 5327
6243 2276
3656 5384
153 7854
7218 5409
1267 5304
2718 6600
4312 2775
7385 3593
3689 3439
288 4992
4571 6917
6052 4557
971 698
6186 4765
544 7795
368 1946
7040 2207
6215 5390
3862 6792
1656 3205
6225 2075
8049 2803
7431 3073
1821 7154
980 1643
762 3027
3379 3704
6004 5207
7689 8140
1862 243
2251 641
3123 4203
2722 4881
7784 6000
3400 6354
2002 7203
7206 7092
3637 1608
3893 3197
3170 2857
2280 3039
310 6477
1793 5257
3828 6368
3331 3112
954 2233
4553 624
7067 6180
7768 7999
5891 1289
3313 6880
328 2324
1605 504
2444 3058
1777 5706
7811 2328
491 5682
2280 5336
2292 2601
252 3805
6471 4348
7483 5720
642 2308
1667 7764
3335 4821
4494 1123
5286 5190
3334 247
2358 7289
6534 6837
6381 743
2171 4145
6465 4883
345 437
1452 2874
3273 5848
674 638
2238 1272
4928 4592
7758 269
4572 7476
6877 7419
1559 1590
885 2262
7870 6529
5804 7205
1669 7691
951 5821
839 7619
3486 4428
5016 4878
1193 829
7348 3466
696 2162
5544 3971
6193 2059
3382 365
5249 3313
4686 2924
5580 3872
7519 2407
3825 8057
1781 3308
1435 1823
6156 6644
3872 7415
5880 3566
3102 2975
7684 5839
6287 737
964 4366
7926 5104
3605 6523
7168 7648
5810 603
3282 5191
4673 6446
857 3295
3260 7982
53 3575
5171 7161
3788 8080
2947 1462
3378 1832
6143 1419
8067 4719
2735 6849
1226 3072
6792 7608
5378 7315
581 2995
7581 1851
2622 2883
4646 6453
2470 6792
4814 2596
6176 5722
3973 7475
8131 7922
2449 469
7706 4113
1588 5548
6686 3689
5394 6862
7812 7444
1652 4137
3241 5716
2826 6505
982 332
423 4564
5207 924
97 594
6285 7026
7818 5879
662 2141
4441 71
5505 8214
4805 2467
5334 6368
2439 2155
7236 93
1994 6154
3315 1034
6496 8199
781 7607
887 553
3866 4165
5301 2426
1601 6331
819 7305
1664 1716
636 874
8164 5760
6102 5659
1311 1387
834 4209
7060 1857
4402 6506
4455 4167
4454 6330
2602 1947
1854 4514
7556 4742
5294 2651
6378 4575
5181 1517
455 5761
4454 1366
398 2309
1537 102
2575 2924
6850 5616
5023 7586
3158 3142
2649 4991
4435 20
2031 1812
301 749
6654 3728
2536 7979
5324 2987
111 7361
5807 7079
1926 779
3811 7618
958 1478
2919 6480
1718 3813
1234 1794
4856 1251
6091 737
3965 892
5332 4334
5459 1943
2232 3436
573 1800
7221 2701
2636 393
309 1601
5051 1748
4119 5142
6898 5324
3897 6280
5401 6054
1585 7736
4767 8063
6716 3188
4897 262
849 5100
3177 7773
661 6077
1785 3215
2077 1273
2158 5108
5093 7211
3868 8119
4066 5839
8225 1297
55 4199
2132 1115
2990 6005
5153 1399
6140 4524
3120 4556
6248 1433
2202 7200
2993 7979
747 4692
6852 280
7941 4876
3915 1927
4433 597
3361 5775
5971 2274
6571 2366
7333 2749
5636 7812
3128 4146
1873 2578
4182 3522
1290 7365
388 1903
2535 6594
1348 2417
8118 88
6164 3351
8012 743
6841 6651
1148 5044
5620 6514
5658 3378
6229 5788
859 3440
3398 5911
6811 1848
1862 6981
4078 4280
4001 6759
4781 2719
6649 572
470 7706
7336 4363
1627 7761
2711 7204
2887 3446
4677 1684
3091 3294
2693 941
6429 2266
5561 5088
527 5357
3376 3904
3613 2266
5241 5607
1034 2093
965 1279
703 2564
2115 8181
2376 1351
564 653
6113 4886
1042 4156
1719 7257
1350 5907
4563 1731
4482 5999
3470 1515
1881 1200
4977 1138
1656 1619
6274 5762
4319 8185
100 311
2136 5072
2511 3082
8220 5444
6659 1238
5363 2510
821 3108
2916 3337
2949 52
5390 7229
7856 6479
1021 3403
3133 293
2100 547
2742 918
102 1797
1758 5629
3489 2316
4286 213
3523 4588
3904 1772
7584 985
7862 6190
1068 7907
1271 2766
4416 3718
7090 3022
5759 3032
6645 988
7600 1990
6932 160
5076 1247
954 5605
6645 2733
61 1313
554 5956
2278 3847
5421 6317
3915 2716
7803 4921
2863 6297
6568 7979
3947 6424
6405 4327
5075 6216
301 4074
869 2116
227 3242
8142 6934
3452 201
2008 3796
5957 6328
775 5276
5217 7282
167 6598
695 7097
135 3239
2121 1822
242 6468
3646 5150
1935 4254
278 1608
5146 1317
2240 1479
7879 5773
1620 7209
6205 3427
3801 1102
3969 5879
498 2666
4254 5589
6820 4380
3662 7328
1400 7301
5566 4275
102 2294
3107 4849
604 4523
1862 6235
6584 5046
5492 6826
4700 4307
4367 1912
3758 2240
7214 7372
7139 595
4594 8027
4637 1851
6661 635
6715 5156
5140 7092
7839 6584
1309 8151
1870 547
521 4678
6124 878
1856 7710
6787 6735
903 4798
2842 986
76 5425
6366 2181
3760 7749
3141 7129
5484 3181
3423 2768
5645 1816
1358 3194
5769 870
3552 7541
3617 5273
5153 6747
4796 6665
4430 4762
2995 162
6645 1033
6874 3950
3394 8224
6097 2812
3514 3016
5017 2794
2638 3581
2307 315
6034 876
6379 3142
5554 7808
4854 7513
510 7349
6511 2639
831 5743
2774 715
5018 600
3920 6181
5199 620
821 2422
5507 1525
836 7764
4915 6081
8028 7831
6279 4417
7148 2232
4364 3425
2444 5403
4554 3129
3158 2468
3910 7074
6169 6064
7888 5111
5530 4544
2088 2921
6903 3653
7811 6490
6179 845
7287 3152
6101 6701
7649 3681
5458 4085
3053 5477
3697 3514
6219 7705
4475 7981
2396 6908
2998 3535
3544 7475
7145 1029
3757 5049
7958 6208
5823 2924
2045 3489
2007 2251
2890 787
8125 1200
7948 4856
7448 3477
5470 6008
2596 559
5267 4748
5693 7347
1918 24
558 2610
4477 1768
736 6422
3019 6813
2787 4027
6219 5419
2165 1675
2576 148
5591 879
1882 335
820 6460
7759 4745
5344 4738
1637 832
43 5932
5208 6657
5010 3929
1570 7033
6952 5969
405 5894
900 561
5193 566
5534 6976
4456 5962
6393 105
4251 3563
2594 4146
2538 7808
4878 2997
6570 5328
5615 6596
1046 7352
5465 1206
4594 2823
1269 6842
1812 2016
245 3204
7118 3136
2717 5645
5813 1654
1159 7555
4572 5550
5804 7019
4408 889
8041 224
2963 3631
4020 7390
8134 2132
6181 2474
5213 6860
7550 4880
7988 4926
4033 1694
5271 5642
4828 240
471 6347
1461 8134
7350 4359
6229 858
1400 4987
3155 1511
5656 5865
3121 5178
2010 6490
3098 176
3761 4709
3102 4193
1310 2667
99 5047
7138 2427
4740 7414
6106 7358
8079 1178
4069 6875
752 3513
5055 3122
68 2422
1434 1399
7259 628
4063 6619
1417 8188
6497 4955
4257 2404
2128 3892
1831 6924
2789 7880
1098 5618
6655 207
6024 1231
5820 268
7657 5819
938 2375
3577 2555
384 4619
2230 447
5913 5690
1106 2882
6866 285
2948 8185
7124 96
188 301
294 1254
4474 2442
2081 3149
7306 4256
1888 3146
6736 7810
987 3948
8206 544
3738 3126
6264 2998
867 8101
4549 1938
4107 2771
8047 6678
8092 7136
8064 7826
5434 2976
6480 4941
1334 1674
6555 1238
2729 8076
1744 4927
3664 4432
7350 5334
195 1917
7600 3365
1486 2108
1741 246
8129 6056
623 70
4013 1050
4233 3749
434 650
1838 7772
4467 8157
5473 3150
1777 6831
4767 3143
5307 8227
2267 4467
6173 7242
7222 6066
1191 4184
1700 5679
204 790
1709 2149
225 3205
7888 2736
4825 2766
7901 6001
6360 1036
2903 7790
564 3764
242 4061
1414 1077
5165 1899
7803 7621
6168 3722
7018 5640
6925 7580
3445 3451
3610 5764
5486 1641
909 1015
5799 2017
7148 1864
663 3696
115 5351
1574 5009
5246 7845
4335 96
469 1630
4797 908
7603 8121
6599 2553
2151 7892
8211 1711
5847 1552
419 6054
3503 6243
7845 6367
6580 3157
258 5857
3830 3856
3468 5651
7140 4870
4994 2975
1686 318
5889 5353
4942 2205
1306 6117
2032 5457
6477 7477
2284 7331
7271 1981
7323 7287
4510 2097
1266 2177
4428 1094
6204 3366
5543 1024
6839 6923
6428 4606
3147 1770
4123 4479
7084 5826
3815 5351
429 1591
4254 158
8113 3235
3495 3800
5926 6870
1752 6855
1418 8088
3568 5744
1895 326
2343 698
966 8053
3476 2154
659 6480
2069 5318
3902 1400
5269 3107
4047 1233
8145 186
4509 6611
7340 3370
3675 4098
4123 853
1252 2735
7081 2561
5875 5380
151 3348
1703 4954
7472 1170
208 6882
1218 6036
4608 5127
6942 6393
2808 7431
1935 3268
4102 8097
4360 4558
4399 2823
1719 4753
7431 6169
7977 6945
6916 1246
2297 6395
3414 3136
4472 7069
3707 4564
273 8099
7356 1429
6869 2620
4182 1012
8015 5584
4175 2536
1061 8012
3017 1680
1199 5581
7887 4958
8225 728
4221 3298
72 5176
3284 980
1077 7237
3564 7879
8095 6113
6852 3331
1725 7662
3828 2773
4805 6086
6587 5748
2278 4482
7963 2166
2365 7741
399 2125
4630 4570
5772 7669
5048 6943
7287 4327
4754 8132
221 3504
919 1079
5645 723
2588 6278
5778 2273
6979 4585
4387 7539
4439 4732
222 3082
7170 3994
7834 4152
1996 6805
5154 2388
2952 6416
1693 6956
4990 2858
4398 4223
6200 4787
6357 6096
5816 1206
6795 1600
5172 1627
5512 5927
1345 2968
3591 7472
1750 3370
6496 8114
2497 445
3276 6499
6763 3515
7631 6086
6878 7261
1995 7705
955 5163
4047 349
6177 1768
7668 4751
5616 3852
5372 8188
6913 4761
6353 1313
5484 1872
6967 6008
7061 6912
344 771
5578 2174
6214 1953
7058 247
3010 1811
2251 4306
4946 5025
3439 3254
3260 6687
1390 1617
7653 6967
4599 4580
5324 6032
3563 7166
6070 956
7382 4390
5079 7451
2856 3477
7353 2456
4533 2256
6241 1335
3400 4485
4928 8122
4910 4070
2199 1305
6849 3023
3657 6231
7474 8082
2956 3132
147 4671
5628 1142
2929 3917
6941 2704
6355 3514
4548 1352
4642 3729
2155 340
2143 3939
725 6155
5866 4207
2270 5241
3076 4379
782 5654
3541 7817
6244 5274
1350 7740
7933 6280
327 4935
4501 2527
2750 2331
7165 614
7257 4182
7371 1569
6351 1508
5631 3359
6141 1592
441 1701
6697 6084
6680 3018
271 5308
1571 6435
7175 4283
4946 3669
1579 4722
3055 7334
7913 4415
2702 7468
771 227
1681 7183
4731 1959
1009 2846
7796 1962
5212 937
227 363
1196 5977
2572 6977
6898 7296
104 6115
5750 6781
5483 5653
6333 1748
2775 2878
4215 1908
4325 7221
5530 502
1670 3314
3392 1586
3190 2006
1595 7753
4581 4798
6996 5351
5904 3418
5802 2837
5306 5864
2330 240
2908 6504
6868 6143
4295 5804
642 822
6112 5148
6436 3833
1626 1649
6926 6626
435 6298
2760 2069
7001 1093
701 3265
4150 2786
7614 5608
662 1393
2329 6500
4484 4254
2982 3762
8234 5809
6680 6460
4505 7215
6720 3893
4368 4792
1280 7513
4144 6411
3405 8076
7532 8094
6965 5275
1635 1626
4850 1506
2862 4348
8031 7287
5057 2958
2997 3854
8038 6012
955 1815
4009 7616
7480 7469
6217 3989
7163 843
3173 168
1912 6708
7886 1084
3277 680
6598 1194
3439 8246
1204 145
4973 3277
3433 7444
555 5747
674 6172
8218 7385
7741 6946
4036 2465
5527 3235
4909 1134
653 6968
860 6392
2243 3719
8009 3914
7355 949
1537 8183
8013 7431
7447 831
2195 7652
2668 7439
1371 6335
8233 5741
6006 7682
4403 2826
1385 2274
2333 2163
7390 5305
1720 6329
5508 4310
3278 3007
4071 7924
4829 1095
401 5119
4826 529
5551 7001
7008 4710
5822 6512
6784 4674
4716 7280
5604 7808
7745 4123
744 6154
2977 7184
476 3521
2567 3267
6070 2241
3046 6407
7358 2640
4506 6028
3042 1148
3826 6351
288 940
6779 2997
2624 2370
882 6991
5378 5581
1341 6213
7489 3457
2654 306
6333 3240
6853 7437
3309 5206
7542 1971
103 5044
2452 6111
3385 7866
8004 1527
5822 7799
59 18
2720 3522
4299 669
6229 2299
5693 7491
7496 6289
6978 3986
3075 749
4025 6840
4660 1239
2954 6083
3761 5015
1895 2354
5032 3908
1991 509
4344 4690
7993 6072
4280 1517
4430 8238
3522 4510
3926 1376
806 4964
7120 7624
4227 7983
4388 5485
7406 5118
222 7486
931 227
1252 7912
7298 6671
3259 5811
4057 5780
8113 5079
1076 7055
1454 3756
3920 6990
7372 3914
6079 3589
3747 6656
5370 5769
1050 3586
4109 2406
3764 6965
1775 6785
8212 390
6510 426
5222 2512
3928 5260
5443 8158
2708 7353
936 6789
1576 2809
6896 952
2165 5488
166 7300
6119 6339
2581 6427
3757 3584
5552 2499
4103 8122
1679 4766
642 5570
1561 6890
1683 6638
4938 6522
1737 1181
3003 6008
4690 7103
8195 6604
599 1620
705 3683
4346 2003
5483 7208
1886 5474
7426 3188
1165 7348
457 4113
6260 2167
4910 62
5604 7298
2379 3990
3872 4332
6209 4128
2221 2173
2483 4613
7833 6561
4616 1004
3752 4271
2284 5579
5082 6655
635 7235
360 597
2339 1291
16 5759
1992 1477
6655 4663
921 1818
6493 5039
3313 2771
3119 5607
5867 3039
4346 4359
5892 7053
6645 4936
1415 2351
3793 2361
7842 7198
7456 1845
2131 2981
5220 4960
6209 8003
6292 2574
240 1196
4036 2237
4123 4802
6480 5007
921 8206
2808 3680
1286 731
6776 7739
2474 4912
1300 2661
7674 3217
6417 6655
120 6181
2311 3959
2957 6625
503 1083
2147 1488
5848 4486
473 7973
4760 2005
5294 2893
2112 4374
5583 4641
2393 5929
2627 3409
6149 6857
4552 104
8014 1134
3171 7655
4951 3466
6727 1281
7038 6627
1971 3592
3372 3510
7408 3747
2363 5644
2785 8046
6690 3272
3191 1242
3670 3878
3678 6798
6643 1347
565 4780
5914 377
6558 7562
6000 3861
6629 7599
3659 6862
3746 2361
5761 3513
512 1283
3227 3704
7172 7809
916 453
8166 7486
7964 3121
6409 1894
2045 3339
7401 3688
6961 39
4981 8239
1351 3528
3562 530
7923 7398
7677 4380
7690 6663
3904 780
309 4788
681 2873
7310 1538
7461 7385
1780 379
1681 6877
7867 5038
116 7680
7720 6127
5043 1190
241 5940
1253 6498
3062 4260
5806 338
4806 2395
1924 3328
7185 3319
6934 1294
6607 4974
7658 969
3938 7543
2793 805
2154 1365
5527 408
1261 1501
4604 4316
4472 3421
2444 1510
857 2178
1961 1436
6092 4516
5668 3107
4720 4514
7268 2905
2952 4573
1446 6615
243 5117
732 898
7742 4669
5867 6557
712 6130
3003 5986
5594 1083
6 2106
689 2826
568 2195
2637 3798
4118 7951
7451 6861
3221 3547
3746 4272
296 4096
4356 2336
7025 5908
1330 7196
3109 3458
2089 3765
1712 2177
4008 4846
5044 6224
3741 4524
1244 6545
3256 176
2870 4878
4878 2139
7143 8226
4536 7455
1359 7102
3048 8218
3843 7956
2843 4326
7640 7194
6706 5454
2668 5365
8023 7976
6499 8215
1236 6862
4457 7777
1217 7752
4789 1500
5775 3026
5486 2131
2494 6898
5343 5048
6067 5834
4573 4055
2174 4162
5079 6702
5941 1997
1017 64
862 7622
737 5552
1806 5541
1761 4673
5455 3880
5870 3222
2251 7731
2797 4906
3818 5216
7635 7845
1505 1699
4422 320
4291 4175
5292 3550
5589 6103
4221 775
5567 6267
2852 1678
5676 401
4962 1567
4444 6693
2695 2417
2161 1965
3582 482
1367 7014
3191 1043
4545 449
3256 6218
3441 5773
7835 7748
7517 5416
7756 7966
2192 1389
7432 1145
3136 5908
3730 4136
2931 2196
621 8221
4597 5336
1070 6390
346 915
6000 3949
4043 6880
5427 7719
4887 8096
1001 4956
6172 2736
5413 6615
7717 8199
4244 6910
525 2744
3021 7524
2885 1885
587 3887
7531 2381
7796 6908
238 4838
4971 2967
6168 2205
8249 4451
3519 6609
7235 6282
3310 1004
2822 8205
1952 8025
3465 5777
6776 930
3508 4146
6357 7730
2618 1734
3229 5943
3831 5265
7371 4432
2845 2469
622 4044
1908 1813
3465 3866
25 369
5336 6353
6638 2861
227 4645
4250 1487
7245 6337
6323 6895
5851 4502
470 4945
5763 3122
629 7716
5546 6232
7369 4482
585 6895
4132 5985
5448 2531
1065 3803
2771 335
6370 1854
4620 2879
2976 1813
5951 3102
947 7543
4975 6558
3147 4971
6125 3154
3800 2806
6507 2074
3407 6250
1176 345
2235 6796
408 5398
1672 3051
1538 4554
391 5299
4948 3539
5469 350
2397 2825
5869 5864
6309 5062
2979 6412
961 6988
7399 4873
2015 2106
39 3516
5620 955
1161 6720
5642 7317
3219 2999
1174 2809
7295 1751
7012 7825
936 5924
639 247
2929 5134
4377 5465
1261 7497
790 370
8043 4082
2497 573
2704 5744
2681 4536
6088 1136
2728 3284
5333 3505
7167 729
747 1199
2963 2796
3339 6495
496 8109
5502 5258
5177 4197
5023 362
3938 16
6634 3244
1754 7010
1443 8027
1827 6750
4732 2573
907 8169
171 2021
6616 3538
571 89
5691 7062
7816 6121
1450 7754
5719 3225
3539 7056
7258 7109
6903 2165
2988 2071
4131 1338
7400 3992
3544 4842
2087 3173
8203 3404
6053 4022
6553 4595
161 5355
1877 948
463 6228
8156 3522
665 6644
5858 765
4752 2292
4543 3058
7234 2933
4425 56
627 3113
4316 5893
5783 758
871 2231
3891 1925
4084 4265
3668 8142
4509 3272
6152 3430
2583 3826
6839 248
6589 4758
4847 1524
3947 1210
8006 8216
5221 1668
2583 6939
104 3026
5044 4038
7430 2634
4386 5018
1589 2383
4185 3026
3318 766
6059 6990
127 3608
8146 6998
1041 4971
1770 1523
1463 5460
7773 5076
2103 1509
2096 5189
2741 2999
951 5124
4127 7770
1660 7518
6476 2693
6697 4635
5591 4334
2423 352
7840 4994
3182 3242
7619 1166
7418 373
3462 4912
6838 6876
6766 4710
17 5560
4919 5163
1169 1985
3009 4745
6725 4112
1605 7887
3390 2575
1642 2392
3967 5431
4011 874
6945 3801
7905 5839
3430 7303
865 5043
7167 2061
7877 2556
7851 6916
5857 674
4415 4880
6250 1180
6429 2147
8186 2701
1199 5345
6713 4676
467 1212
8009 3324
475 5425
1938 3052
4169 4175
537 3963
6010 3912
6258 2170
1393 2007
6789 6788
3856 7441
2843 7078
770 6940
4689 6273
1846 2061
4285 4668
5585 7716
4461 7193
6476 5087
5537 6451
4795 1951
7849 6101
7688 351
6359 1889
1896 8097
5889 7350
7514 4115
6993 7084
4878 47
1094 4962
3840 7234
495 7467
7273 2404
407 178
989 6520
7524 181
2836 2911
1206 4543
7437 5330
7893 275
4640 3795
4773 6499
1338 7534
5026 1246
4295 3743
8 1938
5435 4266
7387 3484
4258 5655
2372 2634
7436 5419
7406 7650
3808 179
2425 5918
1614 6976
2521 7209
4122 2390
3172 5071
2572 3068
4588 7151
5082 2148
4813 5691
6985 8150
6481 3058
4894 3877
2392 7451
3067 2572
5945 2322
2742 3385
1568 1298
5210 180
3938 3922
6491 8092
6404 3742
6512 1333
6195 6505
6030 1546
2638 1052
5849 7805
7614 5058
3158 4569
2436 17
3024 5995
5319 7294
6023 89
8192 3252
6905 5691
2722 4226
8164 697
614 5920
4678 5280
6025 5334
4928 7410
5529 1988
198 2196
6502 2652
3391 3091
6888 5268
6913 3819
3874 4655
3315 2301
765 4036
5359 7836
1146 6200
7493 2175
2575 8060
3282 4863
7529 2785
438 7912
1855 154
2310 5794
4559 2165
5329 3611
3293 3786
6022 3626
2287 7756
6463 2287
6230 624
7990 4380
4385 7662
2985 1953
4450 2722
7638 7138
6358 5570
7416 6626
1525 978
4267 6205
465 1428
6384 3954
303 1817
728 5221
7806 6338
6434 4888
1218 195
6882 157
3017 7079
4882 1397
5165 2803
586 7213
5192 3953
4108 1696
4481 1920
6181 7669
2197 7539
5885 4765
2942 1988
3160 2585
6513 1925
5224 7004
2919 877
1105 5804
4768 3257
4428 6365
4174 3214
7315 6566
44 1884
2926 295
231 7091
552 202
5765 7343
1771 6380
3936 1510
7740 2333
3836 1271
5588 4763
6216 8227
250 5681
6963 6908
2832 3960
5885 2631
31 5104
6438 7304
8102 2645
314 4930
7814 5384
7429 6463
7898 1510
1664 1391
3522 4807
6551 2744
6623 7829
5787 4128
5974 935
7676 5417
3485 6375
650 2924
211 3260
6801 1946
7661 1107
4888 1354
2876 6750
2182 1555
1527 7011
2507 2342
1755 2808
5013 3515
2324 2298
2117 5679
5147 3553
7116 7316
5297 948
7329 343
126 3456
7500 5864
7041 4946
3109 3765
5044 3789
1706 2965
7175 2014
6533 730
8189 7686
8140 2586
66 3586
5162 3810
1613 7042
4129 4543
2804 4107
3678 4409
2296 6660
7531 3435
1202 6296
4862 2781
2466 5950
6213 682
5798 391
3942 7101
5724 4718
7688 4453
6210 5437
673 4661
3435 6079
2852 4721
2215 2720
2531 7196
5079 6799
6893 4183
4578 2620
1200 2245
1790 5910
7707 1125
1987 6982
3041 5887
7313 7407
6378 2269
6964 2543
6760 2940
7741 3310
1833 1462
4828 103
2989 1238
5706 3205
292 1043
7714 668
7677 817
5826 2042
4938 2994
1621 1055
7940 4782
3985 2973
7091 3233
1277 5482
832 6738
6604 7313
2430 6624
4421 1341
6780 7249
5511 7066
5326 3342
2156 1874
1298 4911
3938 2708
173 657
5710 5881
91 7271
7658 1289
6059 75
3775 3118
2934 5032
3905 6952
6728 4002
2134 6903
7024 7187
5894 7599
2518 5654
5621 6908
4327 4837
6125 2219
3062 8114
6387 2978
1206 7571
834 1739
6269 7982
6506 2747
2478 1437
226 4896
7107 6361
32 5447
4425 2534
5265 3871
3688 4189
6016 720
1195 1317
2280 4510
2894 2230
1048 658
6111 970
2679 327
6302 5078
1526 5282
1594 3408
19 5248
7967 1783
142 4975
1243 6607
6852 574
8228 8086
5163 1760
5371 5172
6194 7302
8142 758
5097 4435
4349 3740
7848 3063
4250 2987
3758 5500
2424 7192
2925 1109
3876 6411
6281 6180
2442 3812
2360 5596
1441 5133
2112 1812
1179 1211
2372 7606
5008 8134
2305 3966
2359 6153
7519 5986
5545 2928
6056 795
48 6162
6613 683
5334 454
6535 5156
1679 3865
2831 266
2875 4371
4696 4269
5283 5899
3647 7142
2339 3979
4601 6843
353 4676
7281 2766
5274 4114
4529 4460
6173 1994
1349 1430
5350 1063
2915 771
3231 3473
2095 3505
5516 6773
2758 3567
854 7050
4251 1206
560 681
4403 8001
8216 5587
8057 5438
3993 5855
8117 6303
622 3640
3855 8120
2319 7021
6525 7642
2886 6885
4028 2755
7001 940
3206 4297
6229 1043
7902 4248
1582 6702
8094 4680
7520 983
3884 5548
6071 4435
4390 7309
3972 2141
3446 7943
7911 7316
129 4323
4380 1295
2631 670
7810 1103
6032 4317
6567 495
6973 6242
1858 3158
5625 6196
736 8218
2933 6008
1148 5930
852 5513
5310 3085
7153 4348
2288 4558
547 4035
3799 2961
4362 583
4333 7890
6277 3893
5146 8092
7728 7202
2972 4694
2382 5131
2144 5687
4661 7518
6489 7773
4601 4774
3412 2783
1514 2539
2455 5562
2311 8188
423 2100
293 7273
5636 3184
1935 6518
2067 5449
2785 6551
5012 2885
1737 2338
1559 7990
2262 373
6887 1647
419 3745
7720 4714
6100 2614
4723 431
812 3368
399 7904
4992 7889
1901 4051
1702 3400
7444 2503
1007 5887
3952 5413
6856 4471
399 1913
7720 365
7676 4510
1267 3423
7585 5081
5734 5411
2334 1197
1540 4007
8236 6166
5542 5621
6477 3905
3243 8161
6645 2203
1553 6395
314 8209
5059 7061
6077 5926
3414 7760
6960 2366
1807 6089
7675 4270
6615 6248
912 1081
6770 92
1234 2874
7676 463
5014 6937
4623 562
2027 7738
3768 4371
556 2710
1131 7975
7704 1957
4833 1016
5388 6165
965 5065
7666 2224
4176 8055
1405 391
736 5065
2421 6968
5933 196
7071 1230
7444 2653
5341 1240
1829 3562
5314 6863
2146 5092
4953 252
7008 4301
7764 1438
5550 472
5926 5202
3881 1475
3590 6001
705 4758
6989 3348
7327 1440
4969 2576
3714 291
6951 1358
4316 1888
237 1034
7093 2984
3279 820
5943 6715
6109 60
4485 6516
5495 5718
2833 5748
3647 2844
460 6994
5285 1489
3546 8036
4292 228
5096 6661
1878 6760
1324 3343
6500 4761
544 7811
5079 3778
2199 6024
7748 2030
1736 3386
6862 3328
7965 5706
106 5792
4219 1908
5921 7322
1388 40
767 218
1711 6039
7435 5020
6773 7355
4690 4579
7656 3764
8106 5253
2555 2093
7701 4428
4849 1673
6072 6322
5516 7282
757 2562
40 6194
4946 4362
5144 6376
4550 2766
499 4677
2140 1379
7425 3464
2889 6586
5682 3195
3944 8051
7068 1171
7583 3797
2062 6678
2545 1380
7862 1721
6955 1159
7457 7058
3453 3974
7700 5288
6935 1093
4218 4113
654 1616
1376 4211
905 5323
4557 765
7079 5752
6061 6014
7044 7667
3688 8197
4800 2483
6266 2350
290 741
6461 137
4467 6253
6475 1182
7713 1087
5796 7746
7879 2021
7271 2687
6683 7090
5801 761
2878 5105
1363 1696
4942 6596
5794 4908
295 6280
658 854
145 6327
2866 38
3083 6317
6297 4186
6737 1908
5358 6772
7863 1829
4974 5326
8156 3984
4433 4211
5986 5176
1788 2435
1406 5703
3761 392
7764 5415
3357 6370
1257 1558
1674 2097
3863 4451
7157 4729
3496 1238
6453 8216
2630 4861
6884 4262
5987 7525
4296 3976
5071 2979
2107 2814
6907 4382
7065 4475
6038 2620
1062 272
3170 3994
4180 6757
7579 7888
4290 965
37 3391
3311 7756
716 6045
623 6764
1596 4221
7162 3758
6636 2727
2352 3849
2783 7135
5171 2592
5560 6130
5222 15
5717 3415
3187 6118
7706 1935
7619 6953
6847 1617
7543 2532
3856 3490
973 6929
1141 571
6212 6627
2416 3163
3860 2851
189 5485
6162 7067
5027 3251
4400 4656
4734 2232
2007 7812
2224 433
519 7536
5031 5819
5481 5948
3091 2217
6935 7539
3157 3896
4752 1923
5581 675
7648 229
7822 7420
2496 5358
2982 902
4354 6923
3702 403
6796 5557
7380 1447
5556 106
2233 6355
2046 7014
1355 3191
6549 6043
4911 4126
7141 395
3606 294
7846 3391
3499 749
7208 6162
2272 6824
6686 3252
6494 2578
5964 2404
3051 2620
1599 2417
7551 373
8178 7572
7313 8016
5926 4158
7051 1308
3400 7352
4291 2213
257 400
50 7450
1482 7033
3391 7335
3790 2874
7589 3015
4704 1710
4875 7652
3614 7287
2380 1832
7665 5821
3179 4792
6210 1682
5146 4565
7729 5735
4086 4117
2040 3117
3602 1451
5528 1370
1987 4297
6677 5184
4522 811
1975 3175
2537 3125
7116 4214
2446 6934
280 8081
7664 7791
6264 4607
6255 1003
5667 7662
4222 4942
173 4725
6732 7276
7570 5798
6672 4015
1143 1918
6538 8111
4016 7319
450 5672
7054 6175
5046 3734
4485 3728
6732 6609
2280 6045
1740 1407
2120 5673
7207 5631
1212 3612
7030 7476
8118 4064
7683 6773
5869 2802
6694 3861
7979 4979
6048 1436
3383 6206
3289 4100
2191 6700
7610 8013
5769 3831
2558 4090
5181 7700
8240 5163
7883 7788
1371 7091
1287 7702
6455 7652
2966 7971
1384 5869
4948 424
2346 3589
993 6864
1075 2776
362 8148
4211 6529
5253 6318
2570 1153
2301 867
2661 2841
1917 5322
6551 2829
1000 7604
2280 5689
5865 1293
2843 2046
3651 2155
5015 6307
6572 3825
2265 2708
5562 4468
5063 5594
731 5845
1966 7336
6880 179
3618 4329
2248 1758
5864 598
7096 2999
698 7894
7196 6835
2775 2565
5076 5341
363 3479
1766 3831
2790 1730
7645 5490
2506 7980
1236 6275
5986 7521
6333 294
7018 6395
8151 3344
558 4992
4408 435
584 2563
4777 2259
2259 5594
4125 5218
3513 1477
7235 3332
3987 1593
5344 6191
3150 6684
3338 3480
1327 1822
5003 8143
718 6973
7003 3540
801 5455
5436 7305
2156 8204
3714 6389
3764 1525
3227 5803
4801 5108
6465 1088
1500 2079
1549 1660
1358 6948
3254 5293
2399 42
3078 3621
6977 1348
137 1948
5928 4098
4083 1040
2879 2292
7364 6723
1019 4971
1547 4397
3084 6777
3051 2315
8168 8180
6118 6338
2540 3907
1725 4395
4601 5225
7720 7543
2068 5566
5214 3155
6818 5943
7193 1011
5010 6752
5201 7224
5861 1727
6090 3187
3603 4236
2432 7032
528 5331
1258 1852
7892 5270
6088 2547
1909 1445
114 8012
4153 2758
7255 1903
3439 3801
2072 2063
4730 7296
3918 4893
7975 1932
3041 7534
880 1386
5701 2560
2047 1693
1656 3600
1907 7839
197 4451
2898 2108
4188 4747
6174 5325
1688 2678
2178 1153
5157 6280
6960 2771
1067 6679
3831 3685
652 5384
2846 6751
5609 1572
7592 5898
4448 6590
5425 3551
3514 6397
5792 4565
2540 3531
1347 6908
3505 6234
3876 5839
6496 1544
2050 1666
7136 7864
8223 7915
3044 2923
1237 5994
4843 3412
450 3596
4850 4429
2276 616
7449 4651
5245 6062
1485 969
1847 8131
6258 7313
2011 1004
1256 2735
1726 6745
3401 4411
1104 4342
6642 2451
261 2656
605 785
4138 6572
6721 3441
2176 1313
3380 281
4849 734
6732 2880
6661 7599
7363 5207
5795 4022
1648 2078
883 5514
7911 389
7694 7785
8080 2229
363 3678
531 6182
1654 4079
3444 2791
4172 2616
4048 717
964 692
2287 7442
3045 5537
5759 7279
4407 5442
7892 1922
4709 7561
4784 5213
5287 4474
1893 5797
504 22
7107 1853
127 6908
5610 1429
2520 707
7956 996
4545 4003
2641 530
276 3353
6950 7465
7867 1160
7520 7923
3530 4329
4587 7547
8025 5687
6803 7836
6534 4053
2777 4809
931 1205
51 2322
3257 2953
4611 385
7121 8124
4254 473
239 7556
7446 3100
4992 7354
4166 5453
4239 6357
6709 2924
3260 8012
3704 167
2032 5674
7926 7598
3439 2829
6904 4938
6684 6354
1856 4191
7529 543
1520 5638
3009 1016
1459 5770
4756 3946
6606 1197
6116 1713
2260 2526
5098 974
5281 1221
4405 4474
6315 2145
7257 1091
6719 684
3569 461
3556 2182
316 7425
2213 6859
3347 2341
7538 2001
985 2975
6266 513
4986 7457
1510 759
4437 2293
8167 4180
2045 4394
8057 4835
6629 5004
3853 7931
663 5947
2572 2502
2281 2521
2745 7614
1470 6846
338 5980
1077 4907
2174 1408
7136 718
7852 6685
1906 8181
7250 3528
1240 2554
6519 6160
8028 7537
2377 3965
8116 2098
7327 4918
5804 6299
8032 1713
2196 1126
2439 8055
1605 2261
6705 4432
1148 7255
4446 7383
4930 6986
6358 1852
4348 1948
7689 3477
1136 1056
8139 7276
3625 2828
3868 6831
895 281
7828 7438
2108 8212
2232 5760
1926 4393
7023 7206
662 55
6907 6332
1348 6597
6832 7326
6309 8169
4749 2282
417 5507
7108 6558
1929 2618
8201 3303
4852 3315
904 4903
2708 3804
6356 1003
2895 2012
2878 5679
83 2200
6773 5837
4928 2631
1695 2133
485 2686
643 1635
3403 7593
3502 4290
2472 6183
7603 2348
7007 2895
7173 8155
7210 127
5395 4170
729 4685
7508 7887
3341 5673
5688 471
7239 6580
5354 705
3406 8118
7911 1332
4527 7267
8172 1972
7633 5440
7155 6470
6146 3909
165 3672
2884 4059
2011 1669
73 2763
1601 5665
4329 5171
6718 2428
461 638
290 8110
5167 921
4710 69
6953 7959
2104 2741
5973 236
4840 4545
2221 2026
7196 7892
3 4059
4300 549
6514 5949
720 5041
4991 7679
3871 2983
4192 4546
7037 6400
4021 2204
6578 1491
3769 3982
3402 4476
7720 563
706 3914
3174 6376
5228 269
6214 1692
4352 7275
6842 5250
4834 3166
1581 7199
6306 7884
6345 4618
167 431
6711 6319
5175 5924
4053 7879
482 7946
2827 5962
2078 3248
686 3117
2932 561
5990 1972
6283 1677
3499 2461
5370 1583
4585 2568
3713 283
2283 6297
5249 1678
456 2857
7938 3632
270 6726
4982 607
4590 1929
6670 3140
6706 2923
4997 4689
663 1291
1609 181
8232 2826
200 3625
5636 5171
8084 7241
5040 4024
7901 5814
3449 6172
8022 1109
6774 1245
2905 6305
2363 8247
1714 6469
1319 8096
7028 6416
3088 7022
6020 7970
1890 4128
6802 387
1802 3733
6851 3812
6710 575
5592 6469
5732 4119
3774 6368
7253 4233
4921 2005
8144 892
1050 6646
6154 3081
460 6961
847 4027
6742 668
5627 4851
8160 3605
4225 1481
2888 3461
6598 4657
1471 7513
4828 7646
6902 1866
3758 50
4381 2999
3281 5904
7776 4903
6908 2480
321 1350
5034 1337
1802 4927
3538 2771
2045 7887
1844 1946
8246 7820
1924 4392
3115 2930
4667 4156
615 2178
1449 630
1723 7571
2129 7782
1904 1469
7240 4406
7816 2649
1538 323
3558 7810
3329 6483
5180 5947
1591 6684
4846 4029
3261 6022
4943 3384
3034 7786
1108 5030
1565 7907
4903 6181
7148 6270
3547 7442
7097 5466
1606 2551
693 1357
7811 1774
5976 1030
8146 3170
3447 4932
5824 4740
2892 522
5332 44
3528 7615
7742 6211
3713 5128
6720 1813
6990 3381
3449 1208
7474 7979
5208 3609
2274 1636
5209 1925
7749 7060
6552 4370
1618 5518
4478 6792
7936 8033
4269 3879
683 1747
2120 5093
811 7764
4717 1391
1114 1410
7939 7729
2960 1727
6935 5650
1233 7925
3910 6934
708 1384
2265 173
3189 3175
3531 1828
1876 6835
1314 1374
7624 1263
3015 6127
3241 2051
6188 1281
1812 4839
2340 3272
7323 2525
1928 7483
420 6921
4688 3935
483 5955
6529 8056
731 1114
4907 7938
8201 7078
4429 1519
5873 5592
6201 1254
3085 7458
4603 2143
7892 7061
4853 5618
7772 1044
3751 1878
1373 5537
7349 2100
3522 4648
2909 1472
6429 5442
1812 1984
6887 7737
1227 6639
506 1902
2182 7598
7101 7131
2086 2895
6733 2028
7862 4596
312 6330
1675 816
4850 396
2312 147
7317 4900
7771 6678
693 1100
3562 565
5910 804
3290 1453
4800 5374
3900 3177
1933 5099
2080 1916
4907 527
4413 1648
6632 2700
7009 6041
7883 3074
4834 4793
7678 4767
941 2441
4359 6983
5280 4182
1851 6275
3520 5271
1089 571
6061 1928
4880 805
1675 1041
4 7148
1888 7299
6303 530
540 5485
1299 5872
6539 5711
5233 3118
3951 964
4480 7759
1698 2113
7061 1822
7390 119
1474 6695
5323 174
6867 8210
1764 7756
7904 2696
1578 3039
8248 5007
1865 224
448 4690
4261 1598
3111 3302
3396 1585
7948 4497
6363 3894
1054 5200
2232 5405
5726 630
2386 7697
6645 5746
4558 4776
6945 1804
7175 5134
5834 7114
1497 3605
6812 5410
7270 2086
7936 4891
5638 196
5722 7716
635 4568
209 1620
5417 6391
6002 6452
4305 8035
495 4616
699 6481
3688 2654
2167 6487
431 5044
3624 7323
534 5020
2469 5582
3646 2622
2950 5546
2982 3851
2710 8020
7889 5722
140 7732
6289 5394
500 5667
4937 7778
471 4253
6130 4972
1478 4156
5505 7400
122 7371
7360 7192
5235 5243
192 2663
5431 7676
2498 2088
8110 3988
174 4900
8040 4438
3615 525
3087 3070
6417 6769
2303 7583
1675 6299
1740 505
458 3057
2229 4915
6985 184
2933 7172
967 6529
523 3513
6428 2819
3785 6026
2935 4617
7181 3003
2604 4400
6044 1777
5815 7073
1923 6225
6326 6875
7652 477
4921 984
3019 489
7082 4820
201 4255
7937 7467
8114 1633
1821 413
5891 5839
4198 4997
3910 6102
4783 5447
5287 7764
7257 4869
4097 4593
4447 4125
3502 4248
348 4205
637 6436
736 592
6567 3781
693 3999
1625 7045
6110 1271
4966 7816
3835 7389
2972 3026
6149 4506
1270 5330
3677 819
2430 1812
6730 3048
6848 4893
244 606
5378 1674
6986 269
1735 3971
404 4281
6931 4988
2668 3058
4905 3710
6203 3896
2711 288
3198 7718
4522 2853
4967 6207
5296 7703
3937 4081
6220 498
488 3874
7462 3426
4821 2098
1268 4405
2118 324
4436 6039
3758 3994
5042 7631
1152 2494
8162 7878
4619 6922
1889 2859
6081 4913
8190 3981
7973 2950
3554 473
5679 432
94 1605
1941 200
2093 6395
2469 4418
3562 674
7332 30
4359 1178
4649 5513
7145 3784
4440 6814
7641 4999
725 4926
5297 2600
4117 6938
4702 6105
602 639
6181 1043
3134 4667
1630 3349
4462 8247
8213 3580
1083 7528
4448 1034
1094 4195
8014 7610
844 2809
6612 3338
2099 4067
6372 3645
7611 451
42 420
7960 192
391 7091
2403 1947
200 495
8206 1233
5528 6811
4831 714
7636 7329
4232 8239
299 4454
3104 5146
2613 202
3770 5853
6406 8179
2657 2637
1592 3699
5981 3984
8141 8245
3950 207
544 5891
1450 7102
4628 5330
5332 2487
4184 5549
1836 839
2623 7689
2590 794
2132 3439
7753 3945
3181 680
3334 2888
7991 2293
2517 7207
580 4514
313 4579
4192 1272
1617 1575
508 2263
5630 7980
950 5779
6249 926
7660 3604
2372 6120
7439 7036
6860 974
894 4735
3804 728
3322 4718
3068 4877
617 8007
7178 7182
6504 7885
2997 3203
7610 6693
5242 1950
5283 5239
8115 2774
5890 6804
4026 2214
4590 5667
2720 5676
7690 6181
7334 7646
4577 2289
7180 7888
4968 4473
4027 1703
5848 1970
5545 5903
5776 6163
7419 8072
3674 214
2687 4279
7963 6857
7089 8091
4232 309
8002 5723
8112 6908
6672 76
4023 2830
5691 1381
8193 5099
5616 2769
7130 7447
2032 4925
7566 2494
1361 6031
4308 5164
3692 8001
6943 6720
7059 2420
2615 6679
4822 7288
4676 4712
6095 7565
3712 4291
4687 1802
5267 4330
1504 3598
1981 7881
6330 6607
3505 7636
4353 5277
3550 7409
700 3603
866 7836
8047 1507
6177 7824
2367 2509
1586 6572
7027 2454
5315 2464
1771 6181
8156 6759
1898 3126
5812 3757
8127 2168
4194 1817
6289 1118
4108 3331
7836 439
144 3849
5991 3636
558 1556
5153 3496
3920 5641
7248 3056
7576 5901
765 3080
6608 599
1090 8224
58 746
6516 5382
76 4668
3334 8018
2309 7433
4290 5917
751 7094
6901 502
5700 298
1675 6416
7980 2206
6835 5768
6293 3834
6075 4592
8107 2980
5794 3772
4235 3315
7989 6496
6577 7017
2275 1814
1868 1148
7708 1335
7115 5564
7825 6056
1508 5087
5699 7969
3641 317
5954 7720
588 3382
4153 3694
5254 3400
1513 4567
1603 1530
2935 4701
6612 5011
5828 3649
7711 2785
1536 6610
3404 7749
1938 1509
5086 1758
6617 4874
2777 1543
5002 422
4616 5504
3255 4844
2815 3163
4713 167
4212 1527
2921 7468
8207 7869
7177 8094
5204 5094
6353 4059
492 4863
8217 4670
765 940
3772 6871
2554 501
4695 4568
5104 6550
1345 5595
3976 7200
6547 1235
6473 7696
3290 5619
4270 1593
5066 1134
1218 4625
6976 1303
6363 3470
5498 3450
1724 8174
3895 5156
7642 32
5565 6899
5521 5166
7916 4364
3505 8068
8168 6122
1660 4850
5936 4257
1628 4325
6599 2516
3999 6125
1492 453
1728 5451
536 7731
1144 188
6352 5330
5859 4660
2970 203
2321 358
3384 7695
6991 6729
2344 5451
3809 6309
2894 1919
487 7163
1780 907
3680 444
1095 4123
3015 1442
7202 701
5121 6653
4286 7645
3951 4458
6765 2713
891 2351
1799 5021
2220 1820
1757 4403
3266 4949
3817 3114
8187 904
6019 7727
7806 2759
4734 660
5238 4665
2094 1862
5569 4840
4820 3778
1002 1707
5870 7252
8208 7120
1158 6250
6661 5648
4208 3653
2046 7945
4519 6263
7893 2404
7862 3976
5373 6375
2875 4202
7233 6970
1209 1946
7356 7523
1737 5891
2962 6481
4408 4540
4266 14
7492 3477
3019 6732
2112 3008
3326 7963
5829 6822
620 5677
3320 5353
2093 4293
6436 8105
2111 2576
5265 5840
7099 5972
1036 1922
8235 8043
3498 6752
3726 7624
6230 2723
3811 1913
4879 5132
1491 5156
1912 7351
5161 8039
6135 5128
2674 5620
413 3417
2568 4609
1013 5230
6316 2100
413 6716
6210 557
2689 4656
6076 3978
5877 3088
414 3913
5595 3724
2317 2426
5969 2615
612 1358
3389 6548
8028 1664
942 5679
7830 6980
1126 2285
6861 5489
3332 1879
7641 2710
4723 2405
8054 5187
82 2132
1424 4101
4510 7141
6834 5753
252 3709
1047 5091
6920 5270
1174 7668
4655 1729
205 8011
5130 231
1850 1500
1793 4850
2633 2758
3891 7473
4919 1217
2454 1223
5171 4880
6712 7370
4512 3769
4110 4553
6609 4737
4358 3634
3116 257
6466 924
751 6413
2631 1200
4656 4487
765 3120
5408 7753
5163 3481
6722 5404
669 8227
6677 278
5016 2587
7603 2640
994 8154
3528 1980
2200 829
1053 1326
3140 1952
5257 7182
3663 7836
2478 6894
6911 704
3094 7226
5358 54
6776 3439
4875 7004
2136 686
8014 3901
661 5738
6959 2965
5360 2809
6952 2287
5070 4820
1635 7441
6972 3842
2590 1788
4638 7074
3022 6563
3409 5446
4873 227
8048 1510
5721 3157
7248 8046
5710 7575
6205 3993
