8597
4554 5753
2839 4335
129 662
2512 3329
8247 5914
3170 3213
4953 5813
4994 3554
7447 3933
6597 3303
3942 5265
3360 7022
5992 7988
7900 5971
4950 766
599 4649
1405 5099
1358 5874
3608 6789
7381 3376
2449 769
238 880
4935 2587
3876 2454
1958 178
8497 1432
5673 3890
3499 3317
1058 4502
2391 8457
8353 1927
4729 4212
2672 744
3728 3328
6424 5695
5305 5952
396 7582
4476 1283
2097 234
7816 124
709 7239
2051 2618
4125 5444
2707 6732
3766 2447
1923 2132
632 143
5177 2546
5605 6211
7597 4351
7334 8365
4615 5111
5519 5382
4741 2525
5918 4862
3063 2216
8393 1971
6035 3233
7910 408
7946 2468
401 1224
2371 5655
1020 7702
2893 3780
2449 508
1450 6938
1100 59
702 7854
4398 3346
458 937
1974 8454
3760 6484
1537 3151
6745 433
2929 4850
6173 1568
3941 2242
181 7296
1354 6431
3 4403
5123 8392
1249 4703
8491 5460
4228 709
5966 5174
8569 1426
3497 2774
5656 8350
4412 4957
7738 495
7131 7947
4403 7120
1831 4440
3980 6213
7458 8230
7618 6921
955 2944
2321 1997
2975 1944
6314 8070
7611 6809
5093 8018
517 8595
641 6801
2119 5740
3834 6290
2272 1619
3475 7428
3483 4145
2811 2916
1936 6129
3101 5206
5617 273
78 4156
3595 3631
326 7552
5314 6920
897 2629
3563 7516
8470 8532
138 1945
7455 307
6609 1357
2305 399
888 3914
8287 5540
6814 7304
7567 4991
3030 8324
7924 3148
6951 3947
6391 6992
826 1307
3475 3255
5046 8232
6111 6692
583 4577
3612 4500
5293 3387
1491 279
7708 4700
5416 3724
4808 559
552 4567
4040 7195
6564 4483
7126 4926
7768 5937
4000 3347
7887 5764
4367 5711
8460 2328
3499 5742
2425 2971
906 4484
939 6157
1402 3324
6767 8280
5920 4639
3643 360
3470 7776
4324 5427
6179 2749
6598 4818
3082 5242
1000 7584
4847 2220
4241 5632
1036 2472
990 3078
1738 3978
2401 3091
2710 2625
5631 3254
6613 2164
6158 6593
5494 8546
2360 5469
1239 5042
956 7974
1353 2183
7396 735
6656 7493
1375 2529
1169 6490
7574 5097
6352 4537
3057 414
4428 2907
145 6743
7851 6095
5001 8078
2898 4641
1582 4337
1132 4268
3598 4583
7498 3213
171 3416
6580 3294
2072 2273
6407 3314
1931 1808
8411 7586
6183 7491
3401 8379
2135 7392
861 4102
676 5430
5059 338
1911 734
5171 3446
325 4547
6067 5429
7732 2511
4515 1432
8244 6205
5833 5625
7587 3638
2814 8036
1418 185
575 1920
4661 7134
872 7814
2991 360
3945 2509
6120 4049
3318 4947
6150 6825
6338 8226
3537 211
51 2590
2697 4235
2166 5294
5629 667
6544 6193
8456 6350
2327 2791
1636 425
770 6497
1370 6836
5437 4541
2605 1413
1619 174
5117 3503
3327 226
5134 996
1073 5103
990 2735
2361 443
2232 7743
4284 2205
5906 4493
8209 1041
6664 5334
4262 6783
7783 6876
4201 8193
537 6037
2239 8080
6966 6797
4324 2004
1301 5013
7782 3944
6290 3917
6712 5552
1459 8073
7314 1088
2257 6226
6664 8185
7368 5934
3674 5434
4403 7603
1044 1954
1738 432
158 6658
3673 5326
3976 572
4317 4262
6218 6271
691 1728
1486 1956
5610 6904
4695 1316
6361 8061
2484 324
1801 4223
3145 8334
1287 7322
6665 5340
2964 881
4407 6980
3061 3860
800 6137
1703 3068
6270 732
2797 980
4787 6129
4001 123
7604 2638
6162 6767
6134 4927
6389 7841
249 3493
3015 7725
8503 3909
1803 997
6627 8441
6238 7156
3856 2679
5150 4129
8043 3079
4783 6324
3879 7821
4888 7006
4090 2229
7155 2705
5461 6430
5822 976
6633 4860
5987 3693
6776 3818
1389 7453
316 3232
4594 2770
7867 268
8410 198
1021 3341
2666 8443
6247 4720
7724 7361
4242 375
4219 4662
357 1198
2929 1238
4657 3778
1238 560
3899 4651
5039 1735
4816 3185
7964 6242
3989 6951
6150 4576
1283 7622
5407 7193
4827 8525
8533 128
5971 3885
6468 5136
5091 2907
3434 6391
291 3003
8350 2179
4463 2634
7102 599
674 4427
5840 1101
1688 921
3905 3969
2503 7053
1364 1853
2681 7864
5632 3278
6189 7637
6474 5207
6174 3812
6025 6500
8049 699
8478 4155
1080 6224
4058 2204
550 5805
6182 3600
1325 5711
7589 1089
2631 6774
5426 8381
2423 1018
6180 863
5194 3860
5588 7319
2910 1667
3607 30
3806 7910
563 6111
4103 2764
6103 3013
7329 1154
2170 5535
2801 2229
3734 3390
6013 3128
1628 1648
8517 6026
968 8199
8497 6451
8002 5905
5497 4160
8211 3106
2326 2278
3999 1158
8382 2422
2165 1995
1440 5116
2295 3826
4929 6658
4498 5006
3432 4766
2592 2334
2049 2428
8512 7041
3259 7705
2409 7233
3944 7222
3919 4426
2000 7463
2380 3506
8063 4402
1303 1498
6621 5877
3623 3448
3905 2707
8190 3864
6074 1363
4082 3185
2832 1230
6478 8304
1950 6904
1722 1946
339 4878
4313 7485
7150 8061
7692 455
4656 3246
1527 2377
5852 2877
4842 2155
888 3749
6023 7818
7851 532
1687 154
5825 3458
3336 7779
1944 4176
4126 7314
5263 2724
5988 1413
6824 7499
505 3129
229 497
7236 8016
5384 1736
7048 4665
8469 2014
6285 1530
4281 1050
2030 5177
6389 3848
7015 8275
1037 1877
8418 8045
5162 3963
243 3663
8334 8389
6531 2058
3888 1955
516 8570
3862 3602
2596 5242
2030 5269
1678 5735
1008 805
2437 3911
2972 789
3651 4471
2053 1273
1197 7709
4789 6309
2458 2570
5223 4993
2138 2029
503 6152
1671 8032
6762 6929
3845 444
4591 1430
7094 6254
4678 384
7915 1697
2292 1356
6141 7948
4613 5396
4734 8063
7382 1258
1760 8575
8382 2193
2968 5944
3474 7147
2955 3884
7189 7526
5201 4675
4485 2117
8486 6728
3849 2381
1548 6972
4114 5952
2000 2081
4947 6941
5075 4548
2727 7414
7712 483
428 1114
3833 1866
6325 7103
7208 1516
4254 2303
6818 3238
2305 6147
1218 8237
6427 2640
4842 7824
2246 543
844 3490
8080 6554
3805 6013
7651 6697
4589 4971
723 5102
774 1580
6159 6618
2482 3658
5691 4310
4727 947
3556 7381
8320 4062
6573 6004
1314 3012
1470 7082
929 3890
6913 3357
2088 3886
4170 1080
7965 7526
1401 6330
1853 2804
957 6361
4329 6465
5814 3722
6771 2736
1826 3149
5176 450
6373 6067
2104 2555
757 678
822 5867
2198 8067
2328 7713
7621 5384
2572 7883
2011 6504
3067 1208
7876 1842
2930 1425
8393 4952
8272 7798
878 2
5690 2010
2787 5506
6000 6004
1551 4976
7486 5105
1654 6605
3005 1606
2605 5679
980 1782
4498 1029
7097 8435
1326 3171
235 5753
557 7656
6021 3924
3513 4895
3741 7013
3321 6236
4704 8566
2274 6656
5663 350
7915 7954
786 4921
7922 952
4724 1693
1484 4901
1001 7570
1769 8403
1670 4735
4284 4967
5113 4686
1248 5451
2577 6253
7731 1328
1689 3387
6542 1826
6410 5997
2738 5655
6349 5361
2540 2903
84 4109
6644 2335
4071 3727
6522 5528
7771 6534
7580 8299
2125 7454
5972 6098
547 5943
1402 298
7700 3342
180 1340
7738 8396
4421 4147
1471 2372
6941 1567
7055 7173
5207 4990
5309 3707
2504 844
8214 7870
7848 3260
3944 7427
6463 7721
3881 1133
623 8399
428 3915
5573 4159
7436 6479
659 5078
3700 8445
5960 3880
5604 5732
7920 5757
1652 8080
4455 3837
4898 2880
5359 2270
7581 2066
1185 3421
2320 2932
4513 449
2575 6520
7022 4090
2126 4122
4924 7354
2599 5014
5683 6632
2040 3363
7647 198
4666 4545
867 2181
5707 5145
5782 1879
7036 1252
7319 250
8119 2930
1137 7489
5079 7208
361 4669
4794 4709
3375 2654
503 5467
700 3662
3503 1801
5824 7229
3537 3221
3638 1522
7332 8274
5250 4472
8190 8415
4628 2003
2605 6287
7900 1526
6161 2988
7070 7858
4097 5497
2473 1235
1787 7539
3731 6211
3767 3407
7171 7860
6547 5358
6466 5430
148 196
1332 5228
4215 5538
2068 353
5596 5462
2347 462
4798 2959
2234 277
1331 4331
2097 1798
664 4311
8408 1059
5242 379
8085 1831
2076 6586
913 5506
4319 445
3115 5537
7500 6376
6841 6223
605 3759
899 766
831 1958
6690 1542
7845 3399
5798 484
6244 3710
2798 5840
6364 31
7719 5404
3822 4899
7526 827
3329 3795
1812 4914
34 6677
1349 2111
6380 3579
2043 2142
635 2508
3680 4039
1109 8372
3141 2664
6559 4252
6353 3680
6939 2861
559 2804
5145 8156
6556 2573
1454 8269
6855 6104
3600 5697
7575 1617
5571 7005
5591 4965
6382 275
4921 2950
8489 1184
47 1751
5852 6965
2158 8508
4802 505
5460 5917
5407 2105
2253 1716
317 7840
4981 7632
1856 3118
6753 630
5275 709
402 8224
7695 7375
8302 5187
1519 8250
6413 6275
6315 6272
541 3943
403 4666
8584 3872
2396 6651
1028 2242
4683 8188
2588 3900
3766 2546
6060 4358
4384 2402
4285 334
3123 6713
7418 1184
3183 4213
5544 5029
7191 587
7839 5560
7838 3499
4875 3454
5620 4864
215 7728
5142 5892
3790 4422
5382 6850
428 5719
5646 2385
7278 3981
6409 2140
8217 4712
6132 2153
7559 3048
6358 4794
1887 635
5431 596
3015 1246
8248 809
3246 3460
2048 3016
2526 1187
2666 3123
1969 3490
7088 2588
220 4539
1553 1300
7663 2638
8138 6822
3733 3203
443 8033
8139 1043
8318 4626
1302 1500
3591 6784
6126 5350
118 1136
1990 8013
1966 4140
295 5288
6378 5798
131 1535
5245 5209
3883 6437
2293 1932
1101 2866
1129 2211
2387 183
2671 6424
221 1534
1839 5572
5292 3230
5835 1057
7985 7473
5558 2404
8183 3122
5544 3823
2006 2834
8223 3116
2470 7892
1768 8321
4332 1789
8142 3029
4357 8231
2286 4360
2271 272
3112 114
5393 2409
818 4891
4766 7560
2446 3747
6509 7693
3052 5313
5727 3342
7598 3383
397 7657
7011 8373
7864 7109
5717 5429
2581 4766
4826 4148
7463 5301
7727 8166
6912 5893
1264 4991
8048 7496
3196 5946
633 177
2549 1952
7907 5479
5070 5586
6004 1542
715 1393
4812 4115
2786 3587
6147 4352
7136 5990
1040 5338
2419 7897
3924 5733
4857 5210
4543 2538
564 981
1205 4225
1116 2441
8131 4798
7175 6040
8530 3176
5611 933
3942 3775
1806 7703
1383 5614
4977 8330
3190 5241
1028 6606
506 6012
734 6750
3271 7139
7242 5617
3645 6059
7214 8170
7973 7382
7074 6712
6784 6250
1042 1964
1391 543
2182 8084
4481 7419
4747 7891
378 4337
8339 7929
3972 7292
1427 664
2182 5796
7237 1785
1216 7178
1618 542
6278 1996
6156 4703
6641 1894
8481 7854
8435 7960
6389 6734
7880 3769
5549 4588
6765 6181
5195 4195
1407 4859
5198 106
3348 8413
5132 4391
1485 2409
3266 814
2999 5150
6587 5429
5914 863
4043 2794
43 5549
6483 1044
2380 7597
8202 6602
6702 7237
711 121
6816 7442
5505 1235
6177 3205
8194 7003
4999 8573
7953 7467
3325 3540
7431 5774
4234 3718
8191 884
2958 2888
1897 8065
3225 4148
5819 8494
2888 6802
5068 7034
4076 6012
1666 7593
429 6336
3395 2607
2802 6807
7553 5037
4219 710
550 8234
6621 2523
6944 1026
657 4199
7344 5823
5199 4084
6286 3890
7908 1697
3652 425
3237 431
1968 1801
4743 7169
5981 436
106 5416
2933 5938
6699 4795
6788 4904
4284 4785
3267 2748
4124 1784
6633 3198
1494 4761
5449 5501
3812 1667
5715 8199
5064 6791
3504 997
4724 7457
6975 4103
3444 7518
3659 6467
6871 4688
5014 3295
107 2109
2046 1598
948 753
2264 7348
782 3310
666 4666
8112 3896
2089 4978
7444 847
5874 3834
7822 2319
2772 4181
5497 4561
4211 4695
4718 27
8538 3194
4993 2060
7367 5699
4949 6660
7706 5570
801 1919
384 5923
4534 6922
6199 6021
453 8435
2637 3367
3033 7928
7463 8459
686 6065
3624 4032
434 4857
4231 4592
8373 7248
1264 5970
4438 843
4159 8384
1065 1061
3887 6904
8038 5523
1058 5556
487 4272
7773 6731
8513 7451
7358 1237
3290 404
6595 1506
6971 1338
946 5050
67 4529
740 3503
7160 393
456 1963
8559 488
3233 5973
6113 67
6395 4236
4724 1156
4794 5608
933 1778
8403 8079
3887 5089
4769 810
4417 226
3756 928
5255 4257
2079 607
2704 464
6300 5018
5066 2649
8544 6862
5241 5817
4892 6768
1099 1651
7897 2376
3192 351
5372 5256
5072 8038
6399 1770
1342 4519
4113 3348
8588 1181
7249 8342
4894 5067
7360 6115
4753 7204
3375 8478
876 2941
6035 8524
2841 6663
4523 3178
3160 5563
5589 824
2526 2367
4785 5244
7660 8136
7099 5325
8115 663
7696 6113
6160 4099
3118 2218
1689 8560
3855 2136
5365 5574
5119 345
2906 5436
5314 4677
4644 1034
2743 1138
8082 898
2853 1928
1018 2665
180 4195
5232 2556
5868 7079
206 2701
1268 1659
5071 7319
5118 1876
689 116
3240 7541
6739 7237
280 7589
4721 7398
5410 7727
3213 4525
11 1014
7407 7882
8591 6435
5230 6010
4217 5529
1160 8175
1133 7727
2432 1353
4138 6421
6421 7296
3539 666
7921 5314
2903 4830
2460 1019
822 5400
946 1076
1324 6416
8309 6877
2972 3921
3350 5729
363 2544
1443 760
2532 4517
3536 8143
1555 4960
4385 6030
1629 987
7900 4085
763 736
6255 7999
145 7993
3478 1292
6737 2541
4441 8405
6262 3670
5744 5961
944 3183
5733 90
7540 7889
5988 6329
752 925
1296 8534
1198 4921
3928 4122
6427 2658
134 4276
3100 1179
4390 2598
5842 1401
8163 3498
3925 6014
535 3104
3674 1868
96 5005
5874 7471
928 4868
4567 6837
4323 160
3516 5212
4176 1888
2627 4187
1307 3417
7021 6942
139 5735
5254 5738
2656 2842
6775 331
4452 344
7280 4745
4766 1487
4515 8120
4887 7217
6297 5051
5105 8247
955 345
4697 5623
3777 1384
1114 706
1424 2022
5834 331
5654 1391
6414 95
6960 7134
7480 4986
2419 7849
3715 5691
4707 5705
2927 2820
1180 4480
3425 6699
1851 7956
4175 4572
8395 6709
4206 213
1107 1898
5384 893
7420 2902
5971 1530
6832 5982
2009 7343
1260 5464
391 6239
4559 528
1991 7937
5801 5984
476 6282
2663 4779
7314 5630
6624 4603
6013 7802
1397 7296
2470 8128
7821 6035
4419 2265
4638 6317
2385 436
352 5755
3399 2148
615 6038
3756 6105
1598 3257
2616 5578
2696 3014
5207 7423
2047 5173
1135 2961
6034 1499
224 5068
7497 1068
26 7743
471 6611
5266 4897
3330 1261
660 4529
2436 7627
7497 1972
969 4665
6324 1421
3605 224
4000 4273
3865 5044
686 6585
2592 2170
4839 2331
5149 7532
5994 6301
4147 2003
6573 4791
4361 454
2786 3420
2714 7695
3135 6311
6721 3549
2285 6140
4499 3497
4721 6859
2410 2946
831 4107
8272 2564
5040 8376
911 3070
5930 6686
5934 6535
289 1342
853 5393
5823 348
7538 4827
7459 835
264 3848
8390 1329
460 997
65 4099
4961 2791
5510 2227
4704 7106
4328 857
7505 2177
1023 4831
1898 6777
3433 5461
6778 3698
3341 7011
7561 7728
5988 6097
5362 7879
991 7463
6035 6033
5184 2587
374 5157
5578 2592
5391 4421
7042 175
7864 1458
5109 7762
7234 5983
4230 2508
37 7242
5746 2760
4553 4537
6909 3244
569 4252
911 3533
6376 6866
1577 6888
2802 2481
79 4253
3490 8086
6515 1364
3481 8446
3556 1366
4447 4794
6420 5132
2096 5931
6237 7931
4663 8240
3979 8224
4429 7249
8064 5693
2364 8495
6195 1131
7821 1636
5596 5567
4544 7969
4652 2798
1026 2106
6381 1003
4427 6436
6675 545
8049 8252
982 306
2185 5899
2840 363
2790 1514
8371 502
1033 4758
5035 5028
343 6451
4632 1859
4515 3310
1936 4146
5364 5645
432 3056
3589 5859
262 1519
4111 6994
4892 485
7316 4087
6770 7604
1947 1131
7551 3305
2178 7198
5921 1563
4810 723
4867 4951
1650 462
6008 6117
5064 11
771 5516
3103 4222
1885 6448
103 3133
5364 5012
8009 6889
5337 221
7955 4046
4402 2188
800 778
1130 5913
35 4650
53 757
5563 7430
3606 3874
2996 1039
8398 3492
6190 2957
2433 6096
2003 8483
4001 3127
6977 7202
4555 87
405 8288
1556 2778
1023 1585
8366 5309
7512 4542
1317 7157
4253 1695
72 4929
7247 6809
1186 3808
4140 6351
4264 889
347 7357
2365 833
6321 42
4136 2750
5193 104
5307 4936
467 519
4670 2198
8418 6666
1027 6755
6471 2694
8138 1473
7399 114
4841 2829
5862 7814
3060 5932
7574 4091
6940 2118
8248 2448
1572 8053
2853 722
3146 6069
3755 926
4577 6779
7514 6176
1658 7561
1949 246
4158 7178
653 6315
8364 1255
7996 333
3305 3140
2789 6306
7344 7313
2712 2435
7113 686
4496 882
3118 8551
3000 7032
3677 377
6825 5600
4671 7798
7702 7105
4541 127
6599 8089
4355 517
4758 4523
3984 1488
3111 7230
864 7477
1679 6079
3281 360
8010 7343
239 3592
3258 5582
1851 4985
8381 5297
7662 2403
6127 121
3868 5043
5375 2532
705 5910
3052 2122
4227 6723
783 1501
8408 1022
4720 1812
831 7370
5894 8290
5712 5421
7772 3347
4108 5089
2736 1435
8546 6765
5625 7560
2207 4881
6283 233
1973 2339
4352 3960
531 8331
6974 3874
2487 4905
3631 5055
800 1907
8120 4739
7546 7560
1032 1810
8298 6744
2736 3284
7191 5443
1222 4309
320 7422
1843 1921
4974 7358
7084 127
6469 6752
5098 712
7212 1970
515 1156
5441 5549
1244 1656
53 6758
168 5310
1141 8557
3770 3746
3236 1050
3929 7223
1744 6360
3676 788
1610 2979
1526 82
1587 3262
216 4527
1719 3919
7636 7381
2041 4140
5528 859
1938 8538
4105 8167
3986 4073
4463 7197
8524 2757
997 360
7280 2989
971 7780
8257 1982
3265 4336
3033 7701
3207 1437
1686 4515
4227 3706
1819 2603
8574 1668
2097 5898
7168 1204
7462 4010
1296 4743
368 4339
5589 1959
8066 4448
6864 5093
8554 6232
688 7035
4381 5296
3621 2333
4177 6353
3199 6595
8270 251
5812 1637
7902 3371
7858 533
6977 892
6731 2884
937 3658
4216 6039
2063 7387
7943 4168
5443 1402
7022 4181
761 7341
8506 6724
6012 6678
3857 5106
3620 8047
542 905
6342 2189
2015 2035
7544 8269
8077 2738
3298 8038
5651 4962
16 6471
2624 6933
7336 2483
8094 7063
711 1549
1327 2613
1119 7808
2221 5360
5703 3409
6782 5419
5949 6036
7132 4234
3658 1166
5577 8517
1590 416
4775 3817
7326 1307
7552 1542
5514 1738
3173 7359
3369 4948
7821 4852
5146 1224
3453 5851
5251 2251
2681 3556
8438 7715
5832 2437
88 2530
5053 2407
3924 1231
5555 4059
4286 5782
1577 5794
1918 3878
2635 2798
1826 6598
6075 2343
1546 4564
1229 3801
4674 6745
718 2525
1584 6817
4559 7707
3736 5549
7423 4633
1156 7275
1004 665
7144 227
4814 7661
1928 335
7743 5571
2130 3200
6735 7367
952 6576
1283 2282
8108 3344
1824 8277
7718 969
11 2168
1919 5715
5167 6730
8348 5064
7696 7730
3454 7797
6213 3233
1122 7637
4811 919
3431 5799
2525 4856
4423 5486
6134 2274
6502 7694
6306 3275
1315 7529
5665 6954
1540 6266
8034 2995
261 7914
8236 2276
722 8236
7842 1074
4735 6486
7672 32
2208 4632
2495 6621
815 5993
5202 1106
24 2187
6558 2009
7996 3545
1609 5142
1053 8516
2959 8249
7430 6522
8250 2103
331 5059
7507 6029
3726 413
2177 2309
6854 7127
7209 4585
4180 6142
586 4418
4290 5727
7437 6456
628 1629
6170 458
8240 6743
3221 272
2617 2248
7678 6212
6179 7193
3225 3276
7583 8236
2321 5064
579 7458
6345 6395
4037 4421
8122 2022
7415 6889
5252 3508
7691 2202
8054 1094
4472 695
5644 4387
3608 2816
6351 6852
3599 4674
1142 8427
1281 2131
4836 5297
5963 6541
3774 779
1935 6898
5408 1280
3500 7281
148 4011
3597 2501
4467 6624
1510 4938
5602 323
6715 3675
461 2722
7224 3015
2183 29
7073 2863
1467 5930
4736 3991
3771 3906
5845 2625
5020 2231
5430 2302
6309 314
1060 1621
4675 3484
3967 6693
7390 7761
3666 1564
2815 6855
3733 3063
6323 6741
6055 1503
8005 3107
5913 1515
7034 8170
4192 7210
3836 6112
6282 4120
4677 1034
5854 1241
6771 1547
7984 8462
6108 2666
5169 5082
7960 2870
164 7512
1264 1354
7234 6414
908 5316
3188 5776
5891 3093
6594 259
6261 7916
7016 6859
2619 3527
5018 4302
986 3831
1652 3657
5075 6761
804 7994
1092 1446
8545 4161
2820 490
6485 2090
3062 3993
871 7883
7328 4701
8149 3845
6893 86
8349 1466
6696 2180
6389 7659
7508 5153
7487 7649
7315 1524
8174 7966
4747 6695
3849 336
6668 6628
4035 5093
3865 2145
6980 5249
2088 1402
3360 8274
446 1727
4159 1379
7037 2144
8152 7320
8295 4297
6457 3243
4238 5971
2629 4763
5657 162
2182 5361
5454 1054
7622 6949
6124 1347
4674 8096
6619 1726
6675 4786
5930 2644
24 7974
1877 2479
5539 3575
26 7496
6438 8297
8254 537
5593 3314
4893 2602
6524 5619
7484 1652
2024 1705
8088 1483
7762 8501
5063 7248
1737 4218
4908 3968
3204 2191
7220 7000
6328 1925
6756 5890
6731 4747
3870 6963
1514 2906
4220 2057
5578 2664
3364 7985
2700 84
3766 7800
5602 5628
6557 627
8098 8346
6146 7450
6080 6620
4138 3574
972 1163
2651 8254
1061 8344
5003 5196
5897 7481
899 7017
1817 1458
5781 5921
1735 499
1654 7381
963 5734
2774 3851
6793 5052
4566 5319
8297 1126
3209 331
4851 7322
7912 6246
6885 1405
6421 4478
2942 8497
5808 2393
5443 5262
2762 2505
3410 7199
7523 2462
1554 3335
3354 4921
61 4137
8587 893
4618 945
2851 1277
5575 8123
7242 2437
3916 7272
7312 471
3349 7013
4721 1514
15 7672
6904 3700
1729 1774
3326 912
8368 6405
5830 4965
1668 3232
4375 6606
4402 2258
3729 3859
8240 6047
8077 8525
4244 5384
2329 3242
6693 2355
8305 1209
7893 5070
129 3569
1400 1471
7818 2008
8004 4719
7076 6611
1794 6258
1008 5199
1890 7640
6479 2549
976 7679
3578 4814
4194 7861
7637 5936
716 6464
5071 1734
8050 2429
7067 6319
3356 2978
3205 6958
1640 5297
5885 7960
2241 7970
1109 10
139 1211
2561 172
4673 3484
7270 19
8140 1110
2164 7761
4336 4373
375 7522
6391 8047
5007 1195
6151 6866
4944 2259
1281 1008
6566 4364
1811 8242
6560 1113
693 4520
3299 1772
6413 7641
3775 5253
4302 7179
5360 7007
7794 2943
7299 333
6131 4123
5700 305
4412 2712
4618 6074
3411 2898
7296 8576
4983 1017
1950 8112
5311 602
4140 683
5903 6886
1102 2585
3090 5
1006 309
290 4682
5240 3110
4678 3385
8181 7922
4746 6196
2086 2957
7547 3048
2943 22
6188 7250
164 2349
7127 6742
7671 4869
4198 1456
4967 3267
5307 7990
8446 1957
1292 4384
2467 6652
5617 8441
2190 3558
464 4164
6771 737
6556 5295
7011 140
4910 3506
6619 4174
7677 882
7268 2898
1955 4020
923 8393
7756 2070
3735 2593
5911 3138
5219 3514
4299 8362
3471 4429
7832 7681
5453 7435
7217 6505
2849 1566
2721 1408
6185 2122
5177 6396
3380 4967
1322 4105
6787 7356
1620 7509
45 1649
4892 419
6725 1433
8247 2681
5606 3684
7807 8079
831 1180
5542 1557
5318 960
5709 4757
7865 6718
5331 3500
803 6863
7334 2424
4045 4170
381 7040
7278 5486
535 6552
2878 4903
3843 192
1523 6055
2405 3949
68 2015
6179 4167
4837 7642
810 3126
8394 3278
5645 5752
4886 7380
19 8370
1194 5272
3105 6893
8152 7453
6990 7539
8375 5886
1212 5638
5744 8053
5553 552
3581 2614
2638 5853
8590 7555
2785 6495
6840 8162
7359 1630
7294 4429
4444 6290
8179 6414
3899 2992
6904 4891
6977 834
5276 4999
4106 2052
5363 8050
858 1317
7796 3452
2928 6614
5397 7652
2162 7118
1958 1645
3488 7249
5354 4532
5169 2843
5940 6441
1339 1183
321 1390
766 8581
6391 5542
8246 3127
5455 7422
3046 3161
1090 5317
7529 3838
5107 418
159 2739
5118 1481
6760 5390
2907 7833
5581 3684
6798 1883
1317 4647
8334 5047
5136 7764
1452 4803
5409 4221
462 7668
4035 4172
6912 7676
7093 2175
7887 4061
7322 7568
2743 6425
4024 4800
7434 1118
3488 2940
3544 6409
2564 6728
3793 3251
8442 2549
2063 6792
2824 1078
8004 3442
4830 2141
736 1079
2296 3018
3583 914
3871 1932
5248 774
2120 4605
4563 258
8238 2262
7270 8559
4574 5380
2214 1260
4398 5918
249 1796
6490 776
3301 7554
4450 7281
7134 1369
7153 1858
6381 8438
6647 7700
4092 1758
4513 2651
6795 7653
3734 3737
2286 3685
7268 2058
5838 5405
1483 1676
6643 7634
5115 2835
8167 4402
782 7112
6300 6347
2104 7626
7760 6513
2812 7390
7030 2630
7481 8201
1248 5570
2595 8096
4777 2427
6328 5763
2982 5292
4338 2304
7992 7455
439 3012
354 3823
6367 6231
7292 7852
7888 1961
6830 3552
1477 2021
4748 3503
6889 8330
4780 4821
4000 1379
5123 2716
5287 5142
1955 1600
8242 1454
7796 1725
8262 2857
8061 6138
214 2383
6394 5444
46 5681
2255 165
3269 1718
5131 903
4503 3291
7069 4019
438 5061
1543 272
4822 8475
5869 246
7539 5479
3744 802
7359 7134
410 8329
4385 282
6679 5819
4884 3100
1241 5696
4264 865
7331 6412
5667 8048
150 4472
6629 7328
730 21
650 3543
5148 1822
7979 5976
77 385
270 2072
2626 6226
4282 8159
3793 7991
7289 575
5783 646
3950 1404
5788 5922
1055 1328
6584 3716
4710 2839
7977 3496
422 8446
8314 7537
1172 6561
6004 5034
4707 5323
2556 1312
1413 828
2896 5649
6108 4031
5456 3825
4563 3858
4328 4346
7767 305
1234 7180
5306 7852
6035 2841
7450 4610
2541 8535
1670 1200
565 4574
8235 8559
2345 8338
8304 207
4759 3694
4337 1481
4958 6290
4639 3090
3206 931
6033 3319
5840 3539
2377 1574
1240 6620
6125 7623
6617 5046
6091 25
650 3213
884 1317
143 1717
287 5921
368 4528
4332 465
6641 102
6462 3335
6282 1989
8012 6774
5292 5452
1791 3422
136 2832
5956 964
396 5083
8371 6545
2886 3126
4485 2427
3710 2662
137 1290
7165 3117
2635 8294
3352 7046
6646 522
4102 832
3882 5023
5417 1514
1956 7867
1535 6011
6344 1143
4714 7992
858 7864
7896 2220
3953 6567
309 2779
309 5019
237 884
7861 4218
5764 7242
270 8542
4082 4383
6168 2116
2781 5667
3210 4973
7271 223
1352 6490
5769 2790
3020 5157
1490 6956
852 6365
6801 6703
5759 8097
959 2427
719 5345
3001 3527
7960 1732
3946 1826
894 362
1755 6209
1716 76
7359 3826
3616 5691
5298 5440
2319 6388
667 7527
6818 6688
3290 6964
4490 1440
5594 301
3432 1141
1571 6206
4529 4057
108 6005
4000 6330
7068 2729
8078 2016
5607 3332
3234 2821
30 2421
6322 4148
6650 4860
1987 6039
3220 133
4609 3692
7445 1376
1895 1737
3048 6358
3550 2553
7650 1999
6958 4721
2129 6905
7407 5450
5637 6800
4291 7614
5279 6813
1439 1408
7498 759
1474 3109
3459 5316
2870 1505
8591 6392
2488 3500
3489 7614
1471 4247
6499 6672
7166 1108
7192 6147
5358 7603
7747 7410
7943 300
7775 67
2267 6235
5640 2976
1442 6686
2906 2733
2554 8329
5120 2604
5856 8463
8565 3198
5503 491
6007 7866
2949 8514
1283 8213
5317 3245
315 7053
3175 3125
7493 46
5211 158
4950 7735
1565 7088
4841 5
7426 6213
3781 4690
1432 4004
3942 653
2667 2110
1832 7412
5254 147
2105 3829
5995 1426
5199 4433
5585 7451
6208 8410
8522 4000
3332 807
6585 6271
3168 4410
5443 6779
6472 7995
4271 6706
5531 5157
1499 791
7219 4727
7022 1359
967 3639
1492 1013
7656 8200
8240 6457
884 2062
2685 3176
5562 952
475 8119
5128 3935
3395 7205
1226 1636
7337 4609
7270 5121
5072 1152
5322 8524
3399 3303
5382 6270
4958 663
1732 8466
2436 6566
7000 17
521 4998
6682 3508
8103 4615
1945 3775
192 5339
1656 7836
7371 3531
3694 3704
408 1305
7033 2563
4307 533
4761 7801
5473 2471
1030 6268
6505 7004
4 2323
7125 8266
4395 6631
187 4870
4066 8465
7889 4415
7806 4370
45 2278
6158 2313
3842 6409
1915 857
1926 6389
1613 6180
4665 8505
650 472
975 5278
4802 3776
5552 6768
7842 5219
802 1865
5204 6304
8406 1163
3469 57
3200 4700
5048 8514
7777 957
6486 4707
6703 3120
1373 6426
2375 2179
8430 7133
5028 709
4982 3105
3310 5906
1627 3721
3937 6462
5732 2821
6357 7511
6506 7184
4303 5992
2499 5602
7064 7158
2269 4385
1365 2955
6370 1927
6162 662
3722 219
6865 2215
5539 7465
4102 2537
3532 6664
938 3222
7006 3328
877 7314
562 3106
5633 891
1893 3220
1112 3934
7298 1912
348 5357
8281 6042
948 8276
8329 2973
5114 810
3469 805
7841 5476
7398 1652
3987 5163
3079 5552
6704 2752
4113 459
4340 5296
6528 1293
7151 5095
2779 8259
1382 6455
5610 5838
5172 8399
90 8446
3516 6325
3392 1683
2319 64
899 1101
2332 4840
848 6585
8071 8552
7543 2782
618 497
3239 3787
4930 5982
8575 3786
7844 1156
3450 226
6677 2486
692 5617
4286 5465
915 6171
5818 2903
341 1131
5455 2618
3565 580
7081 6391
4917 5890
593 5254
2480 3982
5761 1608
5860 555
4504 7176
7127 7839
3212 5980
6952 6486
7237 8591
7832 2559
8326 369
5944 7295
4870 7441
2543 1542
6458 1323
8196 6505
2133 5224
871 1597
5407 2557
6533 7319
900 6270
337 38
2904 7551
74 5800
8167 1202
7578 5341
6193 3124
5411 4733
851 2366
1570 2380
5199 439
2410 7378
4578 8093
4277 3643
5843 5417
1269 2102
8475 4089
4990 4278
7733 4879
6052 6479
4108 5141
5770 7356
4669 3698
5629 2711
1692 4776
1801 252
8372 3745
5656 81
2019 2988
2517 6434
7303 4388
4487 1747
6938 3119
6516 3525
1248 3742
5450 2386
7576 3115
7734 7206
7607 3826
6020 4395
3286 507
3042 7068
5158 7465
1876 8247
6036 4372
8102 6853
615 2578
8481 2531
2803 8187
8198 1253
3773 2696
1826 5780
5100 3938
1806 6685
3234 917
6486 2795
4870 3856
8314 302
6102 6032
5199 6884
2825 5383
5624 5781
1635 8389
1194 3143
1471 6001
5156 4800
1962 318
2244 123
7635 673
2046 5099
6158 3434
3294 574
8341 385
1226 6603
7089 7257
250 7125
4599 6778
5368 7440
4258 5955
4774 265
3272 5513
2782 7612
278 340
4664 2199
1866 2895
7193 4707
4094 6840
5065 8444
2446 7293
5250 2845
1113 2488
2177 1453
7393 8061
2251 5026
6961 852
5579 8050
4760 1577
6057 3139
1858 5743
1198 8567
928 4742
787 8253
3665 6585
6839 4367
4967 3976
3177 5239
4407 873
5840 4761
3115 3233
5825 8206
1417 8100
6128 6725
4363 7589
4392 7657
7130 4849
3516 2716
8421 2817
1436 1808
3860 7193
6869 371
5501 2602
3441 2319
2188 6143
6987 2841
2960 1980
834 5073
3214 3537
5040 5755
230 4605
3875 4201
8034 8461
4713 7654
1861 2660
5816 5834
3309 7124
2911 5975
250 4341
5712 5951
7293 7840
6537 4431
3033 312
4065 2556
8065 2022
7582 1259
5644 3463
5753 2156
3689 7785
4533 4209
2134 4728
2457 5846
2984 7795
2151 2287
7868 5364
536 4008
4948 3768
6879 1492
5486 7645
7364 6094
7694 3832
4414 3308
6077 372
8297 4785
2786 5247
4315 5176
6150 7692
2816 3486
1746 7331
2067 501
6711 6281
194 3956
6476 2331
4226 1208
8070 389
7436 3135
7123 4637
4989 1959
8076 1132
1700 7035
424 5336
3447 6306
3909 4551
3402 2029
3179 2476
952 8051
7455 4425
3377 6699
2352 4858
2882 7351
3658 6811
2089 4880
803 1924
860 1078
512 8381
4727 7905
8508 2668
8153 7086
3102 2045
1922 835
1167 7957
1790 426
2836 1863
6981 5320
5204 8536
7211 8080
7435 6794
3478 3396
6120 5359
5359 1987
6253 4204
1427 1032
7796 8308
4314 28
296 1226
3356 1102
2505 2520
388 5798
729 7293
859 2611
2573 831
3449 672
44 2975
7233 7302
5551 5952
3473 4847
6485 1342
5159 3832
7860 1956
3939 36
6528 8276
8378 4380
7395 4296
5946 7090
4107 5403
8426 4675
5382 1259
3908 3031
7704 6180
5257 6735
3970 2102
3313 5374
1300 6755
6237 4684
3958 4274
7924 146
4270 7975
6890 274
7244 1319
704 528
1139 4795
4016 5004
5398 7674
6449 883
6888 8091
123 1456
7564 2084
7756 445
5193 8017
5334 3620
1800 3178
3853 6767
8192 2740
817 8484
4296 3960
2983 5181
7606 5042
3416 7859
1354 4630
8365 1908
8468 8030
2167 2378
6382 6298
6300 6910
5715 5370
1056 6703
2479 2943
2312 5921
3173 7610
6130 5738
4455 2291
2303 1840
6526 3167
1624 5752
6433 627
4996 545
5083 1288
7790 580
3505 3955
5016 974
6745 4358
7422 1488
3278 3904
5752 4519
4908 435
6785 6488
404 1144
3443 5630
8097 2752
2958 1815
7479 242
2613 6297
2421 6495
1168 6894
5557 6315
7559 1019
3021 7841
1836 782
8462 4721
5745 400
1611 8458
1484 4954
7651 7123
1031 7262
2076 2380
7728 1023
8059 5313
8553 7387
6788 5252
1806 5580
7436 887
4828 2045
805 3325
5149 1937
6362 5734
6878 8429
5864 1248
5394 9
2161 3446
1900 4764
7125 4676
5515 2065
636 5953
8267 3048
5925 2490
5999 118
7148 6398
719 3632
4549 533
3457 3675
2729 278
1259 8052
7943 232
7404 7180
3142 4340
6894 3930
2473 1651
6717 5584
3328 4482
7115 5071
3406 5370
7638 4629
6194 3622
1045 8208
7384 3273
1882 935
6324 7572
6389 5877
3202 5556
3659 3253
3162 6688
5860 5596
6889 4294
5829 5140
6512 2034
404 3179
2707 1333
4623 4239
1825 1090
7578 8147
5264 2871
3554 6718
8310 3377
5914 497
4137 6882
350 6425
5383 1762
2072 7322
5677 927
3478 2696
2336 2242
3488 4881
5381 5417
7900 8297
5153 1362
8155 3702
3095 4528
7237 6197
6402 6141
2436 6508
1432 1712
7611 3965
7549 1309
6939 7133
2891 8377
1402 6093
5181 4248
2796 7180
5547 2903
1675 482
6456 597
1539 6263
8335 3807
4634 4497
5462 7958
3428 4302
8269 6598
3233 6324
2670 2591
2050 6329
8173 7755
7991 724
5661 1498
895 2546
2331 6219
8484 5642
5819 4783
8210 3757
3665 2115
7306 211
4937 3709
1946 1112
1038 819
5104 7409
4793 631
8045 6989
4615 1849
2234 4114
4385 3861
6675 1463
8480 4369
5625 4134
202 2702
715 346
2328 2827
4830 1991
4246 3071
7362 6940
6899 2670
1586 5352
5652 4584
1724 6562
6386 6891
1886 8247
2127 7756
6320 2210
2924 688
6067 3215
8014 3502
1779 1474
7698 4511
6191 1293
1204 1749
7266 6971
7145 17
6658 6389
849 6613
6400 3690
6731 4336
7432 1641
5959 5728
2368 7522
5370 6626
5216 3213
4574 6270
1225 2535
1698 5304
5959 3166
7478 5905
8255 5572
6256 2359
5676 4190
4122 6530
5501 3315
588 5436
6947 904
6889 3063
7829 5280
2547 1557
5379 966
1870 4491
7569 4521
5300 6095
897 6211
1101 376
8502 5667
5943 7687
4470 7230
4187 4518
3521 1833
1931 4349
7322 7405
6598 3200
2681 6035
4928 3027
3503 1171
4997 6022
6441 2647
3570 4740
5439 966
8222 7194
1443 6869
4916 3470
3435 8159
2323 1441
5406 2743
7130 1202
1025 1622
3163 7412
5758 8274
6721 967
7192 1873
347 292
4021 3624
1394 2649
6731 6481
4771 2024
4705 3241
2513 5975
4646 6873
3585 5668
4262 7159
2711 3879
7076 1086
6059 6205
4015 5559
4805 3882
781 7215
2583 5488
8272 2404
6213 7940
3073 1703
1783 5648
3233 8188
112 7878
8465 2746
6684 3520
497 7252
4146 5785
4140 5636
7024 1405
3379 1488
886 2700
5471 639
4104 1038
5481 8053
1269 4281
6801 363
8034 6469
5657 5499
1955 5254
7047 3231
3717 7788
5238 8364
4012 4848
2810 2959
3674 8355
3284 7658
6146 6874
6870 3255
2858 4631
1523 8492
4232 3753
2558 2289
4522 620
7634 2880
2141 4819
6168 648
3777 5270
3280 7307
2927 611
5234 3956
483 3711
1821 4284
6973 5647
5030 7036
1010 1790
8550 5185
5403 624
445 6004
2811 7217
2181 8567
4322 7057
1752 6931
338 6031
7221 6385
4684 5407
6487 939
5965 3123
5553 2798
2657 4539
5368 2615
3507 2883
6209 4251
170 2602
5768 7741
7438 1721
8200 1283
220 6939
665 3333
2384 8374
686 4655
2365 2903
1341 2389
6028 670
7434 4071
8095 5641
6923 5879
524 141
4222 4798
4697 7311
1799 768
2756 5062
6322 2549
5023 526
3115 6963
7422 7528
6092 4054
694 1176
8390 1611
6198 1759
5011 4693
8037 1194
6382 805
497 1192
1360 310
7892 5914
5978 2463
555 5043
4546 7708
3274 8084
5312 5056
5963 1188
8550 783
8273 4315
887 7605
6604 5867
8161 3740
1982 5142
835 6290
1026 2614
7873 1974
7436 3641
8581 8116
7547 752
7612 364
3049 3743
2470 1276
6299 3807
7865 6104
6418 5207
7251 4005
8219 4548
655 6390
1931 5151
5270 4753
633 7436
3114 4654
614 6253
2354 2932
3787 468
7527 2897
3300 2686
924 310
8545 7515
4652 3895
2164 7646
1119 6626
1071 2985
294 7011
2761 6445
5382 7759
7153 2677
6016 1809
6974 4363
2604 447
750 1171
3491 1802
3775 4367
202 1274
7918 4173
1193 2033
4224 3583
4318 2983
6829 3434
444 6707
4997 7181
2853 7436
2754 6611
6711 146
5561 2333
6767 4197
6628 6924
7044 2712
3313 7469
4916 6669
5187 3640
5088 2672
854 3097
7181 6228
39 5040
882 3047
7285 1638
7751 8104
3148 6510
8336 5019
6351 2620
460 2472
709 8093
1077 2480
6324 4503
4109 530
1456 7176
5481 7048
3953 1064
1805 3184
3394 5003
7344 5626
7018 5836
1696 149
3732 1966
8464 4622
7424 3054
3373 8429
2341 1751
2030 6749
3847 2112
7963 7799
3987 6826
6696 8224
4072 3748
3201 1301
3670 5096
3521 2597
5157 6858
5715 6524
7288 3099
2399 5671
3348 4667
4575 2547
2879 1163
8349 2246
3783 6558
7856 733
205 8349
1070 4597
3689 4722
480 2890
2918 966
7892 6922
1361 6577
6322 1353
46 6192
633 2230
4362 1635
1913 3592
7331 7135
6512 8580
6913 4121
4326 3726
7499 8108
5643 7495
6295 1823
2596 7376
1967 126
5387 3162
690 2586
5254 3272
6256 992
7866 3756
1443 7559
2091 1514
7615 5230
7862 5724
3184 8355
8212 5247
8405 5828
7195 2195
5232 4169
3342 3009
7524 4797
405 2757
7638 2487
5230 4750
8431 7445
5674 2685
6227 143
6053 3087
412 6063
3381 48
7250 4812
2725 2852
3821 2480
6395 4696
4283 3018
4687 4118
5796 8129
3638 4655
6346 1498
1306 424
4707 5477
5389 1146
7208 4581
3618 874
2498 2266
5057 2576
7727 6504
8075 7013
627 1260
7475 906
3359 5290
7581 4160
3022 2810
7350 4772
3476 3280
6375 3536
6803 3200
1482 5463
482 8121
1516 4032
2222 3370
7123 2319
4552 8153
8271 6236
2773 360
1516 4122
2889 6929
6525 5835
4932 8433
3810 7504
7829 6779
4435 4491
1902 950
3900 5416
7061 4070
8114 5292
7617 5225
7972 1765
4385 8040
4891 3479
4470 3720
6460 1443
4147 7218
1657 6578
7957 866
7684 2477
3033 3188
4907 2347
5446 7285
1480 2086
584 4812
836 4421
4646 8556
3205 4171
5090 2175
2816 4586
6846 5434
6383 1230
1481 645
5340 2359
4083 1465
3710 2365
8481 2674
8069 152
3385 5896
6107 6062
8300 4683
4991 4367
8308 3052
5245 3959
7846 6142
7078 3329
1972 3527
7085 6825
6049 1631
7051 7353
6603 2977
3639 6892
6832 5545
2901 5503
7846 6723
1405 7277
1476 7872
4909 3434
6934 2764
7041 575
7152 2635
4890 1217
7473 190
7897 2063
2315 7933
976 3212
132 7249
6375 4436
7464 4671
6853 3302
3078 4196
387 3858
3926 5780
3290 680
5260 5191
2771 1568
4586 1390
2956 1822
2311 2084
2306 5054
8548 943
7344 7798
7550 3462
7924 4944
7613 5152
5708 3305
4707 5937
5938 731
53 3637
3630 1434
225 4092
6887 2083
6948 7359
3559 4924
2988 5902
1738 2165
7039 5316
3076 8204
3487 6239
6802 457
1101 2924
8462 3308
5507 7170
2951 8061
8590 4732
3576 4749
2734 2814
5521 6071
5598 7878
6318 1826
7686 4941
7841 2744
5065 534
6384 8342
7971 3813
3434 7738
3793 3762
6413 4704
2820 2741
355 6665
7261 1766
7758 6369
4854 5959
2817 1200
3710 7976
809 3865
7683 2738
5764 3979
8211 614
2412 3919
3277 7075
3372 7564
5610 784
2763 4150
4226 6467
2870 1476
4041 7226
6745 2665
2321 6074
6689 5373
8277 4354
2346 4241
2966 4027
8194 6943
4811 5664
3260 2459
2786 6781
8474 6875
432 1657
7780 334
5289 5698
8052 1149
8233 6059
5015 6024
3697 542
5087 5789
3161 3033
5714 281
3556 6370
3743 1015
220 4426
5897 4855
7887 6289
2691 3928
6400 7717
983 5876
4577 7875
4824 4200
3308 3636
8452 4903
8114 2994
6630 5521
4771 7422
8221 5087
4166 3479
2536 24
8165 4636
3719 2651
8529 6769
366 3904
7352 5196
703 4863
1227 1734
5008 2275
1065 5612
4771 2502
6116 478
7094 1044
1684 3658
8365 472
7273 3426
4143 437
7980 5087
7857 7559
6661 8316
3404 6125
2526 4798
3922 8578
2093 6514
90 2479
6928 7428
1965 904
3053 8276
7391 4029
1537 5522
8170 1863
428 7998
751 2976
6641 6274
364 7447
5984 7675
4470 1385
2144 4379
2666 810
5757 3979
278 5820
4345 3362
1697 3855
2707 3434
8103 5958
4937 6028
382 5339
7185 2465
4409 7413
3180 2073
4979 5691
8299 5200
7198 1058
5191 398
7389 631
7991 3714
6341 811
3763 4372
8061 5855
3993 462
3086 3102
5951 688
2338 1942
5381 4782
2489 4036
3699 8426
1316 6500
7629 8218
2405 3975
5313 747
4340 5446
2870 4170
217 9
709 7419
4328 1608
1895 5880
3150 7078
6906 4400
3288 4217
4921 5718
5886 969
4246 4711
8496 2910
5042 3188
7613 4161
7907 152
4447 6568
3660 868
3409 2329
1835 7099
1483 2962
7008 7033
8297 7245
46 1410
2002 5964
4717 3817
1718 7698
3705 5166
4865 1632
424 5324
559 7018
7697 2774
245 5370
7805 6517
7015 1514
6596 6176
3516 6518
3575 5378
438 1159
3762 6716
8296 2938
5108 1555
260 7349
7152 6527
2783 8478
2669 8561
580 7220
8449 7522
1277 8247
3503 4170
5438 2125
1584 3325
8510 6180
1594 6179
1876 4730
6856 6672
6107 3414
3875 5529
6757 2917
2496 7360
4293 1495
8432 5283
5635 6870
2163 7356
1522 1872
5557 4580
4280 7473
1278 20
2031 8456
6657 6764
2024 1930
1761 7700
7566 5666
7660 7588
3351 4505
6066 918
7584 3654
2550 7736
4050 7637
7 2933
5856 8274
4996 2362
515 1561
7193 7943
629 7530
4941 73
3207 3856
936 408
7488 7719
6196 3961
6630 2429
6654 4384
8199 7815
389 2987
2076 3085
4500 5722
7560 373
4591 8509
5123 2121
1944 6052
4315 1058
6253 7000
8237 2153
5285 7903
4677 7458
8241 5764
2129 4899
2993 6505
1863 4677
5918 4206
8387 7014
677 581
319 1114
5191 424
6091 7447
5602 3813
5606 7092
7991 7066
4508 592
4775 555
4694 334
5047 3819
3973 3376
1646 4472
3367 4256
5943 1943
6556 2745
228 5990
2604 168
6214 5259
3821 2828
3651 1654
5724 6914
5909 18
1550 671
1905 3158
8126 5921
3157 3152
6071 7941
5973 7316
3345 47
1151 807
4299 2983
3038 8596
7074 1536
7119 7355
2753 3221
1963 6577
7478 1509
5984 1660
6747 8318
6156 1959
6505 4384
1587 5290
7892 226
6426 6018
1262 7306
2437 4980
2573 5823
4263 1204
4752 4632
2542 2941
5944 1194
7448 5159
1142 1213
1627 6580
2933 1400
2013 4668
1855 6454
3777 5534
4514 3486
4141 2970
1549 2416
8363 7283
888 765
2194 3686
3399 5188
4077 5044
1818 4206
3317 378
7711 361
3098 4571
2378 5329
325 478
5781 6322
3614 2994
3616 1514
4316 4660
874 416
7029 5004
866 7884
6253 165
1446 7132
6011 4673
6624 2740
5126 4432
5834 2967
6419 7674
6950 8267
8458 1793
8037 1282
278 1051
2342 1194
1586 2240
7884 6534
3901 4245
8154 2475
2494 3033
1954 5490
2888 8001
1740 954
7452 1801
7207 246
7991 6799
404 7470
2527 5598
7263 3202
2857 4399
1767 4406
5146 7617
4564 4877
3671 5451
2824 483
1498 7901
2322 5473
980 2959
6202 3315
8432 2681
4622 6671
8523 1264
3602 577
8075 1419
5440 520
2711 3087
8376 8225
6942 3519
3293 3538
5017 4548
6656 5200
3233 8085
4467 2023
6857 6072
2663 1674
3167 6479
2986 7222
1120 5671
1923 5279
5260 1844
3710 5987
3294 7060
2303 6812
2306 2274
180 5539
4993 2170
803 2952
3379 978
93 962
3002 3733
7504 3510
7478 1381
4171 7573
4272 589
4845 6748
7315 1726
5615 7015
253 4227
383 2465
5193 7793
2325 4887
2533 4872
3689 2738
3147 1995
7634 202
825 7283
7496 4222
18 6630
8062 3481
7242 5199
4359 4355
5586 6446
4365 8418
7798 4949
2912 4636
6140 3435
3851 4033
7638 6470
4964 4263
1847 4311
3332 3222
6931 3480
3713 220
2573 1981
3641 5552
2052 7813
6661 3013
7379 7732
5729 8191
4540 4795
6515 6582
4749 4544
6026 4484
7331 6049
4374 1516
2959 1568
8175 424
6186 5813
7879 3006
433 4766
6437 1134
6675 1146
889 3457
4652 8068
1838 7501
7237 4624
556 2689
3046 5412
1583 1481
2549 309
1358 6283
2983 5924
2699 6873
4209 7898
4719 3287
3526 8385
4340 2509
3434 6035
7957 4736
3608 2920
4270 2316
1841 8561
1201 6752
4597 8507
3156 3816
7886 5059
3592 7825
8374 8255
6960 5064
1569 4707
6853 5694
2098 1558
4853 4168
3649 3309
6841 2902
3756 2203
8290 3639
4463 6700
6906 5995
3504 8549
5342 5009
2165 8414
1885 3374
1718 2913
1354 5945
8432 394
3994 7555
2648 4527
7646 1708
4026 8059
2642 5861
2142 3165
3355 2365
847 411
7848 5773
3809 7377
3887 8011
722 8176
7056 1088
2243 1453
5334 4839
6843 1867
4030 5152
605 1229
960 1337
7497 13
4587 1158
626 8410
2792 467
720 3683
2919 1649
7553 935
8578 3064
4670 6408
2568 1244
2331 1378
3187 230
1044 833
179 3184
1056 5284
8547 8519
6686 3648
6334 1292
6378 4305
8333 5725
3218 7235
4448 4560
1462 2919
6091 8277
7617 4083
5386 6965
7988 1385
1964 3462
6310 1944
299 8108
4404 6009
2923 4402
649 8019
590 4970
4593 7890
7780 1245
1483 8302
1863 7562
3250 1624
243 5144
6942 2404
1227 2452
8597 3978
981 4669
1071 684
6310 669
92 2414
3360 2474
7678 1606
1671 2892
7384 5805
8427 4967
4512 5186
4070 8482
3026 3789
898 5399
7977 5196
8509 457
6734 4989
2653 792
4515 5580
416 4104
7161 5270
8142 2433
920 5460
2446 8269
1220 8130
1483 4815
875 4275
7559 7600
4608 2605
6453 3355
6957 69
1669 4463
3734 1850
6282 5659
5710 7903
7996 5991
4332 6922
7963 3819
6506 330
4693 1139
6906 6602
5253 6050
8057 1314
5623 281
5566 5460
2487 3757
202 358
7868 120
99 6234
6823 7659
6468 6135
2186 6169
6733 2220
3925 435
6341 4246
2483 2872
6489 8003
5580 2857
3927 7492
2605 4874
5047 7966
7422 4170
6830 5127
7024 2324
5033 3167
6583 281
2164 5222
4288 373
5047 5604
6276 7117
2580 7731
421 5382
5579 2172
1415 5885
6744 7539
4607 6240
717 4475
7172 3079
8223 3224
4898 4770
6142 2098
7624 6268
58 717
1729 2549
618 5428
3967 5706
5203 4035
8111 49
3653 503
6168 1464
3925 4550
5219 3132
4775 6825
4229 7109
2687 1453
395 3708
6211 534
8061 7829
538 3151
3622 7187
2956 5388
8527 2001
5653 5776
6995 7055
1342 8408
5614 8103
4304 117
2246 8032
2327 1131
1059 5882
8160 3956
926 2968
5123 7422
1250 4108
5213 3191
5500 15
3890 3557
5822 1284
4016 7309
1017 5799
1998 5086
1668 3503
3897 1268
8385 7410
4523 5470
6640 8462
3637 1403
3988 7453
8372 2282
1907 4184
6109 4484
1387 95
5097 4435
8113 2807
1332 5626
2826 7585
5241 3686
1675 4200
1901 333
2037 3026
4975 3705
5084 2418
3051 6252
7690 3624
3444 5713
3328 1826
826 182
3013 1432
4937 5863
2274 1429
8341 4445
7052 549
6441 2246
6761 1063
6101 3403
8425 4424
3856 8462
3040 2416
7721 1354
5985 5789
6921 2049
8070 2594
2201 3964
4733 8593
3890 606
1939 5807
4989 8247
3835 804
4189 7578
7926 1038
1974 2552
6844 1827
5853 5604
5872 8350
261 6954
5474 8066
2118 8123
5974 6565
2030 7522
5031 6426
900 2969
1177 6019
4042 6006
6275 5969
374 1661
4092 1696
4999 4470
3119 1286
1139 6653
4756 3280
926 3005
208 1967
2885 910
3434 2818
5272 1739
8312 482
2986 5077
8562 4485
2142 4694
981 7422
725 7955
3198 2905
4721 6035
1297 372
5603 2989
4931 4910
4695 2024
2429 4486
3977 3092
209 7309
6634 539
2004 5193
4985 5047
236 5907
3595 5676
1363 930
1903 421
3922 813
1228 1627
7408 3951
3937 4935
7002 2787
5913 2430
3278 7227
3530 5694
1829 4956
6832 2514
1471 1975
5780 5647
2831 5781
6992 184
7068 907
2464 1004
3047 3876
4259 2429
2853 8341
7034 2480
4785 8437
5445 8408
3873 1417
2353 1840
1031 1794
8378 5378
6708 511
158 2759
235 548
3115 1685
1574 3159
1832 276
1049 6338
7485 4337
870 4506
5060 1022
6493 5241
3397 211
8165 6092
306 1062
7510 6923
1301 4101
791 3027
7143 4116
3830 3505
6442 7839
7595 5106
1082 5429
5128 1518
2787 7560
3528 2649
6955 303
8216 6430
1532 2798
4243 3271
3226 8096
5416 8083
681 7281
4137 3621
1668 3754
7672 2420
6383 595
3457 1331
4060 5370
8256 4223
8029 1462
953 69
99 4400
3725 5802
6638 1500
5819 6555
5213 8035
20 1260
6449 8337
6511 2570
4716 1717
4227 7039
2392 1527
4916 901
6521 5471
6865 3308
3264 1533
2340 3358
1897 7388
6538 3052
4797 104
6405 5956
610 7935
8563 5210
5542 4183
7547 6521
1368 6824
659 4723
8349 6551
5655 6454
4756 2888
8158 1651
4706 8410
3422 1981
1641 5860
7632 4193
182 1629
8502 7959
7612 2870
5064 7140
7526 708
8097 1123
8109 5466
5919 6877
6077 156
2858 6694
4836 5877
4352 4621
7521 5811
7083 5375
3133 5288
3141 2578
367 1793
5034 3424
4945 4915
8390 6610
202 7957
5502 5723
2064 8123
7398 6630
2274 1233
593 8423
2434 7638
1323 4689
7964 6972
984 5292
3761 1045
5191 7159
5087 1134
7293 7027
7987 5939
3558 2823
5546 3272
7283 4942
6265 3846
2189 5765
5703 1545
6875 755
8559 7602
4919 679
722 3975
1269 3403
4022 705
152 3916
5917 7121
4762 1142
3566 4341
7399 4873
2268 3075
3109 7936
525 3819
4066 8072
1382 4869
6590 1527
7032 874
6362 7797
3807 2899
4036 5417
1724 2956
4766 7055
3221 7015
949 1806
7439 6178
2761 3437
1574 7906
359 7615
4941 1862
1126 8010
2900 3972
1052 7747
1447 7440
2073 4289
981 4721
8176 1603
2099 8168
7149 4421
2976 8031
7914 4330
376 7974
3249 1507
5841 2304
7955 1047
8472 4842
7196 3835
2661 3368
2597 5518
4923 6995
6106 6104
722 2303
3039 474
7561 5167
4767 154
6779 988
7829 4690
6604 4047
5270 2997
7659 2053
5446 4882
3175 846
1595 7742
1504 7633
94 3353
8442 5466
179 2904
5921 6543
28 1337
3200 7947
8209 4799
4145 3395
2712 3866
8544 4526
6997 3788
1973 1498
8200 5417
1478 4037
8270 661
7568 1593
3580 8115
3174 5267
3785 6486
3254 8237
7255 6950
5935 2000
48 5616
4474 5258
4269 6486
4479 1777
2125 7948
2954 645
4152 304
5124 847
2071 7776
4812 3965
4869 5251
4794 4339
7685 8044
4704 4050
8592 4485
3805 6465
1584 1625
3615 7819
2956 1559
589 6774
5914 5499
5121 3051
1209 4231
5900 6832
6028 781
6108 6630
3144 6321
1459 1203
2343 504
2730 4898
3472 7536
6959 1147
4766 2164
1601 4543
2024 7329
5369 2702
7404 2197
6425 1884
497 6482
3179 2990
1108 4944
1844 778
749 1894
101 8546
7055 1929
5195 1002
4179 1948
351 4300
4078 3383
2276 1012
2799 1931
8567 1081
253 4142
4579 7926
6052 380
7707 2049
7937 1857
3158 6373
7867 4629
8424 7727
6976 7516
2854 5781
2043 6167
1326 5914
3055 1671
6770 5311
5338 3255
6457 1087
5461 1409
804 4462
7279 3189
6368 8527
6477 3929
3898 3967
163 4898
5542 282
8285 3182
8151 3920
1491 2380
3503 7617
8170 420
7315 8477
6806 2043
4727 5635
2242 1984
4102 6079
5655 3666
240 7846
5515 473
5689 7127
4138 4182
5099 1279
1972 6309
6778 6232
4453 7787
3577 5058
5837 6146
7863 6041
2088 1318
6260 2632
4243 3733
5632 711
2189 5996
7583 6087
8293 6767
8355 3301
5545 712
3698 6421
5157 2478
7507 696
8080 1017
7832 4035
6740 1156
4943 7447
2460 492
1730 929
1560 6853
5221 4633
6266 5192
2971 5199
7894 7624
6373 8058
4510 1977
7284 7120
7565 5601
3457 2846
5197 1307
74 1101
2616 6858
5025 2093
1738 5250
7800 3730
7780 433
1380 6931
7064 8121
6414 5161
3708 7974
7750 7228
4035 3631
5781 5133
6284 4451
4255 6162
8169 8183
7887 3448
5440 4645
8139 7542
7411 7569
130 981
5499 4990
6158 3903
5139 6433
7241 8519
6037 1571
2959 4292
3516 700
1008 6999
7925 463
8180 6472
7110 418
169 5867
3859 829
7471 7593
1472 1634
518 6443
7643 2211
3086 7034
6259 3188
3983 1783
5730 3496
3383 7890
976 5454
1898 523
2621 2766
6095 887
2176 8419
2491 2869
3561 4842
1127 4384
2532 6077
1455 3775
2883 613
523 3684
306 826
2189 3698
1737 764
5198 8498
3851 6401
2651 7041
7228 1045
6475 1277
3929 443
3462 985
7243 7752
8538 4396
2154 1285
3889 1265
4658 8087
1235 3916
1427 8194
6383 4859
4501 8563
5339 5559
5153 1704
1634 6279
1345 5313
5092 6079
6798 8017
6229 670
3390 4951
1726 5446
1882 2330
2499 1356
6099 6852
3655 2443
6078 5443
2480 462
6406 3665
1552 5186
7943 4883
7717 897
1135 1315
5691 3186
2809 7973
1458 2018
5492 2980
6956 8374
8133 1568
2397 1498
6372 6459
6563 6521
6337 5455
3705 2327
8254 1479
6963 791
2088 6359
4766 2410
2710 6784
7982 1181
4755 3770
4219 2856
3594 1999
8591 3833
781 4559
8475 3787
6734 5371
1672 1507
5206 8130
2706 3172
855 7664
188 5342
4690 7596
4941 461
2911 2630
7558 6342
2671 5417
8076 2024
7457 3393
7410 1259
7010 4867
7847 1274
2541 2089
7704 996
6422 4887
2259 5112
8497 227
3078 3041
241 5772
4253 8171
6486 711
7025 5920
2274 2095
2184 1064
885 8589
5536 8049
5719 5693
2042 3707
7485 7769
6964 5128
6699 8371
7688 2737
2697 3732
4721 433
8388 1162
6126 7977
3583 7829
811 7952
2337 6176
2470 1776
2233 5245
5422 6079
836 2206
6652 874
1350 3591
7608 3161
2617 5768
5580 2315
4800 1332
835 3474
7594 1536
5432 1009
1929 3011
6988 4044
8061 852
1337 38
4809 5185
5056 8034
3553 6547
61 5544
6870 3285
3859 7282
2184 1896
3952 5200
605 3259
5861 2176
8233 5164
5861 6339
2418 5105
4301 4847
7134 62
1694 8350
7565 4080
1340 7649
1512 4465
2307 5776
2541 6561
8265 8058
7536 6114
8044 2265
2887 7829
6931 5820
4074 4910
8579 4614
704 8387
1330 1904
2380 577
7297 7227
5493 7034
7650 284
3702 2235
1035 3849
3593 5421
2236 6994
3416 3791
7378 1196
8020 5626
6029 1575
5396 644
8137 4996
551 3086
2974 5395
6903 6196
1989 7929
8078 2914
2234 6145
8550 1711
6285 5517
5921 3122
778 6480
5241 5329
8511 7485
3879 2319
671 5213
4344 8319
6859 5165
4451 8583
1531 1203
4082 4627
2715 7446
2477 1085
7146 7869
6852 4543
539 2358
1713 7946
7653 3816
6809 3529
3221 7953
3665 4721
7117 5623
1959 746
7900 4970
7963 6651
6862 825
7233 3622
8017 5922
1564 962
837 3437
2804 701
5891 3505
5583 5914
4090 5957
7477 4835
5344 6859
1985 1204
2033 6108
8011 8042
7475 5871
1939 3427
6452 8594
1141 2124
607 2063
309 2133
8382 5136
1256 4187
1489 4681
6939 5209
4233 78
7801 7865
2246 7496
7496 7242
3486 8359
7693 1163
7935 1665
969 3958
6117 3056
1557 496
8311 3034
88 7193
8341 5097
7114 4164
8170 1073
2417 1121
6235 1292
8394 2875
2651 898
4840 5104
1110 4358
4389 8487
6998 8276
7493 7201
7719 207
6762 7751
592 6915
5137 7480
6306 3864
528 5268
6969 1241
2569 1078
8027 26
7595 3796
3466 4444
3772 6071
1069 1361
870 826
872 6296
727 416
4221 3962
2084 2589
4972 1506
6213 5857
8309 484
5423 6888
7848 331
4357 6308
4203 6328
7778 5447
6013 5342
3449 845
6256 2953
3667 7982
4477 1241
3080 6250
5875 308
3058 3756
6120 5070
5967 3980
211 4068
798 2646
5343 6383
5168 2084
8499 417
3330 3485
404 4287
173 5217
2116 1124
2221 7827
2771 4731
8049 3491
7237 7531
7492 7797
3454 719
1817 4059
4129 6953
7059 4302
5496 2838
7556 3582
1114 4632
2974 4821
111 4737
4833 2431
5778 7249
8081 2695
1327 14
9 816
3563 5448
3936 8405
7346 2970
6057 6044
2545 7383
5188 7680
1976 5125
2432 4013
339 6507
5719 5010
2092 6200
4298 6003
5565 7569
888 8184
8151 2847
1265 6271
4272 1874
1773 6516
3936 454
2436 1203
1521 8571
3725 4276
6363 4742
5615 6915
2055 5075
1355 4384
2971 2925
6376 1950
2774 7453
1875 8586
6190 4505
2368 3953
3599 6821
2087 980
7494 241
7356 7702
6854 4688
3643 3353
3512 1626
3819 5046
3751 3940
3272 3221
6767 3850
1194 1336
3819 6858
6200 2139
4079 2566
4527 7924
1741 7553
3956 4469
4007 1170
2652 5154
4391 3932
5495 1723
8596 4707
4665 5539
1622 2249
829 6529
5623 6970
2863 2808
2704 1299
7599 7129
7404 6
1979 1641
1185 6996
1221 7940
7948 1607
2860 7733
3008 8264
7673 6310
2763 1176
7242 7798
3268 2566
5496 653
3852 1576
5703 1972
3486 3921
5783 6012
1208 1820
5784 3702
3454 965
7378 2240
6040 4613
3099 3036
2689 2532
3695 7858
4302 654
1116 1203
502 7742
1145 3329
6043 2763
96 2546
7419 3687
922 4086
5691 2894
3739 7840
526 4516
1860 3887
6570 6282
4544 826
1329 3492
3739 5214
1559 4778
3264 4584
7565 6993
1174 3049
3527 4775
6070 2220
8121 6496
6489 1799
1650 166
2042 5509
5796 8490
1306 7317
714 4128
6726 432
3467 6338
2028 2853
5532 7045
7792 4154
5819 612
7304 2909
4884 1941
1183 7206
3667 1130
6193 4770
3918 2638
2594 5068
589 7633
8024 7108
8323 8160
8500 4155
5105 90
4925 8381
7988 8351
3391 549
6804 7779
598 3637
2805 3788
5887 3736
441 6064
4897 5767
6175 4671
6035 7753
4707 3437
4492 8514
6052 8329
7761 2471
7843 1626
674 4917
7322 8567
1697 7955
5642 2061
4316 5579
6523 7396
197 3485
5250 4573
7269 2666
2905 7373
5058 3297
6400 7850
952 1720
6426 3523
7125 3213
5417 802
4449 3588
4442 882
2280 1333
7984 3931
4345 6076
7178 7878
4202 8085
1919 5680
4861 311
3464 2774
1978 8121
3315 7757
3740 3018
272 3455
2521 1987
1894 4366
2392 1951
4084 2719
6520 1562
1298 4722
1601 1176
4821 3370
7344 3939
7826 6898
5897 3157
446 2865
793 3183
869 1432
111 1748
5808 5407
6525 2438
7808 4796
8268 3277
5550 7275
4131 6057
1004 3916
3312 92
5303 146
3784 4695
4760 7270
7699 7916
808 6629
113 696
5720 7667
7143 7398
2144 2579
952 2461
3269 4973
6946 3575
1505 6402
7521 6461
6925 6261
2650 6322
1960 3758
2910 3477
1413 2410
8553 8515
7911 2681
141 4341
5937 896
4406 6522
5169 8184
1848 3727
7542 7209
5085 5834
8447 6762
7729 3886
7302 3515
1186 5593
6114 5487
7556 3076
7633 5022
3617 3325
1555 820
1983 120
1064 3340
5787 8087
5584 2070
3648 6985
7100 614
5255 3633
5105 4456
3579 3812
7301 4367
8450 1173
5243 2667
2418 5444
4615 5853
1317 5926
8096 5468
2082 8357
6148 6714
1311 6425
3726 204
5682 1023
2348 6489
695 4643
2921 3493
6058 348
7459 7364
7837 5484
1420 2173
3331 4007
6165 5436
5241 1082
564 806
6373 349
5382 4206
7186 5941
5167 7443
2444 7946
4249 5964
7008 7265
6929 6870
4814 592
112 7927
5364 7398
7419 603
8438 6776
7890 3294
2490 4595
7026 1256
4177 2870
7201 4027
253 451
7490 4829
5118 7233
82 7763
6600 7253
6784 8151
2031 4691
2908 4797
6378 7042
4971 4882
568 4513
632 999
5163 501
4051 6500
7901 3121
6519 2667
4707 7180
4473 7821
8260 6490
6885 109
2627 1294
5675 2301
3278 8532
2555 1819
2231 5247
6343 4444
3735 6301
8075 4783
4834 7419
3505 8150
176 2853
2613 8236
564 7638
2438 1188
6154 4503
5347 5729
1971 664
4210 4058
6074 6843
7678 2370
7590 2641
875 7243
4067 7328
3160 7300
2283 7727
6804 4008
493 4416
3433 3445
8494 8439
7709 4744
5989 7438
2257 6589
3547 791
7495 2704
6780 6608
8065 7614
2217 1981
2408 6858
8585 5363
1726 5128
6244 4347
1003 8330
2109 4175
350 3233
392 6521
507 7517
8546 4690
171 5132
5858 7531
1465 4100
3756 7075
4061 6450
4569 8131
3151 3261
3873 2539
1587 3428
6728 6786
4642 2332
5852 7132
278 1923
3656 4525
2252 6957
2185 6054
2281 5743
4527 6201
7154 4869
3552 906
5147 2832
500 1374
7670 4674
1329 8354
3705 5781
635 2426
7502 8081
7910 8236
3155 360
1652 5203
3284 3723
980 6675
7467 6023
6914 1073
7050 479
2916 5348
5329 657
1169 763
6204 428
7922 6479
2058 8214
2276 6492
4919 6549
5456 4081
2139 7756
2659 4094
5064 7349
1939 2837
1678 782
1720 5672
5255 7957
4394 1413
1516 1460
6839 8476
351 3090
5566 1878
2878 6628
6819 4165
7341 6979
1738 122
8164 2671
2485 8238
3258 3690
8342 4882
6235 7962
3659 8380
940 2750
711 7000
5662 2147
8482 2305
2822 5503
5349 8164
1082 1370
5035 7259
4798 3779
4188 7030
8451 694
5888 7436
5793 5762
4325 8200
1612 5189
3834 4008
1203 4424
537 5685
7078 173
8207 662
2652 1008
8194 2107
6331 4293
2698 1498
4998 7548
3088 1395
5242 5915
7664 267
4892 7664
6838 5998
1471 5076
1443 3598
5427 1643
170 5684
6368 5615
2234 8047
217 4521
1634 4160
948 7829
7090 1842
8269 3219
8000 1571
2318 424
3090 4568
7990 3454
2077 3044
2933 2787
7540 1455
1658 5424
7455 7739
7378 4685
5955 8591
7603 5351
1614 2208
98 6592
2318 3756
3819 5193
1865 5941
7719 7659
7023 7840
4694 2297
1523 3439
2143 1896
3844 5076
2218 100
5834 2580
4888 3596
6373 5480
2626 6163
875 5193
6425 1780
674 2976
7161 5749
7428 491
2335 6867
3240 912
3122 5353
5954 6078
4184 6796
3980 4825
8077 2774
6819 1194
4509 573
6172 685
4225 1537
4175 5947
7964 2777
3966 7843
1744 3950
1809 6784
627 274
5620 509
767 439
6657 1431
2676 7634
6477 616
1100 950
5748 6205
3251 2440
6694 78
198 4095
2980 3700
4267 6093
3107 1614
8299 4620
1722 277
5218 1563
4604 3830
1953 2970
4885 7631
6727 4922
7925 4900
7246 1186
2858 8161
7951 7758
6318 4034
2758 3195
7375 7264
7225 327
5317 2636
1714 1366
2601 202
8582 8096
6328 5372
3726 7935
7160 8546
3380 4619
3405 5391
1178 8002
2456 3137
5975 1816
1832 3247
2013 4281
5045 770
5663 6584
3435 1388
5891 7040
1352 799
1573 522
106 8229
7693 6915
1066 313
1461 7611
2272 8559
871 8341
2318 1386
924 7942
1746 2597
5606 5994
8548 2873
4104 1416
6499 5797
1581 2812
6133 2033
7707 2678
3339 8371
7766 331
5475 561
741 6528
3145 8165
4694 8271
263 8153
6027 4034
3382 3418
770 7152
3780 5753
2685 7424
7462 580
4360 1735
6807 7360
1549 8284
1212 773
1750 8586
4625 229
333 3552
2923 3016
4238 2695
2626 2075
244 3410
7209 591
4483 130
3839 3454
3364 5928
3486 5939
4734 5622
7339 5997
1871 3481
4954 3030
1146 7968
5943 8261
4133 3434
7341 5187
5994 7609
5152 2080
5907 539
2743 4130
145 6155
1632 7429
3289 7593
8382 2175
902 2243
3089 7855
4057 5354
4470 3971
3338 7446
464 1955
8250 5777
937 6675
3555 513
8120 6316
1925 582
5685 8521
8543 6574
6291 3661
2775 3859
2076 6909
2175 5479
7490 7628
2731 2315
6463 5806
7237 2366
1821 6834
7216 2228
8567 7194
8333 4140
493 331
761 934
3637 4434
7521 5204
3475 4773
2792 7351
1754 542
4400 8197
8095 1186
5883 8323
523 55
2848 4219
3798 3479
5926 773
4710 2516
1505 469
7290 7625
7545 104
4701 7496
6103 2137
284 5539
4596 6513
4315 7479
4071 2091
2350 4090
7234 890
8380 3634
4529 904
921 5418
5014 7291
2602 6847
7069 2947
5526 1185
3277 4408
5278 5216
8255 7052
3509 15
4308 5596
3034 278
2675 5566
7949 5306
2929 5601
518 8360
4697 3572
3378 511
2099 8004
3076 3352
7363 1160
325 3306
1094 5059
7170 7559
3007 3672
674 3323
6861 3187
250 5385
1371 61
5247 4185
8236 7266
636 85
1140 7526
7792 6460
3049 5326
217 4640
6293 2826
5255 8518
667 2868
4244 1129
3261 439
4738 2515
8472 1011
3686 2850
3229 5314
3415 3045
8504 7922
7829 2742
5323 4765
8450 4770
4003 1066
7271 2766
8231 2245
5101 3432
3168 8203
4115 8107
4497 2853
7625 1075
5651 5850
6728 1266
3181 6212
3939 7879
3521 8263
449 3096
4398 6848
6348 5877
2112 6532
6344 4367
1071 2208
2615 5333
4623 1136
7280 7648
8490 2294
3247 4708
4119 796
2937 1882
7501 2534
3958 3462
3247 5366
2160 7017
137 3907
5442 2368
8420 7351
3465 2946
981 7957
3074 5251
3366 725
661 3311
7910 3187
42 3689
3940 2393
1608 4932
1656 4035
6372 6362
6734 1297
651 3324
6440 8522
440 5210
7767 6779
6075 7153
8285 1541
3930 5158
7979 5906
8163 5308
8347 6460
576 2479
161 5511
8328 559
2116 439
8050 4196
3264 6072
1489 6473
2383 7033
3696 1082
6389 3220
58 1125
8232 4265
3847 3313
7748 85
3554 5027
4669 2694
2094 4314
5596 7058
1267 6739
7051 1196
821 4629
6850 7513
1971 6859
5712 1242
1589 5004
2917 1955
5762 8355
600 3436
2058 5706
1030 7281
5942 6225
2139 7496
647 6270
961 7863
6513 1438
3753 5288
7630 3239
1654 34
4688 5130
5172 8440
1691 8464
3595 6265
3939 3235
8361 3033
2022 1852
1497 3127
5526 4535
6805 6930
5224 7989
6288 5233
3661 3879
4959 5865
4830 2681
1349 6070
7947 8561
33 82
8041 5087
8292 6926
4236 5731
4985 1626
888 7132
977 1414
3804 1739
4547 4990
2856 2047
6958 3034
1046 5865
750 7720
3185 777
4413 5856
2649 1432
6331 2690
6960 8269
7250 8386
8400 1633
4735 518
2957 8077
4536 6290
5032 3446
5942 2723
1610 1153
3178 5041
5443 360
7148 432
2883 2870
5270 6575
8306 6883
1348 9
4909 1933
5604 1550
430 5618
7204 2101
3782 2630
1576 2775
2284 8291
7506 3230
899 2760
2545 2930
8487 6486
2389 1233
1346 5908
1580 6876
5929 7107
754 1965
7854 8539
5271 6891
8078 6667
6250 7280
5762 4322
6540 5639
1127 4829
6849 2053
2539 7955
3069 6354
125 5225
5153 1525
3560 7537
7851 6736
935 4178
3564 4240
1449 8503
1210 7840
1639 333
5626 7842
2848 5032
2725 563
5430 5489
4390 3985
5129 5018
8258 2006
2557 7126
6481 7814
3049 5506
4667 6598
8434 7204
784 1699
6469 7472
7398 5764
5015 4327
234 7258
5890 713
625 1751
6533 3957
7667 4298
2496 864
617 5635
2945 5655
7770 502
1468 579
3498 4591
1135 1865
8319 4137
7278 3475
1297 6977
6052 7795
6064 8055
3015 6536
513 3766
6545 941
5768 7451
168 6147
3077 5469
1528 6270
7001 5990
5302 2197
3376 4128
1677 2743
5168 5346
90 1188
4984 7322
1047 2825
5819 8400
2254 2555
119 7345
8040 4698
2557 1214
6322 847
8006 609
7760 6553
4483 5791
4221 1243
7854 5274
5416 8108
1556 8523
5334 5634
5047 7613
1105 3213
8278 6122
4586 5698
1594 4596
3021 8594
6223 7791
7406 4132
2299 7564
408 5658
362 5722
5587 5081
3324 1462
810 5163
6105 3669
7706 5786
2004 5620
8395 1557
7038 7151
3668 3913
4127 4094
3250 5335
8540 1816
4241 8318
2200 6950
7283 4702
4702 4494
1121 4148
4320 5629
6358 8079
8176 153
7999 7739
2885 4075
3539 5933
110 5460
2361 5448
7480 4315
7356 6379
4658 3120
1756 3500
3429 86
2783 7132
1591 821
7483 705
3556 5419
1892 3181
5002 1511
4941 7366
5469 1500
2706 3809
2653 2926
6013 7846
6298 1854
746 1592
5783 8074
7767 6209
7405 6647
6358 8186
7400 261
6964 172
6686 3328
3475 2839
3204 6205
3884 3329
2371 3168
3010 2122
8280 2525
7335 7199
1001 4299
1670 1812
3505 8247
2767 4951
5420 8131
2318 353
5904 7660
4636 8028
5286 2373
3610 6881
6472 4597
6599 5602
4139 2219
742 3923
7238 8231
6173 8178
2312 6484
6898 7803
7957 8026
7095 6769
439 3524
6501 4615
5829 4190
3506 2732
6187 3209
4757 8390
54 8097
3015 1500
498 3337
7722 3933
7430 6630
448 6033
1904 4777
428 486
8524 4889
4768 2076
6195 7231
7835 720
1559 7069
719 7163
6056 1196
691 4237
7125 2681
4381 4913
2504 1025
3138 6324
3621 7244
7794 7639
106 2948
3299 7266
5376 7718
2313 2508
3570 2853
5261 2112
5444 8572
93 7944
92 7696
1114 2640
2810 1539
8299 1546
2923 8356
1706 7123
6231 7417
4715 6963
600 7717
5586 5277
4321 1178
2173 3755
893 4941
311 3867
3444 7719
1784 2698
1861 5726
8011 7071
2633 5557
5160 5526
4384 4707
5448 6674
7649 1596
7568 2567
1517 3072
7898 1781
8504 1093
4055 3484
6245 4513
3725 164
3261 7076
4133 4806
6678 544
7276 1402
6019 7965
186 6273
6395 939
2109 4774
1750 4376
3039 5810
2020 4368
954 6910
769 3891
231 7345
810 1181
7817 104
3965 161
228 6432
4460 2906
5825 4734
2906 370
3279 3484
3088 566
6421 864
7631 1549
722 2627
4490 169
1908 1880
1894 2703
6358 3313
2182 2685
8145 1735
3381 3665
1514 1601
4713 619
1184 2766
8124 4593
2469 7405
7378 5343
8315 4238
3815 988
5315 1235
7785 1830
8428 7203
2466 3217
6312 2905
7259 7724
53 2713
4919 2830
7398 745
5887 5453
3035 6797
2099 6370
2005 8012
1019 7786
6698 8374
8017 2113
8348 2492
8239 4492
6270 3678
8135 1618
4885 8391
1310 4903
408 6046
87 2797
2310 7555
2100 5214
1514 3255
6241 722
5531 8024
1156 629
4906 3496
6973 6090
7414 4635
5482 8075
8177 3628
4490 8331
1215 5745
6192 921
5367 8389
2555 1470
3963 8060
2199 2196
386 7547
1423 7453
3840 3802
3261 3089
1161 6599
5018 7619
2319 1412
6825 3408
7468 1321
98 2917
8523 3343
2077 2132
8391 4281
3824 4157
4769 4598
6996 823
1292 5618
5988 6073
2192 23
5401 7415
2550 3951
7605 4192
3021 3400
2365 2007
6708 7208
4992 593
2907 220
3048 1309
137 5192
6369 1295
6017 7654
722 347
3552 3963
7819 1721
1760 2121
2776 5262
4237 6290
2835 3410
8039 7396
3787 840
6546 7031
5483 3668
1731 7682
5227 554
6451 6110
4959 4500
3252 5495
4939 4286
2352 8148
7091 4389
6675 1498
1268 2434
4790 4497
6589 6211
961 4922
7116 4333
6951 6104
236 5433
1135 198
3534 7630
3130 8364
1026 6322
8296 359
4195 797
6822 5034
3601 7622
4069 152
4577 3438
2983 4726
6994 5664
5637 2496
3556 1169
5102 1985
7256 5711
4144 7225
6851 440
1736 1939
3149 1559
6642 4140
498 8289
3034 255
3876 1846
6572 7167
1008 4048
5568 2039
4001 8250
5504 3470
8118 7776
6159 5697
8114 7644
2934 2759
3048 5539
712 2157
4823 2504
2389 6313
1012 2876
6120 8217
5547 3912
106 6323
67 7153
7153 3035
6397 3278
2562 6233
8407 6069
4521 2681
7645 7372
3739 7200
2528 8255
5935 1016
1994 4412
5627 4175
1137 146
7439 4304
174 8531
6439 1351
6958 2803
7849 4149
8414 1434
3572 1150
6539 3043
3663 7776
7099 4988
4640 3738
2466 5690
738 1572
3621 4882
2286 3691
969 60
6233 5150
498 3655
5153 1852
3625 2906
2970 2365
3918 2693
5619 5723
1964 2450
6395 4151
6403 87
6203 906
2911 1610
3283 5745
7004 377
6802 37
6566 6691
2700 3583
566 7505
4458 737
1712 1428
6984 2203
1493 5716
5280 3635
6896 5656
5576 750
6768 4395
2147 3816
1501 3759
1399 110
1813 7532
2116 1852
482 3568
687 2016
7672 1155
1795 2629
6332 1753
5830 4083
1006 1828
1128 5356
6645 923
288 6630
1402 2446
6869 1191
5110 673
2354 3197
7913 674
850 2864
3382 4665
3629 7667
540 5021
7616 5165
2019 1604
1766 4327
5342 2078
5455 8157
208 4895
7085 4388
7259 4343
189 4434
6746 2704
2939 2651
4507 1218
2144 6950
247 6887
3118 3537
8003 7631
2109 6661
85 2817
1314 266
7665 7257
1909 1231
879 7138
8468 6763
2169 1446
2948 2709
3391 7365
4297 2363
2878 5912
369 607
2393 7162
5134 2374
5515 8063
7816 5193
3221 7047
1963 4214
6505 2089
6430 8099
3247 5716
7657 927
6125 7672
3233 6689
2150 2588
5101 4226
4777 8291
915 1668
4932 7011
7739 864
662 8282
7240 8049
4894 1445
2275 6081
4023 5026
7331 1715
5377 6942
1217 268
2532 2720
1948 6111
2470 5979
6100 1991
8506 7471
7536 4775
2834 3703
2147 4419
6588 493
3894 6108
3166 2581
8368 4317
4189 7758
5472 4801
5366 5365
1852 5756
6227 825
7449 2303
4260 1114
6304 416
2870 2639
3795 6591
5094 3552
5864 4411
7562 2758
2419 6699
7331 7591
1609 7008
3884 3228
6388 4813
4774 6867
5873 8258
1834 4482
1753 4858
8414 6853
3779 4312
4619 3642
7689 7756
7827 2166
7293 1609
8379 5931
2074 8354
8017 1197
2929 8008
667 8023
1111 2669
5439 4252
6494 7444
5053 235
6469 7075
3736 439
4106 553
7789 3815
1681 1603
8477 5415
7830 4784
6636 4793
1605 6621
1852 7375
2837 3125
8001 3495
3828 8417
3841 7461
5868 6120
5563 5440
132 4306
6856 8474
7238 1759
5005 7746
6958 2610
3620 2073
3794 7798
4350 908
2628 7895
4248 1987
4561 1733
7821 2651
794 5200
463 2911
6264 1612
101 7146
813 5701
7000 5873
5595 6992
132 780
5498 2707
7482 140
5774 5199
1291 8456
7503 4461
7238 7718
8390 5754
2793 7198
8107 6292
8343 782
2411 654
445 4485
887 8323
4093 3380
7156 8191
3090 8409
7116 5948
2635 6539
3892 493
6324 7707
5172 4974
6950 3990
3334 4754
6015 4141
4220 8346
2737 904
2475 3463
4867 1379
4206 5671
7781 4039
865 1845
66 924
3807 2672
6307 6587
2533 7338
1514 505
1891 5767
3872 6720
4186 3556
774 3430
1818 8412
2179 31
636 5670
3874 7052
4673 1128
6166 5451
893 3992
3756 5764
4703 3811
7075 3951
1579 5087
7683 2316
8245 4793
7006 5520
2558 80
1843 139
8181 2406
1992 5209
8173 2982
4492 3188
8401 6566
5376 3750
7015 3684
3641 1405
7535 7151
2421 3965
85 4792
7237 3256
2813 4140
2806 6209
649 5981
2958 8177
6322 1247
697 1027
3264 1804
202 7797
5004 1097
2555 7991
2509 6357
7821 1056
8098 2404
7142 3296
7728 1766
4248 3684
3592 1634
5153 4995
6430 1198
6746 8286
6984 679
3415 1664
3997 633
7801 6269
358 4330
4143 2780
1611 6824
443 4443
3665 484
2174 8071
257 7044
8416 528
4063 67
6129 7152
3906 671
23 2583
2598 6937
3536 424
6211 6859
838 1297
7597 634
7405 5981
5846 790
20 6302
1274 5451
3556 7132
2533 7963
6304 5950
5589 8130
7034 1432
7230 3701
1375 3754
1056 8287
7012 5068
7237 981
2522 1977
6932 686
5945 2591
7617 5897
7385 3261
4488 115
3831 6995
5914 128
3292 4572
6772 6267
1477 2792
1275 5847
5275 7350
7744 4703
8332 2504
1457 4360
4455 5757
698 3501
3343 6371
6131 6326
2437 2660
8313 1143
2640 2162
6880 1266
6602 3674
6542 1039
4711 7089
4401 3595
2652 2034
5751 4307
6933 3813
7366 2388
1384 6086
8301 1547
822 412
8153 7405
5975 5272
1508 1608
4863 6914
5296 5106
8125 3712
5928 8341
380 2198
2134 322
720 6317
7496 6858
5432 6935
6297 5183
2999 418
3938 168
1552 308
8066 7907
5707 5097
6917 8436
5233 6096
5204 4903
1165 3916
7829 5130
7499 4648
605 7588
3407 7816
7450 1058
7504 7153
4614 6619
406 3707
4264 3024
3732 6548
5830 6333
356 7713
2307 6354
2517 6243
6820 2508
5224 7232
3993 4420
7343 3237
571 1104
105 2909
5981 1489
7466 3092
783 2998
5275 3131
2382 8510
2819 18
437 7153
5190 8001
5788 6107
544 86
328 8571
2751 5152
997 637
7784 7562
6303 983
2718 3484
5159 8302
3246 1185
3525 6778
3189 402
3235 815
6637 2707
1456 50
4827 2968
7682 6393
2412 1918
6401 6327
7961 6917
7323 5105
6580 6136
7180 5942
8269 4206
652 6926
494 4375
198 6581
3387 4402
4397 3441
1158 4558
6738 2104
6962 871
4393 7214
5719 1100
891 830
6176 3017
6102 7466
2323 4962
2933 3065
7978 229
8516 6457
4007 5012
3414 2874
437 4009
6773 5640
6348 1175
2298 2175
4781 8283
5908 932
5530 1567
3782 1663
6064 1127
7316 89
6277 7625
4372 5784
5597 3997
1171 6751
3153 3150
2748 7812
8575 3413
8307 767
6057 158
3389 1337
6085 4559
2237 5621
500 4990
6755 864
5975 6009
1067 7119
3875 2807
62 2261
6860 3019
3942 6159
7620 7886
6132 8189
2563 3137
2054 2803
3035 4920
5987 6089
8088 7864
1647 4629
6486 4759
7575 8369
3425 951
4515 7846
1203 3320
2073 7177
493 2340
1135 7425
5764 8269
3463 5834
7340 1245
6658 2188
2752 4556
5068 7052
7028 7697
7330 6913
8308 6189
6574 3110
4770 3681
2983 4018
7298 6323
3482 6154
7046 4409
5974 758
5637 5750
7950 2959
5292 6419
7903 2743
6600 922
715 4077
1819 7045
4866 5117
7948 2684
5227 3165
1653 6928
4682 6623
8593 5846
8388 4807
1410 6842
1778 3522
7287 3698
5231 3775
7588 5105
2123 2368
8471 7568
2038 1037
7216 3072
7562 4189
4244 1618
4967 3419
3114 2099
7433 5911
4954 3361
1775 6211
1742 2698
4234 2915
6196 4907
3470 7806
95 6373
8273 426
5995 8340
6190 5074
1542 1254
1253 2657
7588 2364
2859 8483
8275 6760
4721 6373
3363 8331
5188 2717
7208 4201
2708 3595
4426 6767
449 7970
2369 6304
3611 5406
5444 3535
1864 6194
3925 4418
4162 1923
6448 2622
3439 4325
8453 347
291 2682
443 6859
5105 7885
6598 6080
477 2935
5660 7308
6052 1783
3401 3386
6066 3478
3432 4711
5138 2196
5220 7218
2262 2046
8558 4452
5195 6491
6161 1334
1091 55
8141 5768
5570 2082
4318 4378
5466 1236
5456 1651
4033 6772
6423 7221
6722 1971
856 2276
6391 2752
210 3284
1024 5614
3109 6282
8127 8450
2740 4690
5984 7011
5609 3856
2442 2916
30 2661
2605 6632
3328 4562
3115 5840
3059 1940
5617 4584
71 5402
3869 7603
7560 7932
6872 721
5406 2026
5851 1764
2324 839
3875 186
4474 5022
668 644
7028 2357
5744 3206
1739 7853
6248 2231
8079 7923
4541 6176
6658 5715
4847 5419
4342 3975
4507 3263
3834 5288
6907 3807
7392 3216
8519 4680
7578 3797
3765 4733
1517 995
3015 4463
6675 1367
6852 3590
4406 6784
8320 6059
6213 6759
2455 1714
2339 1005
8418 8402
3698 3384
4955 6221
911 8302
4917 8458
5004 5927
4943 6222
4896 8252
5064 1538
8092 2655
6936 5880
378 1271
5286 7370
4490 5168
5944 5803
3629 539
5414 3502
3655 4543
2237 3230
6417 3869
8317 1405
7929 1324
3248 7132
3410 7877
5473 8457
6967 5517
3705 5792
6370 1788
1987 1916
4912 7924
24 4969
6735 6341
192 3426
2012 3939
4239 5489
8318 7702
2653 770
8445 8473
1086 221
7577 2787
3475 1346
1444 6070
4803 7523
1792 7177
5604 4157
1475 6412
664 961
3322 6481
1541 6824
2234 7351
8227 7179
8017 2600
744 7997
4225 1637
5085 2449
2867 6199
6929 6295
1774 1680
6902 8333
2368 6612
7377 1815
7174 4962
7635 2630
8120 3717
5739 2523
5317 343
8389 407
2225 5987
4611 278
7652 8555
7190 6725
5355 806
5099 3799
998 7818
2309 4252
1361 3647
6064 2114
1784 167
5499 3297
1786 8001
4175 2154
6213 8110
764 7254
3098 2004
200 863
3352 5971
6615 5834
2279 7688
6801 2885
4099 4368
1500 5036
7022 7939
155 3551
6815 4734
4239 5181
4843 5792
5229 7189
8303 4171
2016 2688
5893 2376
8306 7461
3481 2586
6744 2725
2788 4085
2437 862
4025 3938
1929 3893
5332 4831
3308 6164
3230 1058
5564 784
8495 5753
3063 4118
1088 7760
4302 3698
3388 974
4490 428
5849 1932
1471 2865
7461 5743
68 3610
7728 5067
2953 180
8092 1609
4266 5877
2576 4614
7878 6161
5673 3518
3954 4801
2812 5170
2436 3785
912 4559
1199 241
2531 7164
7804 28
3784 2268
4684 682
5442 2510
7163 293
1342 2025
1953 4088
3556 69
8247 208
3401 4489
1998 2971
3136 3527
60 8548
5675 7547
6916 6983
5533 4840
1231 5325
3561 1335
6220 6377
7477 3485
555 6926
3497 2936
6829 1778
4846 1609
4138 3943
298 322
6251 3416
7111 802
6741 3827
1985 5874
5024 3117
643 3324
8512 2750
3950 7217
450 2965
2122 3562
7848 7098
1425 2413
4628 5795
2835 7406
6370 5425
4056 3426
2609 159
6858 5740
4219 4711
6768 7512
1950 6511
7 7973
4104 8237
8467 1297
7925 5281
4538 8378
5870 843
729 4092
8142 6904
6659 5494
6176 5004
6909 2468
3816 3223
6356 1853
97 1505
7345 5460
3227 3013
673 4781
1635 2551
7938 6735
8056 1300
4024 3584
942 4602
1114 5521
1184 6828
2736 5918
660 1451
3470 948
3603 5764
2490 8527
3887 4050
3680 4110
8445 330
4340 927
2956 2808
4960 6571
7510 8251
7011 7196
8367 1289
6607 1963
2176 5014
8558 6725
6729 5182
1834 1148
3161 5208
7322 5552
5848 6224
7228 5155
394 510
4694 4845
8411 800
1158 1793
4102 5382
2177 6217
6981 1928
6827 6348
5028 6503
1264 5613
664 7391
4911 1135
203 6798
1304 770
2875 466
4284 2179
2118 6190
6249 4063
5430 1970
7662 7557
6419 1031
2723 1662
6612 4565
8526 5042
6246 4443
958 7990
5000 8255
4800 1702
7158 6230
6919 122
8015 463
5796 2027
165 5516
672 1493
2191 3113
3197 8105
3357 6661
6062 2833
3995 5690
3353 4976
7775 6537
351 8205
6402 3487
5884 885
5220 5458
1740 3964
6121 5920
5947 7503
7331 8506
2268 4968
8493 5215
4646 5190
1270 8391
1807 8350
3272 2354
6336 8504
6185 6911
2287 1851
6186 3355
5525 8563
37 4529
4028 484
3739 5368
2630 6895
6858 7584
8453 7917
7498 3672
6300 1313
6169 831
3270 3094
8469 3877
2380 1652
2406 7456
5566 4751
8022 6735
2844 2366
6439 5413
3548 6361
7009 7816
4446 36
6395 1402
6769 3639
6429 1697
5594 7716
7247 3807
1971 3922
8327 7728
26 3373
41 7583
3282 3166
7292 4780
3317 1648
749 2069
7080 386
6830 5472
4530 4699
8097 3712
3233 6699
2304 8352
2177 7419
6368 2196
6119 6472
7386 2762
633 4998
8348 3169
6415 6824
365 3758
8552 7593
5215 7540
5364 2712
8325 5283
4454 6424
814 3207
1954 6457
4056 622
6176 5779
707 5319
8113 1406
2232 6507
4838 4248
6735 5021
6093 5485
7531 6793
5554 4922
5704 2429
6959 6859
1770 5681
7446 4374
6799 558
5826 2099
462 3816
6983 1768
5909 6681
8182 851
7137 2159
7511 3511
3658 5664
6648 802
4523 6868
650 5538
1171 8405
4973 3899
4725 5469
6205 3261
3048 3211
2226 1610
5767 658
3468 5363
8261 7697
6790 4929
2415 7011
3158 8358
6306 3924
1712 1934
597 6271
2786 1066
1698 292
4173 579
3826 8215
8209 5508
278 7671
4201 4005
5719 7292
3546 5617
8338 2153
3603 8195
4065 7241
3895 4098
6387 4602
3440 8293
2357 6639
1881 1943
8593 5775
4465 7611
6801 8
5097 6596
2361 148
4983 5736
3872 3277
7738 608
4964 1578
868 1215
7569 3072
5995 1889
4919 6982
7000 8577
6034 5061
2605 7324
6223 1355
5464 6991
503 2198
661 4332
1814 6335
8487 5454
3501 8130
3381 3099
2317 7938
2827 8546
1697 3527
63 1893
4754 1859
1984 3467
6910 8570
6676 4610
3503 935
6029 3488
2870 5135
7226 6712
2070 414
2506 8593
7732 7655
4898 3644
5557 6684
5279 4848
4606 6649
114 3679
5543 7102
7972 6406
5721 3734
8269 2853
4528 4064
5237 5542
4261 8438
159 2943
7906 5432
8034 4043
3803 2387
1417 6215
508 6616
976 7188
1264 6448
6068 3279
4837 2031
3303 8374
1110 7566
2880 2213
7534 911
3025 3284
3663 7740
7465 3865
6079 3542
4135 4822
6173 5688
2588 4764
1357 6211
544 4981
6374 3172
4001 1194
6805 7401
5279 7318
2641 864
248 1848
7547 4463
5491 3422
6688 7242
4520 2462
6780 8506
4836 3650
4292 4531
3769 6298
228 7354
116 3666
7463 5809
5046 7919
6213 6340
2226 1763
4382 8291
3217 21
6677 222
3307 5044
5932 3183
3412 7281
7727 7509
1798 4219
4736 5968
1002 785
2401 4474
7696 7811
7283 5457
5861 2410
4218 4309
4470 7805
6156 151
8094 3793
481 95
5839 8511
1694 3676
4690 6464
1520 7234
1757 4447
8400 2044
5605 5235
882 7062
48 4918
4435 2149
2199 5282
250 5602
5392 2560
4265 795
5384 8170
6780 185
6224 6838
664 7575
946 1732
5175 4827
1697 3882
6577 2027
3609 3631
427 7400
3118 3050
4885 7525
2935 2198
2858 3423
8464 7726
1492 2182
2692 343
4653 3305
7270 2971
1599 6260
6006 7225
7419 7892
4673 416
2017 1241
2758 3037
4381 142
1529 5374
6550 2221
7134 2221
5327 6033
529 4819
1634 1861
7055 5267
383 6516
7935 7344
7327 5241
92 2128
2477 3926
6133 2356
7102 1815
6884 762
5273 2043
5739 7904
3508 6542
5782 2614
1920 3792
6331 6507
2445 966
5590 7701
1232 1843
7471 4724
3863 4032
6766 928
2620 527
1544 1216
3222 5338
4862 7065
7584 4697
6304 6853
2854 3517
4063 4464
3668 1995
6321 8528
3307 974
1753 2410
1496 8562
8417 7403
5434 7421
2712 7020
7430 3395
5642 415
7828 1211
5633 5781
4407 138
7709 2590
193 5975
621 4521
2308 5215
5203 6889
2475 7043
3698 4053
8184 6891
4733 2535
5768 2195
5233 6428
881 3735
781 2032
3890 5209
6497 8006
4940 1280
7397 3269
2904 4833
8030 3325
8587 303
2173 611
8274 8519
8266 3385
7471 3604
7034 5113
2965 812
1948 6061
6257 2132
6895 3626
6132 7374
1398 5310
7977 5105
6002 3604
4701 308
3787 5059
6859 4367
2598 5099
720 1454
6912 1098
2159 5234
4669 7727
7907 7878
7815 4210
5978 7486
4771 1432
2256 271
2488 4348
5745 228
1559 8279
7571 5323
4946 107
1917 3942
3456 449
53 7767
1976 3355
7445 5101
585 4204
470 443
282 685
4382 6498
4886 4234
4170 2968
3807 6387
2309 7203
4253 4760
8476 2534
6941 8347
450 3746
6220 6083
6546 5118
6064 6574
4073 2177
125 1837
3364 7072
8203 6625
5374 5766
4944 3768
2800 3694
7669 1351
7493 7293
3491 1906
6835 1493
6897 8203
2446 7049
1993 8444
3178 1259
4345 4252
7765 3952
7787 2927
1709 144
8001 1743
4601 4553
37 2683
4721 160
5678 1444
1153 5548
2784 4801
383 5824
147 5024
4840 5130
6235 8078
3899 7797
7559 7090
612 3586
5715 7124
2671 1206
2300 1295
5523 1502
2078 4612
5101 533
7899 5186
3115 514
1196 5463
7670 2682
8014 5370
2875 1209
2507 482
8053 3558
2674 1187
4807 3115
1002 4459
4112 7041
4457 4003
3875 604
841 1573
617 1644
6144 5241
2288 1971
6366 1420
3316 333
5650 2287
4591 2623
1635 2612
7327 2524
3682 7403
91 2099
4302 3619
8397 6025
332 3707
3061 1392
2755 7521
1331 6425
6893 6162
8540 5478
2091 2766
90 2263
3790 4557
2591 2585
2999 1610
6345 2922
4590 5706
1021 3134
3415 2809
5815 4478
2039 5547
826 88
8088 3887
4470 3684
7836 4191
1257 2291
4523 1007
4498 4444
5874 5040
6579 6355
880 3704
6037 7762
8032 271
3900 7077
195 7701
7063 4876
5546 4468
5242 1568
8493 6683
7394 4858
4123 726
3185 6406
5893 1377
3230 1432
3284 7053
8002 7908
1609 6657
286 2004
843 1788
4997 4760
3839 2656
7344 1321
170 4340
5251 3567
7493 5601
8571 8274
655 7882
2932 8146
4940 1235
4690 8278
3396 1351
5926 1493
3916 7672
3108 4373
7213 1035
1593 2400
1462 6243
5881 2896
4430 7158
6383 4466
592 5122
8383 6317
53 6139
2896 6179
2451 5845
6161 546
2793 596
3727 1157
2260 7908
2005 71
7182 7739
5587 3435
7054 7447
4616 4452
4515 4096
2008 1797
3004 7960
6362 2275
7036 6654
5507 4966
4152 331
6280 1371
7526 360
5482 345
3164 5026
4398 2395
4737 5411
6565 3820
3434 40
1095 1100
5330 1117
2726 1017
104 3910
7737 6523
7834 1430
3975 1938
5796 6875
7088 3849
2891 4221
6082 3556
423 1450
4360 8170
7881 1032
7136 3948
4426 5047
7064 3081
5293 4962
6035 2835
5768 888
4938 4582
3193 8030
2036 736
5172 2564
5263 8349
633 3664
7832 6701
5960 1180
2115 4334
6901 6361
5002 7381
4498 4250
278 7666
7719 7945
2117 6088
1996 4455
4139 810
5901 2268
6810 3005
452 2852
2175 1075
5919 3571
8164 5660
6670 3297
2975 7579
5291 7147
6958 7710
3059 372
1047 1988
1094 6552
5 2240
6399 256
8264 3665
1372 4750
2173 7809
5381 6048
6680 112
8564 2390
218 2803
737 5512
3694 1096
1061 5579
376 1323
6315 8159
7739 1343
2467 3066
4817 4941
2518 3256
1066 7539
1603 2059
2024 6945
353 748
229 1469
359 862
6601 2453
7183 7696
1103 8528
979 666
8422 7381
5541 1012
4052 1996
775 2598
927 5049
246 6569
7191 2909
6039 3646
1627 5203
1690 4125
3416 1360
6391 5593
7866 2439
8161 3953
5321 1216
3251 7193
5126 6103
7445 7321
5962 4315
7982 3974
2907 3019
6853 7520
1673 3925
7859 2238
2223 6421
5594 3866
6352 428
586 83
5669 8318
571 1481
1924 8170
8505 1513
7900 6569
3166 199
1666 3494
1316 7228
151 7067
1707 5153
7826 137
7541 4371
1274 2548
3868 1616
6183 96
2070 2960
1448 1412
53 4336
2905 5578
4521 4867
8228 306
7924 3908
1703 7351
3984 5131
4543 4369
6472 7405
198 1450
5702 1474
2673 4979
833 1709
4385 7749
6753 2660
2277 2532
6293 7392
3707 1924
8374 3901
2835 2930
5573 3451
7601 4690
3984 4606
5062 3476
5059 6523
6705 8523
2627 1396
2645 1574
1073 8321
7983 4238
3722 7767
3765 8243
8120 3923
3573 2943
3551 3882
3764 629
8274 4101
7871 704
1961 7711
1755 5180
7283 4892
6103 7837
4984 619
3870 1185
8404 2221
4123 6931
8218 6606
8308 2764
5515 4488
48 3084
3588 5245
8418 342
3442 3788
7910 7119
3500 4701
7347 5297
2314 3475
6688 5080
8345 6624
1878 8448
2953 1555
500 4803
6013 7222
3488 70
1652 2242
6042 4262
6968 7419
6687 6363
7480 8488
7278 5569
2099 135
6549 2171
3527 2061
1925 7738
7419 7519
2762 5711
721 4692
8017 6655
4832 2328
5878 2932
4882 1411
5527 6602
2542 6956
4248 7555
1127 3800
1829 8179
284 4776
2152 4111
3094 1338
7820 6406
4735 1260
3008 7379
1452 7714
7273 5972
8593 2179
1745 1169
7567 983
8144 2768
7087 1001
1320 3160
1657 4509
5446 4766
1297 7442
3922 2637
4650 8391
6141 2515
1115 1645
6262 5798
1827 4844
7175 439
1611 8121
3493 5843
6126 4865
3845 1611
88 7078
1815 4899
3052 7310
2659 5494
5827 2378
5692 6114
2493 5940
717 7861
1263 8327
6999 842
88 7754
935 7691
752 7563
145 2571
4105 3208
8298 1682
825 6006
1408 3505
5358 6421
2108 879
675 6798
6107 1072
4160 212
2147 3996
1205 2680
567 5874
961 7282
8485 5602
259 7322
1048 4943
4066 5947
7532 2027
728 6563
2878 5741
1549 5475
6045 7069
2085 3505
8568 7033
374 5205
5143 5401
3398 6299
6231 278
6300 7874
4401 7533
7116 3300
6399 7104
7142 6824
7138 8462
180 3188
3278 6622
4439 8021
4837 8355
2853 1474
6710 2849
1101 5929
2700 3836
6754 5633
3842 6210
2076 1588
922 6217
444 4672
1932 3437
8297 5690
2705 5905
5202 5410
6635 2804
170 1911
6462 7416
4945 6135
2075 6447
2870 5984
8436 950
6069 3953
6067 4014
6988 7960
1382 2701
7985 6623
909 3123
4248 2500
7889 47
5364 6824
7442 2052
4551 4867
1440 7342
888 7909
5934 7022
7611 7034
3758 328
4871 763
5852 7460
658 5852
4377 4660
7982 756
3613 899
5136 6305
7116 4659
833 8558
4600 3076
3023 6656
1601 5639
6937 5737
8134 1781
7101 7453
1623 3824
4884 6180
1729 6220
7930 3608
3538 2082
1580 1861
598 2869
7167 6237
3854 2898
7734 4513
8232 6084
2083 1701
4117 1627
5579 5069
6923 3300
7671 2253
7599 3304
2354 3752
2212 2545
409 7927
7601 5790
6706 3233
1762 2351
5538 677
989 3851
1655 6604
6596 7050
804 4804
1164 4295
2566 4586
623 108
5764 3834
2024 4837
6404 5667
7209 3235
1207 294
424 3426
4218 5781
5231 7652
6614 3927
2014 3649
4721 6486
3840 3280
331 8274
3227 56
1687 1355
5319 2371
4991 885
3481 5075
7237 5479
6952 1344
5392 1251
3812 6615
4172 7402
2808 7476
8342 7463
6426 6805
8016 3034
2558 7671
1853 1455
7967 8332
1463 2643
2446 4147
1432 8295
1899 8394
5852 2871
4933 1043
6543 1083
8054 4038
6051 2638
3778 5285
5403 4699
5314 6808
6889 5668
4935 3775
2339 6153
5983 7369
1890 179
7592 471
4386 7817
191 3308
8537 1958
6636 1577
2083 4801
7274 6700
379 6207
3608 8247
2002 2364
1650 5495
7976 6986
6930 6845
185 1621
8120 7924
5132 4870
5916 5229
7186 5178
7141 8439
8495 7286
4492 5903
7495 5007
6239 5866
954 743
7819 2726
743 4963
4274 1308
2728 2711
5805 2415
225 1507
5780 2058
1432 4104
3925 5105
7541 8090
7535 7758
1129 3083
1078 4480
988 5745
5314 7537
5392 577
2344 1812
390 3090
3470 5687
3998 1661
1 2461
3261 5804
3612 7464
3552 4671
1345 601
1439 6240
1634 1977
7208 6831
7934 8103
6138 758
2088 489
4240 4729
8285 5078
374 7371
2855 5460
5226 3647
7090 1612
4724 2290
2920 6118
361 8499
2931 6952
269 3818
2368 4771
5239 8334
2 5918
2131 1084
7964 2660
6918 8079
7331 7831
2591 4295
3371 1224
2862 2156
7019 2496
1510 3145
5889 3039
656 6462
5902 5459
5581 2582
4524 5619
467 772
2056 6026
4208 8238
8253 6996
211 1931
2501 7840
7754 283
5539 2247
4279 539
771 2963
6900 7334
4222 4284
3500 4477
2573 6444
1072 6673
2029 1966
52 3739
1705 442
3994 1190
49 1354
417 2584
5821 1499
8266 1710
4498 2606
1373 4820
5599 7957
6149 8382
600 5844
2667 7492
7466 6585
4302 2504
7267 6894
1454 2727
4272 2091
2519 2030
7022 4006
7337 7840
4353 8391
5445 1642
4954 798
1629 7221
4828 3688
6553 2453
2210 3884
8208 2881
7214 7895
5393 1827
5771 8293
638 550
1097 1986
5997 4227
4356 5023
2309 8290
2266 4406
4999 4495
6634 642
6147 8237
7419 5810
850 6451
4314 5193
7450 8106
2787 5789
4617 5633
9 916
3789 973
4359 2246
1199 4529
6123 6060
7981 5181
1483 7662
3241 3607
7656 6662
8322 4754
3026 6914
7492 6978
4032 4207
3684 733
6221 4104
7599 6861
3114 2814
2264 3261
618 5847
329 8525
2014 8541
16 1747
5764 1942
3183 5984
5119 6184
7719 297
5128 1272
2096 5524
7652 2890
3874 5210
993 7829
3702 7198
1777 8590
6839 4017
2981 2179
2318 5025
5031 152
3437 3047
1962 3620
5219 2379
3154 863
4784 5214
8548 7325
4221 4304
2700 4405
2497 1247
6192 8455
8132 2479
1373 5299
1869 239
96 4163
1219 277
7638 5259
4679 8037
715 7986
1289 428
7745 7237
3183 6833
7639 5038
739 8513
1189 3914
6293 3048
8458 5510
6814 2574
2888 5508
2185 4677
1370 7128
4422 3516
4622 241
6483 7122
2849 8596
3365 5211
4611 7260
4735 3048
137 5064
4325 5566
8261 3030
5447 7195
4153 1726
5986 4761
2209 5698
2394 6848
7522 4437
1800 1223
5747 6162
8417 4072
211 1422
7096 2175
7517 1923
8355 3774
4770 6260
285 7592
6657 7483
7706 3028
5555 1602
522 5280
8175 342
3629 4892
158 3453
1527 4669
7474 4314
5482 8172
7459 4221
3595 1914
53 2553
4209 1878
844 7810
3814 5472
1844 4987
3876 6908
8050 4002
2250 7836
8417 4244
3032 6389
2222 4570
5686 584
1918 6294
6923 4119
1615 8051
324 1439
5453 3902
8259 201
5604 8223
7333 7485
4665 1506
1814 7988
5328 4257
6124 1732
8534 992
353 4205
8487 5174
3392 7269
4713 7305
2387 2198
6997 3541
7571 2015
6095 5435
1117 4891
5523 2182
6655 4451
3544 439
5179 2588
227 8046
570 1601
8220 261
7646 4934
2146 5537
7949 2565
2224 7672
1737 6719
7728 1405
5937 8007
893 4099
6897 6355
6354 994
5977 693
4788 6633
5542 7916
7723 4903
977 4243
4522 2903
254 3158
1283 7733
7424 1910
4842 871
8403 6411
7864 8586
8337 1735
5059 3527
594 859
3627 4514
688 6927
12 4212
75 2669
1972 3684
2770 4476
4250 8025
7430 5545
5997 1990
6729 487
5246 5422
578 4426
721 5375
8549 3097
3461 8047
758 8144
8001 8479
2872 333
8454 992
5796 3641
1516 2835
6754 640
7832 6148
1771 4662
970 3700
5236 3756
6538 8117
7823 7593
5831 680
4240 7589
8101 2101
1569 7510
2608 989
5846 1182
6958 4439
2769 7355
5058 8508
6216 8250
3756 5270
7882 1569
1597 2575
5219 7235
8520 5323
2583 7484
3845 4861
1992 5859
157 7196
5592 7829
172 258
5895 5044
8108 2663
8049 6352
27 2583
2747 277
792 2398
7774 2502
1731 1712
7192 8564
3401 6162
4669 8364
7719 6488
2765 8002
1594 5760
7785 4902
7399 4503
4340 749
4338 1078
