747
579 63
615 457
434 79
740 579
252 510
244 582
646 590
203 133
700 161
383 116
456 443
120 38
158 73
441 32
663 169
360 594
173 406
572 39
10 274
279 571
591 384
102 490
246 738
694 590
127 174
533 443
145 137
656 316
399 237
401 688
488 255
403 393
89 504
251 734
205 633
61 394
595 634
280 208
248 255
746 209
31 146
244 225
615 722
551 165
283 538
547 654
147 697
292 537
499 440
5 525
88 254
475 363
574 547
100 419
68 427
295 258
685 154
64 577
552 427
429 113
430 236
649 708
561 463
706 544
175 282
243 648
593 70
577 22
512 567
123 741
384 606
12 673
160 171
55 688
256 277
428 443
189 69
183 114
713 644
50 97
746 189
660 567
344 32
450 381
195 40
582 309
506 135
656 49
225 299
103 610
230 512
688 638
736 153
397 4
341 118
612 650
460 503
375 504
395 522
241 508
588 173
706 586
96 216
66 363
445 331
248 744
160 230
15 122
341 204
453 657
332 37
37 551
637 161
195 158
735 226
145 636
108 718
547 216
513 507
40 157
466 682
597 592
351 677
744 265
210 204
195 715
294 362
676 125
267 411
735 639
86 693
443 517
372 192
210 164
565 629
601 528
530 378
392 151
415 494
361 345
617 469
8 41
196 287
511 185
304 294
158 311
254 677
461 496
52 221
79 204
653 659
728 55
378 320
114 274
214 266
439 271
40 725
211 474
462 68
596 440
264 646
536 25
603 301
249 78
737 529
188 250
688 512
565 105
336 512
78 64
21 631
513 578
297 237
607 224
394 243
371 641
606 675
629 66
507 496
598 115
577 711
632 691
415 306
433 727
478 308
489 186
712 169
634 56
611 27
10 36
408 190
312 597
325 385
119 315
699 680
412 675
688 306
329 222
66 539
81 664
716 192
599 316
613 651
298 197
546 402
672 198
623 448
704 477
315 705
285 106
434 583
507 594
449 122
256 624
102 467
577 18
701 647
169 74
175 168
335 493
446 427
472 443
567 719
106 372
25 707
664 629
569 26
29 623
223 561
215 73
570 195
640 310
290 487
392 70
373 191
602 75
146 499
518 389
162 507
588 267
466 436
600 84
575 264
743 156
107 636
383 697
417 577
14 409
521 438
606 631
711 115
635 82
501 565
40 509
307 247
70 648
157 634
541 427
381 734
558 577
125 139
363 292
725 348
34 527
454 38
688 216
330 380
86 88
191 520
541 110
743 99
545 385
505 667
142 87
490 655
502 166
260 337
375 376
386 118
500 674
218 14
149 524
159 582
541 364
382 273
571 238
201 667
430 605
206 222
203 317
456 155
139 312
735 684
310 326
260 650
162 656
653 206
633 141
651 649
520 553
213 699
216 744
157 291
98 253
624 319
278 624
687 91
389 259
238 66
138 232
636 23
24 520
640 357
482 313
306 264
242 559
675 208
248 679
622 740
411 137
547 221
221 67
334 585
112 470
652 216
109 349
287 210
175 747
739 556
361 669
724 550
377 711
382 438
306 454
696 577
601 616
40 739
744 492
13 324
617 239
267 268
671 312
341 11
521 592
359 179
695 153
742 472
516 574
104 114
284 167
47 249
421 425
356 262
7 251
239 311
488 281
434 85
499 156
257 723
245 226
26 542
68 538
121 442
20 101
296 664
724 664
432 248
422 552
214 193
233 414
395 343
562 136
118 459
483 321
644 710
670 717
388 739
367 379
205 690
370 525
37 157
180 9
394 721
404 160
360 46
95 71
102 466
697 688
51 302
312 507
303 175
63 479
746 414
2 276
624 311
724 170
716 216
238 485
479 133
84 629
268 473
543 388
158 658
134 142
46 178
632 258
328 613
476 511
114 290
269 296
109 506
735 94
198 523
631 493
243 342
647 735
659 394
743 407
472 143
629 580
637 411
33 560
17 544
720 625
577 468
572 453
654 339
338 498
345 44
550 732
98 174
375 585
270 87
545 300
70 584
32 491
531 246
12 338
510 448
589 93
214 340
445 587
276 328
497 549
257 416
82 429
421 426
219 384
424 52
342 402
131 276
408 682
729 129
242 597
290 229
624 714
350 706
318 239
372 220
481 239
276 184
19 447
199 629
412 387
497 666
631 741
610 130
608 471
504 90
690 731
41 403
429 746
632 25
375 254
306 358
556 227
674 601
354 398
702 571
408 618
419 55
527 138
360 308
601 652
39 256
232 275
602 571
234 698
396 35
338 567
117 660
594 444
58 259
65 238
617 736
216 185
54 256
237 443
504 705
729 211
576 661
703 331
563 128
294 137
401 129
486 444
413 306
481 30
377 262
312 606
130 381
293 602
91 163
377 6
477 419
607 174
676 53
366 41
338 581
71 162
431 648
16 286
371 385
662 547
63 427
3 584
261 632
192 535
198 176
333 182
80 360
333 702
37 142
239 259
437 618
509 604
274 395
369 119
243 288
672 352
479 555
480 24
32 664
166 467
496 573
112 254
284 45
247 132
207 545
59 216
547 396
564 205
582 466
305 419
43 144
358 737
420 512
533 346
532 94
328 323
32 745
175 60
460 297
740 484
746 55
544 204
679 465
389 212
577 98
140 304
515 274
177 66
126 609
355 26
257 702
100 540
121 720
490 730
400 358
508 688
568 623
100 589
347 626
226 374
155 246
205 291
483 115
193 172
626 195
678 310
452 704
589 519
501 681
497 653
54 124
4 173
237 42
194 25
499 353
128 513
314 57
640 689
398 699
497 154
243 169
301 152
724 726
496 709
410 144
358 9
48 68
122 255
600 16
181 313
683 134
711 495
365 24
508 410
518 447
219 620
345 187
266 148
517 55
658 627
330 517
307 521
303 72
589 398
302 716
363 352
2 534
375 271
314 77
643 719
293 526
381 367
381 210
237 451
689 665
508 544
210 466
185 313
195 66
509 179
38 234
619 162
419 20
188 155
720 656
254 624
560 312
83 244
156 342
266 572
717 572
687 20
678 421
450 263
421 388
408 576
289 337
464 32
111 102
5 544
403 66
255 566
400 150
435 63
242 615
27 577
327 593
716 647
609 409
628 504
668 456
506 710
240 584
231 677
508 342
12 569
688 711
536 557
214 506
197 746
380 235
458 227
312 623
512 427
744 137
217 238
509 92
40 10
57 179
621 379
401 322
545 658
390 670
27 418
475 228
158 688
445 630
651 200
405 441
1 71
28 567
548 139
391 469
5 223
507 514
524 520
584 505
39 703
97 352
337 647
645 567
242 727
276 423
409 363
608 79
108 654
632 66
162 167
554 388
388 320
403 76
527 306
627 642
202 720
272 670
62 452
276 311
677 614
112 175
547 430
492 692
645 368
89 489
345 567
136 567
686 646
455 254
733 558
634 13
24 184
507 688
79 603
