5203
1527 3297
189 4133
5176 1307
384 3358
4202 4602
2596 186
251 3659
1175 4368
4008 1572
2903 4961
1602 4903
3579 69
3176 3230
761 4743
192 1122
526 3738
1247 472
4350 2400
326 1856
2494 1071
4121 1421
3193 4835
1554 1008
3007 1176
4699 1179
3884 291
4709 2039
4779 745
2658 3380
1150 3209
1532 1079
1971 4525
367 2
1765 191
4210 3636
2977 2406
324 4959
5132 482
4517 4144
4830 3136
4969 1502
2407 3920
4105 4681
1328 503
844 4937
2287 4463
4594 4657
2419 4236
302 76
2384 3144
4419 1219
71 2233
2055 332
4185 2588
1213 4503
1710 4656
2305 4849
732 2421
764 924
5181 4899
4855 3611
1809 1037
2358 522
1471 4852
3712 3101
4471 1260
676 2741
851 4413
3383 2317
218 934
5196 4464
4659 5106
1252 1805
4590 1725
3592 849
4373 4613
665 3646
3036 2996
1444 16
4882 231
4399 1989
4936 1488
4573 1046
2897 1228
1492 2246
1832 1735
3074 3631
2948 716
1024 5170
2576 3418
957 1430
3200 2948
1809 1382
3921 508
4403 4718
521 1054
3071 4806
3893 4230
5066 349
4481 2943
2028 452
1171 456
2676 770
2144 421
1058 947
4860 4558
3398 2463
2858 1283
1786 776
4581 3606
1779 974
1295 4519
3796 407
217 2294
3112 1363
4381 1062
3147 2288
243 3443
4921 1175
1293 968
2001 2287
3373 2056
1674 2865
3334 1578
3764 654
406 1261
4000 3280
489 307
4225 3488
4585 3982
3967 2576
4410 1078
4410 2473
3906 2322
4663 4164
3967 4401
5058 3611
3779 459
1399 2849
3438 4556
1014 1808
2588 2719
4809 2931
2692 176
1060 328
136 2867
345 1352
4865 3417
1865 2952
3752 4626
2282 848
4821 2125
3273 4507
1559 546
2081 281
2452 4786
1979 3540
4474 2749
1377 1398
1597 2473
3509 4255
2107 362
1064 161
4535 2742
1916 3139
915 3134
1015 2804
3471 3353
819 2700
532 2239
2717 3365
1562 473
477 1261
2487 210
2055 109
3283 2056
1861 3754
4668 2760
971 4219
3132 320
1676 4449
5115 4331
3336 1834
4282 3130
2207 91
2958 4949
4045 1979
4038 4242
901 1744
3003 2072
549 1343
630 4258
3024 5096
4475 1557
4883 2618
1069 5020
1553 1813
3644 2868
1959 627
2787 3431
585 2598
2328 2342
2214 1607
5076 4004
607 2894
3079 1473
427 1692
4410 4835
2539 4577
116 3549
4332 2770
411 1983
5131 3283
1306 4860
923 960
3945 3803
3843 4075
1999 4079
812 1304
540 689
2464 721
2709 1948
1032 3084
2583 1452
650 3864
3611 2258
3831 2725
1334 4508
1276 4704
1653 3203
228 5038
3376 424
153 133
2335 2995
1212 3667
4455 4491
1914 1619
4071 2849
541 2402
4948 1204
3158 1505
662 3694
5150 153
1539 3224
1882 347
4504 749
3920 4343
4148 1175
5017 2048
4345 1669
2383 5036
4621 430
4657 305
3503 5050
3623 1177
3948 4260
867 4997
3252 4904
987 1860
3777 132
3340 2973
2664 3531
1214 7
1300 3677
3030 1014
597 4921
2915 1465
1755 114
2133 2639
1230 4876
2074 1443
169 3824
61 3501
4854 815
4374 3175
329 2578
1605 4204
1960 4206
1316 1415
3977 3703
3564 1752
3797 575
2405 184
4051 5189
5116 2929
1685 4217
3212 1278
54 3531
3116 2959
1266 2057
2000 3740
3050 575
5185 1178
192 1240
3897 5040
2637 3991
2287 3928
652 1461
3923 3756
3110 3479
4972 4896
4340 3655
3724 4598
405 3636
2854 4667
2270 3228
2837 4024
4554 1563
856 2932
1987 1043
253 4717
4503 3701
4378 1517
1924 3522
1128 3717
4858 3989
1450 2826
198 4809
2442 485
3144 1423
4014 3291
2074 2256
4634 5040
2888 1575
2881 3361
2532 2380
3270 366
2453 574
2684 3385
4137 1995
4391 1385
2003 4507
2173 796
3763 4436
1912 3008
3125 423
2411 1458
367 1937
1157 2330
4087 2280
401 3627
1896 4345
45 209
118 1079
2833 3441
2509 1177
3847 3
307 2588
3863 4615
2982 4745
2622 3700
1670 2569
469 2451
4748 931
4395 2968
280 3887
4672 991
396 3850
423 5165
1385 3905
798 4865
4778 4220
4083 3219
3894 964
249 4052
1172 5016
320 3121
1176 496
436 40
3454 1178
2500 2660
3842 4869
1589 4231
4163 3708
1328 3534
3529 2962
3751 4459
4895 2210
3378 2346
2964 1463
712 3173
11 2703
4505 834
3054 3403
3265 562
279 5123
4050 1632
4912 664
3230 4698
2362 1161
1077 738
1094 2871
13 2234
1261 4866
2158 1404
2709 1900
663 367
2515 990
2441 2154
940 1394
2332 2956
902 4646
1928 5202
515 4124
4428 2250
853 2877
409 652
4494 4754
3764 802
4674 4914
3361 4478
2658 639
4562 2377
2331 1589
2365 2540
3718 427
1945 3207
14 4022
4137 2612
700 483
3913 1879
4724 1704
661 3736
443 3018
2369 1346
2293 2167
1560 2076
1551 1221
4912 4276
1383 1916
3161 2923
3467 1291
4244 4637
518 443
2701 2853
803 1774
3270 878
3473 2195
4811 1820
1893 1919
3684 2766
2099 2959
4129 2723
2867 2473
4934 4402
179 4620
2817 1416
1588 610
569 2746
3170 2604
5018 4601
861 4869
3208 845
3161 4876
1631 4651
356 862
5202 3430
3186 1748
2906 2436
1135 4621
4183 1572
1766 3236
5172 1577
4235 3983
336 4757
366 4285
919 966
2877 2522
2184 2236
3940 2404
4809 2344
4732 1913
2408 4692
3830 2564
2878 4110
2312 2549
98 1048
688 996
2478 3858
1641 4496
1757 1421
831 3125
1296 2753
3257 3472
1566 3497
990 3145
2613 292
695 3050
745 1809
3613 579
1402 4701
568 3570
418 1281
2465 3170
1160 2798
4363 1367
139 3838
2174 3034
3910 1364
3819 1324
3144 2357
1262 350
2263 4538
1017 3787
4114 625
1502 3557
1267 4729
303 4533
3460 840
5051 4735
326 3538
1877 3572
3831 669
2218 568
4571 3247
3412 1182
2219 872
329 1615
4047 2433
5079 3313
868 2190
3778 2388
801 676
1994 4068
488 949
2917 708
935 772
177 548
4159 4307
1601 4044
3071 2833
2005 2960
1574 2771
3486 309
5124 2833
1052 2826
121 1840
2838 3864
1276 2523
3525 955
467 1651
1926 4484
1717 33
3943 1321
3566 2292
1836 42
4739 1357
2254 2238
4529 4687
1209 2745
4973 3012
2961 1502
791 100
4371 4952
4233 3066
3917 585
3834 308
683 231
2022 2203
1297 4908
3086 844
1972 547
2765 2870
87 2963
5176 3688
1935 4125
2944 2341
1631 4339
3621 4814
505 25
4156 4886
1239 2131
3157 309
3219 3247
253 284
1854 759
3501 33
446 1525
839 4156
307 1826
1724 4279
5042 3717
98 4240
4326 4357
889 2666
652 2115
3241 443
4833 486
4509 4264
1908 1478
766 3754
3240 522
2007 4190
127 5026
1426 2858
379 2196
1132 4139
4835 1767
4075 4712
4929 1527
3878 5055
2088 124
1465 4129
3949 3741
3942 460
4254 2148
5023 1564
4989 4135
4902 3748
532 4226
4468 10
1606 555
4383 2585
1492 2551
1071 898
3211 5143
3325 1590
3896 689
1602 4141
3326 2667
5195 1860
3000 2389
3740 1962
5098 4438
3211 1412
3698 1146
2000 539
4697 4988
3365 598
3552 1399
1803 836
2636 737
3297 1295
169 586
1596 4919
3114 124
4333 3185
4585 1146
5143 615
1003 3307
2986 4481
2253 4990
95 2776
3408 1150
580 2595
882 639
4407 685
363 3448
3632 708
1143 3356
1681 2487
4948 5021
5024 4163
4336 1696
4678 3785
3737 3416
962 4095
3125 1832
4958 1186
3045 547
1355 2205
3491 2026
2409 3846
2496 1222
4781 1149
356 970
1706 81
4436 5138
5103 1650
54 1414
1172 4
1943 1862
1483 2530
1867 3542
3442 3341
1511 3030
392 4362
2250 408
3354 4793
2849 3877
3146 3662
3648 3459
2329 4444
331 4842
3154 4411
4314 202
72 855
532 3266
591 2845
4863 4931
4708 2422
2248 4070
1656 630
1912 1577
1741 3717
812 1723
2362 200
2695 2305
2392 763
227 1853
3063 2485
566 3114
844 4031
2152 5103
981 1992
5090 3827
4682 1275
1073 4198
4257 4350
3824 3728
2407 326
4844 1508
5011 2376
1777 4454
4633 4048
768 2608
5105 4965
4735 3813
4709 1271
3185 1794
3523 2364
1907 1115
3219 3886
1634 281
1742 1604
2476 2609
4568 1618
4281 3229
3278 3988
4461 4619
3740 261
1464 3786
158 3175
3037 478
4945 1047
4481 2646
1672 3040
3630 4738
595 1944
953 5121
4601 3920
2049 2400
676 4893
3765 996
470 3243
5029 3191
3669 2144
4345 116
3828 3970
3434 1059
4864 4212
4153 3365
4953 4885
4181 2831
4060 1021
1155 3759
1298 4770
2105 2335
3737 2478
44 25
3481 4286
1468 3834
2825 169
4654 3837
1358 3731
125 504
4759 3216
2642 1664
5048 920
3396 3089
5008 764
950 2782
2730 1777
3321 5118
2194 2772
4066 3496
1001 1251
4492 4544
220 191
1961 2587
174 1946
2457 1887
1832 3505
1502 2432
1835 5009
2430 1782
2280 1809
1561 2108
2015 597
2404 4418
3406 2660
1611 2420
3153 3222
283 766
5091 4585
2996 1556
3311 2746
487 4121
2594 5163
2656 188
238 2957
34 828
4055 963
2906 4907
2870 4160
1440 4607
1629 2442
2867 1979
828 3396
2258 2396
494 127
2930 3936
3199 3749
4227 4403
2327 509
3645 3981
1606 1044
713 1352
4047 4273
3233 3555
825 4613
3904 323
3365 2842
4807 2154
4354 1502
3213 3841
1715 1432
5061 3447
1442 3003
3864 5144
1236 252
2305 4048
2721 4674
1179 20
739 1285
487 2563
3174 4945
1975 5046
368 3967
2356 1014
131 4813
4937 1600
572 2851
3315 4019
4914 3085
2144 1581
2197 1794
2939 2193
2471 1808
3272 3876
3305 3403
1944 1330
4550 5172
4816 927
604 320
437 3287
1662 4972
2702 1979
240 3032
2704 4949
2459 1368
206 2127
680 2802
2517 1542
495 140
338 352
1375 1253
3264 2014
1624 1619
5132 2524
2084 3505
3705 1242
5185 3297
4161 3528
4822 2167
1101 4991
846 4522
1798 3825
4245 1922
2202 2865
4790 3857
1080 2088
3605 283
3695 2899
3470 3268
1196 3614
4028 3320
2211 2724
688 13
1470 3211
1668 817
1777 2184
2192 4868
2846 2650
830 4676
1687 3630
3288 5027
3864 2875
4184 2839
3525 2050
1266 2827
4211 1566
4570 2217
3128 5181
5176 3362
3217 2382
2984 146
4713 2310
2161 2441
3013 4115
4804 638
677 281
2769 2742
2999 1144
4187 2258
2970 2322
2276 846
2457 4243
2405 3962
5041 4295
1776 2554
3275 1408
1359 2288
2918 3358
3322 2821
2993 3046
2229 1469
4934 5002
454 2146
361 4510
1297 3920
3064 4113
3213 2482
4949 3670
1444 581
4136 2237
2508 4980
5132 3580
4012 2549
2449 4827
2259 1050
3306 2300
4385 5150
1160 2558
2865 3420
2969 4912
3344 3945
4315 2758
2199 3190
3591 4252
322 1797
1846 4716
460 4457
867 3258
1513 445
1346 3803
1011 5066
4660 1918
1464 3014
2783 193
5157 1868
1912 4924
1493 1946
2513 4877
1534 2264
2314 2821
1092 3649
92 4009
3282 4877
866 240
4467 509
4975 1831
1169 4180
906 1943
3972 3872
4887 1042
6 3860
590 2292
3342 3040
516 4987
255 4667
3740 4175
755 1
1321 4824
3251 3616
2410 2700
62 4143
3727 1974
2402 4767
1047 3134
3347 4880
2113 5148
1646 1494
3558 2015
1328 4731
1334 4829
14 3009
101 4838
3302 4941
2189 2919
3873 4566
1721 1992
4667 4994
890 4464
3709 4442
3462 2506
2073 3565
2929 3211
2003 921
1656 680
1333 27
1131 1428
1031 4658
2871 502
1705 4088
1887 82
2238 3650
3119 2288
522 2479
320 1242
3725 255
3921 2663
4498 2959
4433 1231
2668 4103
2184 507
2508 5057
520 4482
486 1026
771 65
140 952
1037 89
3159 404
3302 4417
1683 797
931 3550
3750 651
1760 777
1414 3095
2029 4853
1325 4899
4473 4984
1559 5024
999 3264
2807 2792
4440 835
4190 465
837 3824
3472 546
174 3259
1080 3688
2953 92
4084 4663
1562 80
256 1174
4792 2682
4005 2094
3737 604
3616 1087
4037 4953
2503 1871
1960 1280
2903 4111
717 3534
713 2214
13 1753
4822 5108
721 545
4967 1875
2437 5089
4003 2440
4469 1586
4382 719
3605 1656
5131 2165
4340 38
299 568
4701 3824
3435 688
5024 1833
3826 826
35 3768
943 2046
2414 5123
5184 3858
711 1644
5137 1130
3232 4919
3788 3225
717 2501
2588 1165
1841 1094
1 3951
2096 1500
1693 1193
2141 4902
2201 2400
1514 2371
3856 4521
1131 3209
834 3589
2985 976
4035 1231
4512 3695
4766 1967
92 3062
4394 1269
3990 1909
2600 678
2656 1844
2322 1403
1915 3563
4495 4037
4597 2487
4658 4329
2420 674
4072 3513
3728 4688
650 4637
5038 3793
3794 4286
3757 2449
3828 2547
3855 1889
4571 2348
2166 4190
456 1451
4994 816
1936 2998
2571 708
1604 1978
5112 3415
3428 427
1462 3519
4532 1221
4223 3874
1431 4823
175 1845
1321 4825
2059 3899
4323 1490
1498 1833
507 2087
1341 94
4451 4365
1313 1854
3445 4060
3628 4367
4137 4858
3914 153
4963 3781
802 2091
340 283
1196 4390
788 2701
1202 2318
4761 3512
1832 2638
4669 3549
863 3607
268 211
2345 1744
2384 2050
1846 1373
1358 3603
5081 730
2797 1791
1168 886
4888 999
2809 819
3740 3182
4700 726
1323 2901
4817 546
1338 3866
4385 2772
33 4699
4702 642
2523 2290
939 1705
1499 4986
1160 3068
4462 1239
5197 197
2561 3338
5052 5043
4197 243
4627 3175
2261 697
714 2546
4231 699
581 4062
638 2946
1481 4577
3732 450
3641 4282
3687 1781
3169 3530
2244 3680
426 2691
4810 5014
3072 1385
225 1921
5068 235
1102 4436
4360 1642
229 875
1895 4353
3434 1910
3397 525
3267 4309
2206 1682
934 3930
4660 5176
1062 1016
1744 1405
2870 5132
3379 4690
2415 4918
1522 3431
4704 1261
1117 734
458 1606
5184 229
3332 1169
2829 82
4929 2037
784 4938
1399 4660
1559 3188
1656 2474
2870 806
4901 114
4642 3372
4987 2776
4214 3440
3221 457
1629 1803
3128 4297
1881 3764
521 4411
2730 4647
4004 100
4817 267
1579 3820
3442 2236
1807 2940
2743 12
3450 426
653 1750
2727 2083
3730 1093
4772 3915
5135 3878
3514 1798
4983 5051
2508 2855
2777 3448
2263 2461
2578 3802
5050 4301
4262 3259
3676 926
2878 1361
2115 4375
4928 281
2519 4222
4872 5128
3523 4436
5092 4066
2313 3227
5111 3593
2954 3921
3217 676
4121 2543
5070 4982
3910 4692
3602 738
369 33
2092 1631
1819 3652
3202 4996
4800 2107
3439 494
2036 4195
3635 1567
320 2413
4547 5058
4220 4861
4524 1071
3135 713
2338 3728
3980 4784
3966 4052
1222 4497
2152 1095
2443 4798
1970 3496
64 1369
692 3612
4267 49
383 3864
3063 385
652 1994
1349 4080
1932 3374
3593 2164
3633 4105
837 1365
2600 1057
3660 1606
2787 4025
3317 633
1739 2567
3993 1843
2263 1897
2477 2497
2491 5176
5022 4845
2674 4694
934 1675
491 3379
5191 2260
449 2181
3874 2172
4763 4612
5057 2981
2132 5125
4023 3871
1336 4991
2978 3326
1113 529
3685 4598
913 3852
3573 4242
844 4269
1706 1278
2455 3957
4933 1240
2410 2274
2805 4608
3716 1150
2648 5027
4032 3925
1356 2636
1823 4994
3368 4526
3568 4552
3895 3119
3634 3401
52 272
1541 1389
1635 1346
2857 4246
3824 3146
2537 1198
296 2258
753 1426
4452 391
4003 3180
3369 3824
820 2586
3506 160
2325 1278
4052 4454
4911 2776
1640 1456
2424 1096
3031 3024
4043 714
1220 2361
3737 3235
827 1348
132 242
1010 3079
4872 4996
4585 3605
3059 3023
3691 2998
5105 1657
4672 4814
3077 3167
4194 4592
1264 97
4659 126
4190 3126
2962 4388
4578 702
2170 4499
454 3181
4493 1528
345 4093
4714 622
3372 4959
1273 3703
3562 4266
3652 2863
4921 4168
4027 1008
1504 5107
672 3945
4812 272
3799 4705
4976 4730
3169 637
3566 765
228 1033
3715 3184
86 1402
237 1286
3112 1357
1693 1520
5022 4177
3902 1887
4301 811
3672 3118
1969 1938
4825 738
3749 1233
1524 2949
3942 1814
1917 1984
1887 1339
3301 1025
4164 1833
102 2170
3512 3504
1278 1809
4495 2287
1845 3302
1447 2880
2305 1312
2170 2767
1991 1805
5073 565
162 3633
3529 3217
174 2136
4562 157
879 3783
1346 1444
967 3860
3428 1184
2535 4630
495 425
4415 2947
2586 2533
1456 4858
3779 3604
650 1248
1604 710
1645 2945
3920 1468
3993 2193
487 2493
123 918
2270 4850
2024 2590
2785 1216
4286 4106
3837 2362
3535 417
2137 3960
2262 3195
4686 3348
406 3978
822 2478
4799 3783
228 41
691 2588
1377 393
281 63
1559 4411
798 3758
4095 1837
2352 3416
4426 1819
4412 4492
5161 4207
2975 2703
4953 2378
859 2677
2426 3701
5083 1440
449 517
2187 968
2847 4643
2457 958
5060 4209
3869 2736
1934 3208
1956 74
3828 2608
2270 1827
3629 874
1068 3816
3854 684
3236 646
2787 2159
1745 4734
1391 5163
1014 4411
3726 3365
1436 2613
4275 4037
4729 1702
1507 5095
1795 4639
3265 1584
3849 4586
1104 3403
4089 1401
3276 3362
2276 2379
4949 369
1691 539
2136 2499
854 5158
2976 3697
2153 1698
127 3637
4015 155
1018 498
2310 286
4683 3484
2965 1722
2977 4825
689 2617
4779 3968
2135 1021
357 3521
3457 4979
2257 120
4495 5182
1761 4124
2082 1948
4274 1889
4694 1007
118 2035
4253 2520
4328 2017
384 3139
3744 3834
619 2595
3583 1179
539 1643
527 1728
4154 4279
910 5108
487 1565
2309 4630
2753 1745
2659 2798
4690 76
4334 1783
4248 520
846 1944
2337 4682
1944 376
2062 2669
366 4857
4704 888
1628 2125
3689 1955
642 1749
1093 2726
3875 2716
585 3061
3575 4118
4065 367
2363 2898
2810 21
3925 2429
4893 1421
829 3739
3372 3404
362 4359
4456 419
5025 4795
4446 4720
4574 759
4623 954
652 713
3948 577
2945 2527
3534 121
205 4874
4010 3924
1579 1169
2186 2511
3931 1643
3681 5203
3333 2535
1385 3864
4732 2778
1082 5028
3454 2747
3093 4052
3380 453
369 1091
1857 3007
2277 306
599 2136
3914 3577
2858 443
3837 2486
3797 2738
2774 207
2537 505
254 3317
1098 3097
481 3012
1777 1051
1975 861
696 1159
4270 4531
1488 1798
384 3028
4475 2422
2767 794
2179 1361
717 4286
1213 3617
2661 4918
2022 1770
3359 2156
3937 3355
2232 5132
639 397
1198 2084
24 242
582 319
3146 4186
1404 1613
2868 3434
3281 143
1888 244
3402 376
4859 3561
1871 1425
540 55
1813 1031
4846 4680
1186 3092
5188 1283
2699 4501
4293 3562
5084 4586
3418 3360
546 4518
4112 5157
1922 5152
4216 4704
2023 415
2710 5174
2004 3340
79 1918
700 2304
1830 407
2019 4687
4398 283
2658 1110
3586 1616
523 1946
3120 166
2177 427
2871 2564
3763 1557
381 4972
582 3477
907 1232
2175 453
3554 2263
3431 3387
4476 3269
3372 3277
1173 1300
2978 3517
2224 1057
4545 4977
861 9
1578 2144
4825 1731
95 4076
1670 3881
3818 1379
3386 3722
4765 2822
3255 58
751 5013
1850 3394
4660 4004
2972 279
2301 11
3846 686
4217 375
2151 3611
1644 1180
944 2430
941 4223
4205 4849
5119 3049
2281 1805
3960 2399
5035 1011
344 2053
3290 4922
1777 1410
2949 2869
3494 1738
2560 1638
1544 2414
734 308
2445 4067
39 1477
4658 1605
2823 3789
5065 3162
4242 2892
3110 3680
3851 3737
2008 3579
1150 3984
3926 4818
326 1741
1743 2977
2258 1113
1643 3747
3158 1264
4730 1014
842 377
2467 3335
369 234
4558 4705
3043 969
4869 3228
3495 3487
4264 5171
2890 2965
2249 2295
209 3017
3030 2188
3371 2984
2647 4070
50 4327
1326 4788
4564 4088
1338 935
1848 4049
4779 601
5060 5142
2557 1695
4460 2593
5052 3834
2481 4807
976 2351
1982 2682
3985 5034
2373 1592
2261 1980
3330 903
29 1027
4943 497
3601 3906
1435 2230
3892 1443
2058 1873
547 2112
1005 294
858 2489
4422 3433
3032 2036
2412 3876
4471 2334
4100 356
3618 447
2124 2670
5077 4249
3954 60
2407 2354
1680 3364
1438 1319
2156 4215
4444 3230
2800 3596
3156 2186
3914 5037
310 4381
1960 3674
4190 4809
4692 293
5072 5031
2519 2595
2457 935
4292 3661
2181 2453
4615 4508
4697 318
1904 5125
4917 3661
542 3351
2996 1559
2489 2168
3964 3855
1462 4176
5023 2022
1256 573
3882 1814
3678 1031
459 320
3351 2300
1898 3841
621 138
4191 3513
2469 2634
116 3276
341 3019
2583 4541
3455 1320
4999 1406
3740 3808
4480 5177
207 3824
1919 5152
3628 366
128 88
41 3821
3146 3740
3434 4288
3743 2740
5193 1720
2432 1780
3397 1750
203 2824
333 269
4069 4707
5138 3737
614 3272
4604 4261
472 4307
5025 3972
4045 4150
1950 2583
401 184
1985 2720
3359 4081
667 257
1696 5007
4859 725
805 740
513 266
3561 4103
4557 717
2874 1002
4119 4089
3971 2799
4145 2709
3027 2742
3605 115
2532 3963
1183 3397
4874 3509
707 266
4464 781
1729 2021
4815 1925
495 879
5010 4714
4906 5050
2920 4421
3171 2114
4221 2549
3004 998
472 2768
3860 4925
3763 1234
3812 993
2022 5063
4667 2268
1712 259
2104 1476
3831 3283
3809 2367
5163 2787
4527 1132
3543 4642
2732 107
1067 3091
1782 2559
3577 426
3715 5026
3814 253
1747 1842
155 4971
4812 2347
1604 183
5187 1318
2283 3585
1973 571
159 2236
1723 946
4263 1354
4731 2043
78 2379
3902 1310
2059 425
4726 4149
3443 1884
3175 1825
1366 776
4529 2387
142 2328
2116 3941
2302 914
2816 1889
1917 230
2044 4361
1108 3291
5032 3233
1528 1707
4419 3766
653 3186
4684 811
3163 661
4577 4371
4527 4592
3408 4526
1385 1023
2768 1760
1017 1065
4075 3908
5013 4188
3434 4741
2593 3689
4313 3127
2034 2981
2742 2819
2477 3413
1867 1280
1815 1073
4798 5016
3254 604
1681 602
3407 783
1573 18
2982 3870
2071 1387
4573 5197
893 3938
3782 2784
1245 1233
4083 5125
4491 50
2178 416
4160 1822
1494 3535
1157 2420
1484 1180
4487 789
292 652
4876 2619
732 2865
1806 966
2610 4965
846 2722
2587 1070
680 1801
4630 3108
1502 17
4295 4396
3578 3742
3752 3254
4677 2951
3959 115
604 3999
565 147
3475 57
4073 3713
511 3525
2828 1278
356 3440
3525 4775
562 2030
3997 1156
1380 4153
4450 3022
654 798
2504 3296
980 858
2701 3052
2213 590
4782 4857
1777 341
5133 4727
2072 341
3576 4930
1776 4145
4301 2030
151 964
313 2084
4751 307
3554 4994
2245 1969
4189 1940
2439 1737
3559 207
176 2446
1711 1371
5191 749
1422 1505
24 652
970 1513
3693 4737
4625 4308
4991 2280
751 2556
2978 3371
652 3024
355 4976
4873 5186
4909 4372
2703 1066
4822 4540
2756 1354
3414 5057
394 4101
1990 2665
3561 769
5117 440
4145 3597
3709 4431
671 3515
3801 2198
4486 1868
2317 4825
2010 3743
2116 2966
3704 4824
3737 2978
63 783
1829 2308
1425 1604
675 4696
4463 987
4662 5200
4733 584
2760 73
3755 2787
5141 4155
4913 236
4663 3388
4857 3490
88 4621
1626 698
941 2155
4701 1980
1809 2430
4334 3065
2095 4238
1889 4583
4736 1789
1866 2662
481 32
3927 2258
134 3752
3325 4865
5001 4040
1546 3566
4737 298
575 2699
1643 973
1952 3572
2247 3134
3345 4713
4958 316
2236 4797
3654 2764
4345 3207
280 2152
1121 4488
2886 901
5133 1468
2483 1611
4145 2446
891 3150
3130 4970
3565 1732
3096 4041
4735 1465
4900 2029
384 4784
3787 3584
2555 4287
4924 1835
1580 872
2397 1612
3304 1719
1067 5169
508 3453
3298 1979
3085 2460
4338 1924
3418 3528
1701 2589
1243 4267
4195 217
1708 1510
2200 2423
2902 2479
4083 570
4560 1143
4283 1425
3751 4645
3624 4759
4136 1492
2368 4830
932 4389
575 1378
2093 3215
190 1740
1596 4579
1257 4375
2566 1535
170 140
625 2900
512 4005
3959 4407
3365 3908
4385 2041
1095 3363
4051 2288
3311 3501
1894 1488
1698 4408
4300 4405
950 3841
4840 5123
5108 1471
4435 5161
949 2976
3232 2830
4383 502
4266 4376
1469 2169
1432 3455
1245 2468
2117 709
636 3494
646 5077
3788 4687
2 2728
3757 2681
2726 1496
3067 3676
4364 3395
4036 2373
1525 4011
8 4003
3606 3814
5151 4398
1979 4576
1913 2803
3352 307
3823 4344
2225 2978
1736 469
4290 2407
2138 950
446 2538
4047 4628
2152 130
3604 3168
4271 4028
103 2529
399 2589
1229 3460
4097 129
1437 1251
3088 2370
328 3135
3512 2753
3883 4451
2358 3694
1233 2436
5047 4688
2030 3137
1133 2710
1502 2416
3767 3077
3368 398
4129 3140
3201 1494
4196 502
3814 1097
4944 3129
715 2001
945 1729
3521 963
252 2186
801 2837
2359 1324
3231 3633
2540 1137
1501 4694
3975 859
329 1394
4702 2199
1210 3521
2600 4881
795 3508
2711 582
1612 2358
1197 4874
929 3441
1688 3131
1845 439
1224 4116
3975 4454
4303 4912
4307 2844
449 4870
82 3862
36 3746
2509 1636
3349 3902
5165 3733
3607 2434
3574 3942
4802 369
638 4350
4454 1092
343 1897
2209 233
2121 4703
239 3073
3350 4045
1372 747
4872 1784
1172 2252
4454 1674
3016 320
434 1803
4964 3076
1186 640
1798 5149
638 2688
4198 934
4467 5050
1421 2436
2002 3807
5100 360
3256 1419
2331 4916
523 754
614 1543
504 1965
1021 1539
682 1415
690 3751
382 1180
4948 3133
2841 1948
635 508
1430 2933
536 1403
3023 2228
4056 2525
4562 564
4935 607
3283 2826
2359 4332
4753 4060
4937 1434
3496 4299
1677 2615
13 988
5101 4406
3072 1075
4142 1458
1324 2994
3271 4530
441 2425
613 3709
5081 1331
3823 3659
213 4208
1046 2969
4693 1962
4159 1241
1424 5104
177 4835
1258 2633
3278 2228
3760 3888
2909 2969
688 3103
287 3409
790 2205
5134 3100
2879 2227
1055 994
2570 2815
2805 1802
4133 2751
49 2653
1200 778
49 358
96 1433
947 5093
1019 3696
2385 3684
1112 3539
2499 1301
1167 4631
259 2576
272 3541
1092 519
953 4436
1445 3657
819 5027
5125 1164
3087 5047
1511 1057
1854 1872
644 5197
4994 3713
810 3817
4959 1689
1601 3382
210 4496
3533 1220
3390 2589
612 2883
4252 5005
964 506
403 3597
3135 2505
5069 1040
44 850
1744 3535
4465 4642
3951 5176
4416 3445
2375 443
1103 4136
278 225
2359 4314
3474 1768
511 2075
2171 3501
5072 1294
2638 4605
2742 2885
1261 1610
2296 123
5000 1849
2613 3712
2127 2602
1409 2545
1456 992
3711 1296
3709 1867
4448 3922
2334 31
4336 4409
3384 4721
5014 1068
1221 2317
867 5180
4822 4801
5026 4858
2144 1710
2924 2452
1605 4495
3431 3864
2144 1201
675 3053
2655 3951
951 3096
1568 3754
5070 19
2216 4787
2830 592
3970 4292
1463 1774
4469 2077
4832 4099
1739 4553
2389 2988
2865 2218
1288 1893
121 4629
472 2307
4355 407
2504 766
4447 2453
4597 3477
2869 3890
337 1646
3786 1465
2002 3687
323 2925
1340 311
1215 689
412 4394
1610 2926
1478 2915
172 3679
4879 3717
4573 144
2407 2691
1720 3487
2534 2603
2158 2183
149 5016
4091 1686
2321 2522
1198 3262
4349 1157
2145 2937
5100 2871
3027 1631
4477 4275
2403 833
5052 1639
773 1590
2136 304
1876 1074
1012 4255
4165 3791
4403 3681
2774 3064
17 4624
290 2301
1012 4742
4314 4648
2418 5122
3914 5021
978 2270
4276 4884
3666 4276
3496 352
2110 247
137 93
144 4147
3045 804
4093 3410
1920 3005
968 3559
4026 407
4755 2937
272 1594
3260 5097
4097 806
2921 5112
3758 2101
1179 3185
1846 2991
2140 565
4211 942
1194 4615
1375 4544
3401 3811
4359 2544
2185 61
1347 3661
50 5012
2291 2098
4700 3751
2857 3415
3553 297
122 4157
4316 3456
1999 101
4682 4846
2992 3679
3129 2209
3283 1744
1156 2430
486 2793
5044 3518
4526 4854
5147 4713
666 3618
506 5197
4236 4377
3865 1746
3308 423
5138 1745
3776 4998
120 785
2150 920
2291 5158
2499 1099
283 659
2516 3542
3577 4577
1102 3572
356 1912
190 1731
3086 616
4243 4598
759 637
4124 67
2760 4474
5094 761
1998 1871
3538 1418
4169 2450
1605 2479
4408 1038
2233 4614
2380 4747
3728 1660
3621 2029
1914 3804
3389 4437
3912 3179
3963 3707
4539 4028
3920 3022
3561 838
5090 4136
3139 4479
4883 650
1955 758
1251 2577
3219 603
1219 2355
513 3769
2705 4756
4606 1838
2674 2301
5020 105
1464 1695
4599 738
2090 1822
1938 3055
1790 2278
258 1410
1110 1654
4254 3515
626 2345
3489 2655
515 3371
4321 1839
1585 2001
2058 4178
3837 2735
3842 1315
4882 4770
2124 884
1177 5125
2990 1233
3920 3947
4229 1114
3071 2359
4314 4051
3570 4926
920 4149
1126 1139
113 488
3325 4350
4135 535
3069 5104
3835 4874
2510 1860
865 714
2818 493
1413 4383
5185 1809
5065 4954
339 600
451 4191
1497 1324
4819 3038
943 3420
1574 1495
370 1698
3819 2944
1547 1942
2754 812
4566 3301
908 5057
4541 3735
2605 2489
1510 5133
4401 1552
3138 5161
870 640
4071 3772
1968 3470
5087 1803
1217 4860
1384 1070
1722 2850
1957 313
3577 3629
3146 5140
1339 5065
4038 3330
2394 2606
4544 1579
873 2779
330 1690
977 4585
4992 3759
414 4249
3872 1616
2691 4504
846 3891
2188 899
274 449
2948 76
4540 4411
261 2112
3505 4393
2792 2537
2634 3449
1882 3903
4445 2896
2651 3999
3146 1194
1445 1311
1762 2279
1744 2831
4422 2407
993 700
1912 1301
2078 3543
1011 3577
4641 315
3106 1831
3082 4314
1157 1790
521 442
3536 1573
1377 1417
1986 1944
2419 982
2027 2373
3030 2580
3861 845
2980 3675
2044 605
4895 4544
4166 1019
3217 642
618 1663
4184 495
2121 316
275 4749
2 1921
3241 2760
2095 2867
2055 1190
1670 1269
1941 1746
453 4466
5148 3954
1009 1014
960 3178
2625 3968
391 1097
1570 3573
1125 1492
4482 428
3010 3840
1492 4958
4859 3194
2300 135
1779 1606
1777 4277
2714 28
1427 4185
2298 4278
1785 4420
1686 4191
932 2106
4252 4032
2522 502
4436 118
2215 2794
1482 2263
365 4076
1000 1281
539 2593
4539 3471
450 4457
2888 4676
4635 3846
144 4664
1901 1022
2981 3046
380 3330
266 1667
5067 1223
1700 2963
4352 4105
1549 4851
1263 4117
285 4540
2334 421
47 2254
3852 4198
4889 1997
1525 3653
2220 1127
2910 4103
3582 3143
1280 1211
4436 1739
2688 2556
683 3044
1237 2059
3768 2856
2601 4673
1644 1280
4713 1026
4009 3484
2113 1307
3726 5113
796 3915
4144 914
2644 444
1323 108
4893 5185
1479 5109
2667 1109
1089 552
4920 2653
1821 944
5065 1903
2591 2276
1570 4610
461 4332
2855 4488
3513 2126
3341 3357
348 3687
1939 3748
1416 5201
103 5100
1527 3553
2916 2657
40 887
1056 4440
3960 2942
2637 4483
937 1240
1788 4728
1404 2156
933 746
4739 289
2489 4429
2605 2627
2801 2100
4825 4533
3134 4623
436 1308
1898 3701
2856 4748
3763 1579
5185 3940
1008 3712
293 2291
1279 4401
5138 2184
374 2123
1561 2521
372 2058
1548 950
2962 3432
4536 1832
3277 3898
2480 2950
1017 4240
3149 1621
4611 5122
1605 326
4840 1435
513 1516
3151 557
5020 265
4193 207
4579 2848
1917 107
2754 1029
1547 3188
997 3022
3595 2021
3077 2806
1280 291
4302 4604
4782 2623
897 3156
4121 612
813 811
4135 54
1036 4082
3235 4291
731 551
4845 2697
2856 1402
4749 4375
122 4064
4563 5085
77 3942
4430 4609
4904 2683
4584 4772
541 4289
4521 1179
4413 3318
1714 4405
1102 4098
238 4034
1457 2286
4351 3966
1558 4379
1448 3429
182 4109
3581 3834
792 2309
3977 4420
3702 3108
2640 3501
3547 2347
1758 3522
307 2407
2751 4060
1039 3557
1133 2295
2189 1172
2929 1411
1098 1949
596 3785
2084 3939
1300 1982
1546 4134
3134 2071
3973 327
949 417
2241 3514
215 4231
4632 2260
2287 3100
713 4524
1857 438
2761 2179
2490 3555
2782 1055
2688 3520
4713 4332
2328 5166
884 4865
4326 567
1792 1605
4957 2985
3587 1300
3180 1474
1544 984
1419 487
4843 3501
1385 3025
2514 618
164 343
1665 2341
1177 4675
4772 779
3585 1381
2712 3613
4748 2922
4077 1765
1042 1579
1775 2428
4130 1534
1867 4438
4713 2806
1157 2532
632 3146
3995 2065
4298 2310
4281 2211
3738 3507
4781 1699
4136 1750
4288 2812
111 2058
3329 2133
4306 507
629 6
2435 2277
1019 1930
2985 2070
5141 2087
1868 2243
2883 5019
1361 145
648 1763
1967 3125
2446 4231
3066 3502
3196 5125
4859 4940
4307 4331
3837 1517
778 429
3331 361
2641 4257
675 1044
1715 18
2319 1186
4576 1224
989 2199
1630 2727
2528 824
1465 1819
3921 3867
322 533
2445 4969
906 29
1616 966
4995 225
1476 2964
3291 700
1652 1548
3937 1284
3600 214
4882 2044
2980 1042
4085 2746
486 2259
1312 3508
4463 5111
2413 2289
3027 49
167 887
4551 2606
256 2450
2166 83
1337 687
3219 4377
4631 4218
2306 2551
4158 5172
1351 3445
1409 4979
930 4933
2258 2174
4752 535
1777 3230
3463 5138
4608 4454
3187 3266
3241 131
4105 1595
3122 3316
3951 1250
405 3118
3063 5137
2942 2522
26 4042
608 1150
464 1754
1396 4423
4910 841
3043 574
1656 4171
1066 1206
838 480
4380 4106
4032 742
4217 2526
1333 154
1516 4332
1834 4770
366 2163
2331 4602
3110 4794
2106 1466
2979 2148
2866 2934
2133 1071
1017 5055
4318 192
3734 3100
2237 3020
775 1574
1867 1019
2436 2572
3816 5185
3163 790
4723 1729
2565 4381
387 1916
2242 4904
857 4954
4937 4268
5158 713
1076 1707
1555 219
985 1565
3518 3024
2015 3294
3069 2454
3381 1191
1438 68
1747 4537
3127 3192
554 4264
5047 4167
1270 3134
3790 4697
1102 107
3842 4758
4014 786
611 1601
1014 2943
1549 3250
1554 578
4439 1227
301 359
4786 2023
4404 381
2708 212
1395 620
3078 2543
1232 4696
2760 2170
2061 1467
257 4316
3511 1921
2730 4755
2949 4278
5194 2453
114 373
92 3846
520 4050
799 5032
649 4856
4362 2598
4414 2941
1857 4015
1594 1205
494 2284
2865 4225
667 2339
2423 523
5192 2360
1715 2861
1323 2820
537 910
2390 381
2539 3324
718 4145
4229 4077
5012 4543
1163 41
3561 4750
1562 1318
3971 2666
3085 1006
955 905
5127 246
4028 789
2895 4862
4714 3134
5059 1065
2217 353
9 3425
2475 4077
1278 3156
2897 356
2518 4203
4002 2843
95 2914
2743 3398
4519 3148
3806 4999
797 2411
1788 136
4003 2786
3216 3544
2023 4798
3977 3714
4431 246
958 921
1028 1749
2606 3917
2960 3445
952 2882
4295 4661
882 422
4914 3515
1153 2335
388 460
1329 2335
5198 3521
437 2652
4891 3043
2350 1741
201 2115
662 2780
957 448
1332 2153
1728 1775
3335 2998
2235 1479
1996 1265
272 4064
3992 1508
2105 771
588 2576
3596 1787
102 4284
647 3602
2871 514
2265 1004
5078 2945
4353 2353
3392 1150
491 1246
589 3222
4876 2706
1778 4124
4951 4937
3152 2156
3648 1366
123 2525
4885 245
4030 5184
2532 1162
1549 1301
2573 4529
2742 3423
610 3792
1954 4310
3688 2517
4561 3727
1885 867
4146 2219
3706 620
2701 2146
1004 3969
3226 1082
4525 1505
1307 2834
807 1282
4172 2573
4867 4699
2763 5114
4893 3004
2182 1366
2426 880
3829 2084
981 4947
3951 2888
2871 4582
1790 4865
4613 2456
3687 463
2688 1342
614 2670
3072 1404
420 3822
5075 4736
4217 204
2736 3364
1290 2354
3437 3177
917 2821
2638 1866
142 209
2260 3687
4912 41
3529 4905
1443 2851
3625 152
2438 1699
1487 782
1259 4371
186 334
1925 1559
1697 1741
1548 1267
4253 3786
385 3930
3230 4301
4589 3465
119 3994
568 2009
4846 1512
1888 3448
3571 745
1790 2407
2571 224
4048 5049
3374 603
1101 3155
3659 923
3216 3727
689 3925
1229 1765
728 950
4002 1632
1858 2200
3794 3172
313 1477
3726 3654
2323 980
5021 2017
2940 1980
4972 936
4286 3695
2172 4528
48 1570
3595 576
3584 3946
1562 862
4085 4657
4074 3362
1591 3621
752 557
665 3302
5036 1598
5030 3124
3074 544
4098 4237
3518 1256
3339 1713
2127 1376
544 2867
1353 3051
358 4304
1891 3584
3581 110
1391 1472
2582 3289
983 3771
2315 2678
3170 515
3677 194
1853 3328
4922 583
3848 5176
5120 1024
384 283
1352 2650
279 2476
4696 4604
4828 1878
719 2891
1460 1465
455 1649
4713 5026
2428 2689
4640 3345
1036 1579
643 3138
938 3701
2782 3731
248 4857
2867 4360
958 3038
3070 424
149 1776
387 4493
1352 1017
2112 1061
3227 4114
3216 4095
3391 4070
1783 4754
3239 3814
1693 621
1433 4028
1916 713
174 3421
4300 793
4768 3397
1858 4330
2709 4086
4691 3076
761 2826
2636 720
3979 2566
2084 3142
2891 879
975 740
2605 1698
178 2148
3728 963
1699 553
1049 4549
4937 4892
2086 197
1004 3580
2973 74
738 1425
5024 3645
1690 4550
2935 490
364 645
4534 3698
2660 4231
518 3743
2964 1914
2758 4019
2693 4697
5105 2222
2881 2068
4230 2287
66 2199
3418 1457
3429 5091
3942 2448
152 4031
1489 2964
1048 389
2196 3692
4634 5185
3577 2935
4698 809
114 3496
3629 3443
3416 1126
4063 4580
1340 2170
2983 2260
461 2425
5154 4465
4769 700
2325 1116
1300 2097
2599 1177
2562 3487
4394 3868
4950 3731
4927 5012
2129 4621
5181 92
4696 2067
3995 1778
438 2884
1545 423
1899 4716
558 1836
2999 27
1328 3205
468 1687
1775 5003
1892 1841
2322 3447
3494 3450
413 2335
2902 909
5033 1056
4622 3681
855 5183
1912 713
1589 1817
2036 1303
307 739
4022 873
675 3451
3528 5039
10 901
3925 3447
1508 4555
3464 4579
2938 1053
4436 4070
597 4859
1120 2847
3365 239
1500 4895
484 3737
475 2524
1281 1280
2484 2381
4930 3213
122 560
528 266
4437 3286
1187 3720
259 1045
1533 1917
4798 3123
658 463
3505 3325
4253 1509
3833 3317
3333 5071
4661 750
3445 2753
1059 3920
13 1716
1475 2822
3113 620
1440 3678
624 1047
2280 3249
3556 1150
85 1363
3654 2074
2696 4233
2496 4677
4110 2643
3824 3279
1627 82
114 2616
1629 2826
2195 2184
650 3976
1431 1510
877 3157
1171 2110
4170 2061
2020 2330
3885 2318
1453 4784
591 2785
2523 3395
2856 1711
1040 3243
1225 2269
2425 1529
3100 1673
492 1376
77 4200
614 2757
694 4411
1857 419
4791 575
2413 5053
501 3828
2531 5108
770 1579
4282 3914
3353 2109
4293 2789
1268 3761
4301 5139
1395 5012
4233 1773
3673 4616
5058 1540
3135 50
4774 563
4707 4253
4060 2103
147 2029
1014 927
3740 1795
4695 3144
1020 3170
1483 3183
2615 5138
3510 4248
59 2085
2743 264
739 23
2178 4023
1002 4825
2025 4379
3972 713
3024 2878
2257 109
1671 457
2432 1147
1704 2168
2360 2031
2171 3766
2948 268
4831 1568
4118 1955
427 4136
1559 4312
466 2637
4760 3142
821 3398
4846 4898
4255 1271
3122 5055
926 4993
972 802
4991 668
4107 1865
2444 1483
2642 2588
5156 4542
335 225
3081 4457
4894 2829
2584 4279
2870 2967
3215 1302
1222 4417
3189 229
1703 5161
2209 5030
2258 429
4630 94
1623 3715
2376 4020
2577 141
2582 3911
4064 4720
3512 3840
1397 1128
1051 4620
4038 1134
4711 1759
3762 3016
1172 3261
3111 1808
4439 594
1919 3047
1699 5028
1535 4529
1996 4152
743 2640
1317 5081
4392 3017
4808 1989
701 2510
3555 1421
4776 738
3426 2820
1269 326
1314 1658
185 2266
597 1912
2755 3089
3511 3293
3952 2162
2183 3640
3639 56
2505 3993
1089 268
4467 165
3903 3348
3938 2837
1369 3262
2496 2038
1123 4609
1081 1496
2251 2338
4929 1258
3780 4329
50 3551
2238 4480
2113 5117
4600 2860
4858 1655
2240 5170
4615 4972
1525 3089
2742 587
5202 1768
1024 1523
2050 2242
3726 2318
3026 4977
605 4992
789 3814
4006 5176
431 740
1370 3601
1299 842
4270 1110
4585 2649
2496 2287
4504 4039
1614 698
2083 3087
430 1187
4016 4032
4128 187
4649 1719
1557 1106
156 1742
531 1734
1777 2929
584 153
1465 4379
1158 2126
4261 4061
1444 426
223 317
455 835
3007 4208
4441 1829
2699 2671
461 3693
4142 2697
3000 3596
2154 4436
4408 3996
1572 4690
3592 4563
3113 2143
5090 362
1943 4322
3480 4067
4054 1086
1301 4160
4625 846
3446 3494
4287 1729
2303 392
321 3444
4861 4198
3949 1229
1574 1459
4883 559
4213 1003
5055 56
4596 4280
1842 3877
4163 1072
2006 2817
3465 3587
3275 3123
4859 1857
3076 4198
1386 5102
4000 2739
3492 4895
3165 1601
3542 219
3302 4241
4078 4162
3920 2742
789 705
3709 3204
372 2076
4889 92
3100 5057
683 1800
4679 2443
3368 894
2631 2460
4102 266
1477 3745
1256 3458
3622 4385
1429 2778
2853 3405
3832 1887
4745 988
3025 3021
4848 2944
4191 4619
1500 3850
292 4458
2659 1776
471 3451
3655 2349
1255 798
2139 1503
250 1747
442 4057
3728 4020
3903 2963
4234 153
4194 1441
4640 4990
2027 2221
2836 209
3498 1083
4855 3107
350 838
285 2637
3535 3002
4883 912
628 891
605 4184
3446 3760
4042 1172
4094 1055
3451 1353
4070 4300
1915 4807
3529 4203
1728 3125
952 1531
3852 808
4489 1377
1730 3923
4659 5096
3230 3274
5164 3140
82 681
2866 3241
1102 1622
362 1721
1933 1445
1008 4542
4037 4697
3929 3157
3775 2385
4101 4701
3178 3001
819 2458
51 340
124 359
4946 3810
2602 2989
2149 5161
1899 1901
718 704
2231 675
1235 424
3710 955
1798 2160
1406 1004
1569 386
3478 2156
4529 4286
2731 3597
4776 3157
847 1344
4930 3319
4010 4785
5175 173
2299 3430
3999 4832
3532 4796
1314 1852
5173 3272
3216 1133
1964 3971
5112 1157
1629 3509
1809 4005
975 2133
1901 4719
2256 117
203 2642
1473 735
2699 1605
352 1897
4890 513
4261 2587
3569 2110
5120 2680
3037 559
3880 144
2929 3626
970 3590
1485 3292
407 4306
4827 257
922 1419
4559 147
434 5004
2084 4013
3651 2379
3813 2862
4268 4023
3918 2084
3163 99
1644 818
366 4406
3190 5153
2586 4473
2569 2750
4856 2658
823 29
1415 3295
1289 2955
813 4744
2424 4802
1379 1832
2971 288
2236 420
5054 1961
1724 3146
3912 1305
4358 4757
3682 3362
3927 4058
4548 4144
5036 844
1307 1851
1230 4762
1776 2615
757 2942
2589 3753
867 1088
3608 1115
4032 4982
2783 3513
2379 1756
644 1277
3983 4135
4490 3724
4905 2212
3717 1261
5155 3422
521 2684
2375 1751
3565 960
2476 3260
3553 3537
3420 4788
123 4805
3304 4282
4943 181
2782 885
2288 3466
4877 1145
2012 609
472 2833
1350 4839
3930 714
2778 442
1912 1300
2911 5119
2714 2498
3763 3497
1796 3012
1320 1334
2371 591
2904 4156
713 1385
4136 4820
1854 2195
1016 390
486 173
3560 4434
2242 3683
746 3908
1870 4735
4022 1295
568 1127
1136 4285
3224 986
1351 1407
3338 1082
4233 1345
3616 657
7 1211
5147 2128
711 269
675 1951
4176 2550
579 1982
3602 928
1697 2801
1726 1366
2660 1043
3513 272
4194 997
4103 4966
2392 3194
3409 3123
57 4519
2389 2611
3300 4458
3213 2444
2117 5038
1135 4140
4977 2216
3629 4725
5064 814
4318 500
3461 2373
2473 3578
3027 956
1065 1530
3770 2326
2615 3086
1776 2462
3345 583
2385 1857
2615 4186
3131 1921
2255 1392
2868 1220
2897 1013
2659 3722
806 4397
4970 1454
4046 2122
424 1839
1079 3115
4 4834
3802 2795
2997 242
4826 2624
1199 682
2242 4003
4445 4757
926 2914
3136 4565
4578 1601
3577 3286
2030 3312
4617 5129
3468 4464
1828 1546
3245 5189
2694 620
1230 4965
2196 1480
556 1535
492 3771
3311 3837
185 1572
1806 212
3820 90
249 2269
4018 2946
3379 106
1777 2760
4656 1659
2333 1546
3546 856
2018 1974
1016 4771
2200 1582
6 2642
1270 646
1902 452
2561 2592
4515 876
1175 1196
3919 4883
4220 733
3666 4513
1587 1127
3253 4847
2343 1921
3241 276
4604 1838
765 1518
507 4296
4690 1666
2499 4631
978 550
1393 5081
1111 4248
4268 4498
4982 687
4878 28
3647 4632
148 2279
3053 2815
3337 1182
2551 2457
226 718
1 1446
1515 4866
3728 4910
3662 3700
1792 444
2867 2123
4963 4986
2236 4038
5020 291
132 3220
3015 2974
1356 3671
3153 3238
2386 3918
1151 1011
4320 432
1218 3751
1826 1415
796 961
4373 1402
4825 2736
4156 3607
4587 4199
1040 1129
2735 911
4653 2073
4776 4160
3317 406
432 449
4524 700
4973 605
3740 367
4424 1608
392 4347
1593 515
1195 2875
2130 573
2615 3874
2669 2149
2636 2366
1677 3955
4583 2548
1644 3751
2774 1188
2814 3242
2388 3629
3381 1546
1098 1790
916 2926
2191 13
53 708
5056 2584
1189 1488
4722 183
1402 4319
277 1739
4824 892
4740 4607
1871 5170
934 1294
1462 5162
4295 4888
3700 3141
1633 1278
4337 1739
4973 4363
2257 2400
3339 388
519 1734
522 4131
4591 4218
2499 2328
1882 2907
4609 2154
1421 4919
1392 3504
3094 1663
4271 4201
1420 3886
2226 976
2713 3500
2045 225
4581 1855
634 4699
723 3414
3584 774
2542 4937
2663 652
3984 3577
2322 4859
364 2204
1357 3907
3077 4044
3496 4098
606 1193
2250 430
4138 352
4618 1405
1776 3714
3849 1067
3533 30
1138 92
35 2553
2288 4636
1226 4949
4466 2679
5088 4236
1620 438
623 1991
1078 2267
1366 1672
2258 4186
826 3820
587 3347
1465 1799
1231 3729
378 4536
551 530
4830 1032
996 1118
4384 3093
3526 3907
3658 4574
3598 5082
3638 4536
177 741
4114 846
1798 33
1154 663
1287 1571
3217 4153
5170 3750
400 37
3582 538
738 4593
2322 2367
5052 2332
4098 3942
3424 129
4748 860
670 423
3476 3288
1599 3993
3014 4387
1175 63
3482 3743
3135 1882
2119 4603
2199 4346
379 2687
676 5123
46 1371
2281 2316
4864 4652
2301 3163
3071 2466
1274 1867
895 617
4864 4500
2957 3909
2775 4963
703 1607
3248 5048
1561 3555
2978 3346
4837 1784
2047 4101
593 1565
2493 1812
756 4184
1735 3361
688 3823
5155 4467
3573 2987
3930 2964
2656 1637
700 2605
4978 3785
4020 2111
4436 3335
3791 3071
1173 1372
5044 3524
1231 4395
3706 395
1678 4516
180 3318
2147 449
4576 1854
3499 540
545 3129
3145 4682
59 2581
3598 3442
1101 150
736 942
1827 2657
132 479
2142 4792
3367 326
4136 4992
4165 4356
3664 227
4764 4759
1621 349
4540 1492
4231 354
1281 2273
927 4473
2071 3449
1258 1314
1727 1899
4174 2259
3832 3889
3246 88
4992 5023
881 4806
4335 2655
3471 1455
1576 4808
3513 2552
4239 2735
871 1699
199 4214
1818 4956
2100 2927
904 3660
2457 3962
2715 3321
4666 2022
3635 4261
1846 5190
1046 3372
1346 166
2673 2921
263 1793
2628 3022
4932 1516
639 3642
2340 4045
2271 2511
4942 2011
607 1589
3515 1479
3105 3553
4600 1357
4842 5093
39 3197
455 4259
1810 1119
1263 5161
603 932
11 1041
1430 4647
3750 543
3773 206
3025 4247
3377 2580
3096 1828
112 3198
1705 4271
2950 1003
3173 197
5006 2218
4575 4402
1717 3452
3973 3418
4682 4652
1400 2714
4132 3488
3216 2446
746 1299
1285 4272
69 2486
2400 627
2425 1231
432 3263
3131 3075
4972 722
3465 744
461 4572
4598 84
3085 3384
2665 923
2106 2804
5146 4425
4126 3036
3643 2225
2374 118
4425 5066
3287 1504
3210 2287
2844 1356
4427 4249
2781 1171
643 2912
1954 2852
4886 4292
2574 4036
1361 2219
2243 241
2551 4963
2304 2470
2359 1729
4965 3736
3615 210
3633 433
1771 4434
285 2063
4314 1491
1605 532
529 5186
4580 3249
1058 2087
3215 4546
2223 3572
3633 4111
1582 2928
2872 364
1897 4414
4540 2950
3056 4063
2436 4514
1706 1963
442 918
4381 3146
3688 4893
5199 312
1404 3582
4571 660
1170 1360
4294 625
2767 3958
1883 3127
2717 4569
2648 4938
3631 1439
4963 456
1829 3314
2417 3231
2402 3717
4791 1583
2166 4628
1169 1905
109 1754
2978 1268
2172 2180
4080 1789
2507 3972
4903 2883
5114 3824
2947 3198
1409 3278
2620 1846
3230 950
1124 3711
5002 4108
543 2840
4593 1086
1182 1460
673 2123
3115 2575
3311 567
1777 1280
3485 134
3700 1638
2395 2892
605 1390
4001 4036
3692 1221
1035 4458
2734 994
4122 1973
4305 1713
4263 5141
2475 1661
2297 1846
2966 4388
5183 11
754 1207
3539 430
5133 1902
4142 4445
93 4866
2300 3322
661 3469
203 3057
72 3618
4969 4517
652 4670
1694 858
530 3985
2320 4746
1772 1605
1953 1261
4098 449
3688 3283
764 5170
2403 5178
1348 2949
1869 2183
291 3839
2589 1175
4641 288
386 1385
1229 1244
4221 1679
682 4120
675 3719
2460 1771
1421 2624
1907 2401
2207 2838
5003 2629
4678 2762
2363 4563
3358 4689
529 4554
819 2154
2737 372
5029 1377
4184 3292
2601 2989
4221 597
4670 1170
4939 2745
3398 4448
172 1105
36 1933
2659 2964
4906 3673
4538 3527
2398 1919
4773 787
3770 1362
2317 5181
3468 1291
2920 1363
4588 4981
864 5096
3440 4967
3934 1527
1516 1344
2170 1343
5185 4690
163 3947
4604 3763
77 339
4119 350
2475 1938
4629 260
4153 3924
37 2322
3292 3109
2870 1793
4020 404
2579 3980
4064 3058
3483 1527
2472 1263
4213 300
3377 4325
965 1930
2458 4443
1265 663
3137 3177
1993 4332
1335 822
887 2873
4318 2713
4035 4638
457 3850
4513 43
1739 4432
3829 3104
3251 1603
648 3445
5160 1037
843 2954
2335 2905
1137 639
2534 732
3594 352
4825 1107
269 1145
1416 4899
1537 4218
684 689
4184 2614
900 4596
4366 831
4932 2748
2630 1917
1151 1617
5090 1374
3630 4557
1346 2139
4628 3726
1046 3022
1897 2353
3299 3733
58 319
95 186
1809 3311
4256 1964
1816 4682
3486 706
3690 2229
1415 4077
4930 1764
3124 4715
4583 2588
4783 4524
810 2753
3771 3039
2921 1787
3285 1186
2372 4872
758 3516
4204 2913
625 2832
2813 775
4958 256
2447 1502
4646 282
5194 3612
1145 4646
4722 1668
1186 272
3042 458
1168 4096
2859 4750
1468 3215
1664 533
4943 610
3901 2942
4048 2760
3213 4224
1099 2678
2262 4005
3688 656
4458 2282
4611 4398
3935 5123
4195 5045
3394 2797
3088 2060
1030 2637
4685 3633
2315 3242
4671 3619
3129 5128
1239 5079
195 345
2499 3085
3244 4225
2864 3113
237 1864
4655 3609
3785 3881
4865 2535
4124 321
2476 1438
1958 1088
3301 4836
4505 4348
1977 3554
2760 3956
4428 780
4170 646
3309 4362
3656 814
3063 411
1718 4050
21 4165
510 2993
4792 1906
3506 3596
5066 1100
1793 1618
4643 762
3680 2742
3364 5080
2635 991
3270 502
1049 522
3366 4092
3532 3099
3763 2391
208 665
2311 1051
186 3974
2285 2055
3620 4576
3376 1534
3372 1067
2115 315
3013 1827
5159 4278
2358 467
4451 4530
903 4250
3904 1256
1090 1063
4083 4958
1168 520
1212 801
3786 1385
4493 3127
1280 2872
436 1131
1018 2787
1920 1222
1627 3953
4598 727
3102 4540
4436 3525
2495 3752
17 524
3343 5044
4302 104
4595 1317
3032 4735
2675 3900
499 3657
502 1090
2513 1032
2609 3916
2685 4678
2064 387
2136 4975
1504 4949
4776 3619
1181 4394
1145 561
1157 2811
4777 517
1160 1249
4556 2462
149 3853
1119 1059
3295 2033
1559 2085
2509 5110
4436 2146
3562 4953
3942 2705
3154 125
551 2436
1696 5185
2498 852
676 5074
182 3291
1409 131
3529 5145
2890 455
2827 3553
1888 800
1446 3340
127 5118
214 1521
40 867
2291 1142
3986 3094
534 3615
920 3840
218 4962
2684 5130
1897 4278
5119 3172
698 3876
1724 4974
41 4584
5104 4953
2058 3270
2066 4226
2758 2870
4125 1073
1590 4017
492 1737
696 2216
3834 4862
1185 3544
4588 4439
1648 4362
2808 2178
2695 3164
1306 4053
1090 1789
2645 735
674 4369
4324 2446
1300 4706
4142 2930
3474 3965
4381 3588
1811 1433
2247 2876
4698 3160
1612 2052
777 3083
3845 2344
2977 2759
3930 4114
1865 1526
3135 2069
3718 22
2760 1311
733 979
3366 3505
4702 196
1911 2930
2089 4796
1475 4219
2317 2292
934 2279
2114 3012
351 8
2171 2696
2536 1342
1888 2444
3430 4515
3478 2999
4691 2936
4968 1527
4718 2519
64 3944
262 957
4627 535
3447 430
1166 469
693 4425
3469 2791
1865 4972
3925 1120
5081 3493
4199 575
4173 1031
5190 1929
764 2060
316 4127
1223 4890
2373 3243
2275 4317
760 1830
1809 3112
4604 3493
1093 4539
4121 5089
75 2461
2976 4342
2127 4857
4567 2688
236 1777
4882 1322
1725 4491
2597 461
3605 708
1966 604
4189 2423
1396 3934
3436 2833
1105 4341
3085 4265
4955 2145
1066 4665
4682 652
4033 564
1272 2542
3346 171
4228 2088
3041 2222
4865 4789
1175 3237
1306 3491
2621 489
5156 2974
4727 4563
3742 3912
4868 4615
11 4508
5062 2524
656 4472
2909 2105
4179 2381
4893 2691
2797 4182
1252 1427
1053 4007
1238 4156
701 4644
3782 3855
4981 4979
4893 1014
2582 3280
4650 2194
4310 4173
2672 2945
1676 1080
2354 2879
868 2552
749 4746
3035 2663
2498 1744
2159 3427
1798 789
3810 483
2773 3831
2180 168
2515 5136
1769 3869
4282 3801
384 180
3723 176
2489 1863
4754 1809
2835 3990
4968 2568
4350 3857
4309 2870
2792 3203
2914 1475
2672 824
1148 2328
3665 4121
2597 232
862 1506
3873 3431
3223 714
2519 248
5060 1707
207 143
4485 1787
1013 15
4186 1790
294 1016
1094 1880
2720 4919
1834 4453
2051 586
4808 3442
1968 1186
1009 948
2632 5166
4029 4
906 3254
3610 3562
3875 1047
1327 655
4992 3098
2275 3819
314 4452
3876 2488
2131 1504
4776 959
4000 2964
3648 4476
4312 1508
873 2698
1254 3443
1740 2211
4451 225
3648 3139
5001 3077
1388 2768
1141 3304
3135 5168
995 656
807 691
1628 271
3737 4617
628 920
3548 1189
2431 4117
1085 4934
4285 2887
4918 2963
4847 1605
1301 2407
4424 3142
2430 1487
1297 1486
280 2054
4311 4862
1449 1917
3310 1119
328 3331
1217 5179
912 3378
1941 3512
3774 774
4104 1587
5138 4050
705 4956
1511 2744
4660 2955
2688 833
4216 1847
2880 4803
5161 3659
883 3295
3000 2788
987 752
223 689
4332 1306
2605 1924
1605 4662
3327 1382
3862 4793
2079 3498
1709 155
2048 913
1907 1451
1152 1247
2492 1235
1848 481
1034 3380
70 4057
273 769
3403 69
4839 2678
5191 1981
4108 554
3214 612
2114 1824
4627 3153
668 4931
1245 631
1197 216
1947 2214
3795 5064
3971 1834
4764 1647
223 1490
4857 4525
3375 4487
2353 3861
4906 3218
3648 2932
2335 1074
3139 832
3451 3990
25 4523
1537 1859
3859 3380
3655 291
430 3284
353 1031
238 2624
293 3686
2016 3690
4268 2336
3690 3775
469 4251
4914 3328
524 3609
54 2964
2356 3089
4823 729
1064 92
5061 1386
4796 3637
1644 3663
3080 2423
11 1534
4470 432
307 4484
2522 371
2947 3841
4596 3998
353 4370
3659 1011
2998 5068
595 4520
86 3879
679 4559
410 1261
761 1084
2707 3737
2400 1541
4198 5002
1309 359
2794 4403
2987 342
4331 1538
2024 1079
2690 4031
3770 2154
1208 3717
577 4505
1931 3534
5000 2572
2459 4615
3633 743
187 3849
2335 1804
54 1730
1192 1340
4827 4711
3784 1978
2914 533
1857 4505
325 4144
3487 3925
34 3805
2752 3380
4893 1110
1620 3932
4827 3447
2605 4036
3418 2032
4232 4814
2676 402
4355 62
2388 4386
4710 4626
3815 2818
1836 3030
4977 4553
4210 638
2874 2077
3393 2484
2027 3679
3584 1923
2393 2301
748 925
2152 4701
5135 3933
383 4897
767 2739
3800 1742
63 474
166 4612
3734 2889
976 4992
1203 3210
4750 3567
2427 3923
1805 1284
5103 5015
3394 82
2686 1276
3465 3400
2512 3006
1339 2790
1733 3203
1684 2857
1678 3398
2120 1823
1536 2659
1879 2823
3717 1827
4522 2477
704 869
4773 338
3129 1405
4841 3980
2352 1507
2079 2996
2479 3
4562 2978
2883 3585
2551 871
3206 1435
261 3961
4716 4864
3216 5202
2818 4463
1414 925
1292 4420
5152 3947
4977 2206
3251 1724
1495 1395
3029 1383
2718 426
4350 2157
5099 5189
3173 1609
2208 4154
4865 646
5073 641
2422 2626
476 3283
2514 1371
1270 1251
610 3022
4286 3493
2378 3838
2233 2457
3398 1916
4942 4492
449 4251
1857 3913
1918 1240
1458 3763
1854 4603
1886 628
4631 2040
3721 2943
3564 272
997 329
2901 927
1916 4151
1918 2656
1500 4506
3987 509
1625 1336
4714 724
1042 3699
4058 5
1306 582
435 2930
2607 3713
101 1572
4031 3117
2300 1059
119 3387
421 3270
2733 1233
3096 3568
4991 295
525 4511
2853 2080
2585 3323
3811 5191
4796 4441
1167 2381
4362 1565
1478 4021
285 2238
3795 2277
5145 1874
3926 852
4919 4811
2893 3133
3048 685
261 4596
4059 191
2047 5126
4821 713
4949 526
1729 1927
4985 1445
4070 3006
1010 3071
3881 138
2502 4714
1382 4486
2324 4651
1828 4078
1902 2654
3060 5100
824 2002
4902 1275
759 4176
3834 1988
3136 3950
4780 363
1550 551
1828 4871
3167 3668
4090 1405
3242 2176
2455 50
3566 3090
2109 4960
4998 1067
1728 2272
4081 3798
485 2908
1053 591
3270 4014
1445 1864
375 1032
1114 3836
591 2195
1285 5199
3303 545
1571 1676
1510 221
4430 3370
3322 4123
5090 3900
4192 2474
895 1443
2736 1327
4122 1502
4803 2983
3170 1519
4458 214
4441 2042
3952 2151
3524 2012
1878 4381
563 3518
2753 3795
5041 2699
3903 812
3951 1457
1569 2118
3166 3060
1209 4268
2124 3468
222 596
2796 1920
471 3411
4559 4577
328 270
896 348
3844 103
5167 4921
1377 778
382 4400
1380 2122
1009 4875
2729 3949
3704 3419
676 4909
4923 1014
1623 2965
54 344
4560 4854
2134 2400
3968 1140
346 1264
3970 4207
5086 2287
4915 4057
3599 4801
2739 3033
2806 4540
1976 2484
2539 3011
1063 2506
3715 3739
4502 2205
5141 2102
2013 4825
3086 1502
4504 2360
2886 3234
3862 2541
3545 2589
3399 2327
3624 462
4529 1890
2583 1
