876
619 46
871 188
250 483
113 865
224 613
267 464
706 337
409 623
866 566
191 597
531 385
436 347
528 194
872 832
19 419
213 197
200 853
620 656
372 272
853 704
144 81
538 658
865 178
130 368
129 194
325 54
856 324
375 385
723 362
817 594
655 357
82 363
331 740
609 50
419 134
282 66
350 442
150 440
543 663
106 520
179 128
706 682
783 733
337 234
117 512
578 78
371 841
498 595
541 251
227 440
781 199
737 809
220 60
705 778
686 464
89 414
825 305
143 11
738 20
297 852
717 657
515 799
392 785
815 803
19 108
485 52
738 72
463 382
725 756
79 341
235 120
774 809
827 381
735 455
621 429
205 45
666 430
642 833
710 83
502 422
68 349
767 461
50 498
548 476
425 589
139 529
220 483
687 127
16 625
865 255
533 569
791 473
420 415
326 839
560 360
34 669
162 736
592 746
304 100
193 468
189 484
490 12
668 265
478 640
460 749
480 570
359 543
759 603
562 847
372 316
261 622
354 278
210 484
257 555
289 860
719 505
816 166
512 755
114 240
605 31
187 736
683 80
727 128
151 328
618 631
193 21
6 497
396 801
133 516
128 773
663 776
557 428
709 459
532 479
61 682
294 721
281 62
683 802
131 712
683 398
175 601
517 781
820 550
819 569
151 682
623 819
668 681
133 505
246 720
336 555
254 765
789 548
692 314
391 776
762 332
71 780
434 648
201 330
275 40
299 392
587 689
488 144
138 128
855 408
294 674
165 527
148 163
41 819
108 431
776 484
224 450
591 347
245 297
51 148
809 834
426 610
824 664
25 213
380 127
188 574
91 377
116 841
558 27
742 227
452 657
781 284
186 315
592 812
600 31
547 438
1 678
553 111
405 212
213 443
4 100
776 542
463 521
819 582
405 676
179 720
122 629
609 329
96 484
54 829
237 144
58 6
440 48
340 184
591 724
92 694
352 45
198 191
592 444
625 86
677 235
688 563
673 416
814 824
250 292
149 2
131 624
671 382
619 510
435 51
348 819
779 548
154 835
470 518
841 9
794 320
816 717
293 506
696 488
623 34
208 329
756 394
380 105
480 424
350 461
372 421
602 128
262 339
577 710
4 180
240 441
365 318
709 563
747 790
90 600
864 875
283 307
50 863
44 615
261 580
124 568
547 793
830 669
169 514
299 489
838 681
720 614
213 794
228 794
4 335
685 76
204 638
394 642
253 468
584 703
572 814
706 215
673 716
89 519
363 427
496 752
669 786
558 38
764 668
723 221
675 8
287 388
728 658
746 408
781 446
465 318
413 17
782 76
122 387
35 839
622 587
469 405
354 517
411 564
213 24
88 56
151 675
290 324
536 798
753 730
291 502
395 10
847 704
537 399
720 682
9 704
117 823
112 630
297 43
139 504
287 118
323 250
768 324
461 213
723 182
858 503
191 444
177 426
406 95
663 708
53 98
697 36
174 107
810 682
46 61
814 223
350 670
460 345
3 209
386 415
683 731
699 510
117 652
181 694
151 6
567 422
333 825
791 867
780 285
441 37
614 333
746 261
518 143
772 686
622 777
804 584
190 741
6 364
486 845
270 132
843 466
212 140
837 411
2 682
710 656
488 170
164 457
256 790
33 427
461 502
235 575
750 458
837 349
300 834
222 850
441 63
195 872
63 214
373 622
14 2
221 302
374 754
236 519
18 749
306 717
661 240
327 384
395 500
205 246
298 661
619 869
51 171
213 681
843 806
815 151
565 34
797 271
272 52
645 745
27 609
392 243
522 147
227 520
328 507
516 559
876 564
447 758
649 26
308 682
738 23
221 842
154 676
512 740
325 441
101 614
542 792
450 419
830 332
169 742
456 850
866 702
684 579
252 32
651 101
775 226
432 584
652 104
330 374
859 553
487 367
273 653
351 434
565 750
53 228
506 838
590 144
279 157
761 810
101 560
55 199
737 445
502 319
742 594
261 449
828 836
419 204
715 464
244 599
309 246
560 667
675 645
350 296
264 483
286 247
866 344
717 513
820 719
509 466
111 854
50 288
644 209
213 231
546 739
536 524
676 19
28 766
840 716
85 169
228 203
504 581
800 175
766 512
718 50
561 174
614 742
286 700
797 844
334 210
123 554
288 678
874 796
242 571
433 624
760 633
827 481
461 809
769 797
774 729
182 97
568 609
251 277
645 317
12 746
19 378
697 223
237 545
5 43
403 437
555 721
110 330
315 548
394 660
346 698
206 82
464 66
487 696
431 526
669 213
441 143
494 598
340 67
439 682
525 555
552 346
286 74
584 153
511 618
586 680
26 619
555 547
3 590
485 657
807 288
808 195
460 80
323 370
575 723
535 296
402 782
753 163
596 283
9 575
72 632
503 837
22 858
393 721
818 263
850 483
757 403
330 223
572 735
614 137
261 874
684 271
813 551
726 566
827 663
138 247
676 307
392 675
478 101
844 563
158 582
405 136
748 179
379 280
103 706
653 152
643 602
682 766
251 139
280 297
851 225
71 70
127 469
469 607
613 420
372 423
342 46
556 77
671 211
366 614
625 243
682 276
864 502
570 681
377 844
213 531
617 508
433 658
695 673
491 399
836 149
596 303
133 361
405 195
146 674
237 196
540 299
2 539
665 353
241 191
427 483
738 831
175 184
659 111
600 738
568 788
129 324
593 211
705 776
844 297
851 119
784 596
49 181
357 78
800 439
658 657
69 91
466 851
622 469
325 382
678 524
732 821
155 295
228 418
413 2
19 477
713 50
845 851
546 628
584 848
733 628
270 185
96 216
716 254
413 47
34 79
347 633
484 682
269 681
645 453
553 81
440 741
809 501
150 758
484 384
852 650
484 213
814 434
837 544
604 8
213 282
517 84
242 191
369 633
690 152
448 173
756 218
75 590
161 76
102 7
716 437
228 633
870 613
744 174
846 630
72 679
326 178
552 353
824 722
866 795
844 11
516 121
588 801
153 691
799 281
176 4
143 193
646 27
529 405
763 498
367 230
359 492
310 196
842 156
18 130
781 860
457 439
159 43
313 615
222 73
122 431
321 187
632 701
202 647
591 826
353 259
404 764
301 514
355 777
14 482
376 405
549 53
573 213
195 248
74 410
8 192
167 721
338 51
61 94
623 716
483 555
638 312
554 307
635 205
179 395
734 324
30 93
311 227
72 143
557 70
676 258
654 461
326 484
751 190
161 450
301 475
300 770
407 213
102 578
484 790
163 616
354 426
496 814
857 805
857 439
325 693
820 637
873 259
232 357
46 397
117 866
561 523
57 472
275 501
801 258
358 623
837 710
144 460
307 99
46 217
420 822
287 559
28 249
50 39
483 484
653 400
430 819
155 181
506 641
524 174
514 495
611 314
774 321
117 867
485 239
489 454
354 145
356 274
252 871
204 707
598 809
467 796
263 412
556 217
417 219
181 441
813 779
462 579
743 601
639 652
95 237
565 135
258 660
440 15
304 451
412 239
168 565
307 519
452 472
606 779
662 529
202 514
830 628
621 844
146 343
75 207
126 342
520 856
353 61
667 279
814 525
845 369
334 537
243 357
681 59
616 266
46 125
401 251
174 599
115 617
282 433
588 759
626 9
226 524
269 636
152 720
544 390
446 100
143 669
64 347
615 376
252 716
524 479
634 142
291 586
286 56
270 61
536 448
849 126
183 781
260 34
51 108
548 441
584 80
322 371
612 51
553 499
383 197
217 634
269 417
65 80
391 109
537 238
682 676
179 365
389 363
583 335
13 764
527 543
297 868
439 781
71 419
534 118
608 440
733 617
732 108
471 774
771 515
194 811
233 432
530 780
706 861
315 799
854 585
268 487
653 714
721 692
152 493
160 821
561 711
80 676
522 790
662 229
846 797
127 576
64 274
151 133
618 406
809 837
518 87
172 130
194 589
50 19
645 93
227 141
627 829
262 21
42 784
787 397
474 548
126 862
29 485
575 143
672 632
