224 13533
2 50
2 141
1 140 101
2 157
2 80
1 200 145
2 219
1 81 44
1 173 81
2 65
1 15 42
2 86
1 151 35
2 93
2 107
2 52
2 164
2 30
2 106
2 115
1 134 68
2 78
2 192
1 176 153
2 89
2 85
2 41
2 140
1 69 118
2 216
2 47
2 1
2 196
2 5
2 179
2 151
1 87 214
1 38 142
2 127
2 196
2 169
2 179
1 31 168
1 22 139
2 112
2 217
2 56
1 122 107
2 144
2 154
1 123 63
2 11
1 50 206
2 218
2 54
2 198
2 95
2 8
1 202 19
1 156 170
1 149 52
2 68
2 149
1 153 84
2 163
2 140
2 148
2 87
1 44 156
2 10
2 78
2 96
2 139
2 137
2 176
1 63 116
2 83
2 18
2 150
2 86
1 68 105
2 26
1 209 182
2 90
2 196
2 171
2 178
2 43
2 22
2 178
1 65 37
2 178
2 89
2 31
1 169 135
2 194
2 175
2 206
1 98 49
2 45
2 129
2 125
2 7
2 198
2 36
2 178
1 179 42
2 210
2 34
2 33
2 175
2 26
2 119
2 76
2 40
2 198
1 27 218
2 126
2 142
1 40 192
1 90 105
2 171
2 16
2 75
2 113
2 13
1 48 8
2 214
2 118
2 167
2 52
2 13
2 212
1 25 179
1 115 155
2 61
2 63
2 48
1 208 201
1 220 121
2 83
2 82
2 168
1 87 92
2 99
1 81 143
2 131
2 88
2 126
2 131
2 19
2 109
2 27
1 93 19
1 175 128
2 23
2 86
1 130 52
2 207
2 94
2 135
1 139 164
2 158
2 102
2 119
2 145
1 219 13
2 199
2 34
2 178
1 218 158
2 45
1 184 48
2 11
2 119
1 217 161
2 158
2 2
1 88 19
1 82 31
2 56
2 137
2 139
1 181 73
2 97
1 146 144
2 29
2 22
1 62 54
2 220
2 197
2 52
2 212
1 117 91
1 79 100
2 217
2 172
1 46 44
2 64
2 116
2 32
1 12 94
2 207
1 26 179
2 173
1 219 178
1 182 110
2 153
1 196 12
2 132
2 187
1 89 21
1 52 149
1 159 18
2 141
2 77
2 81
1 7 171
2 36
2 55
2 152
2 209
2 170
1 189 4
1 149 25
1 72 173
2 6
2 224
2 135
2 209
2 69
2 33
2 123
1 165 136
2 191
1 91 9
1 151 12
1 75 132
2 146
2 63
2 13
2 42
2 10
2 9
2 209
2 187
2 170
2 115
1 190 203
2 198
2 114
1 207 189
1 192 206
2 30
1 177 92
2 195
1 40 76
2 24
1 108 3
2 11
1 126 200
2 89
1 213 203
1 67 39
1 35 20
1 64 121
1 27 134
2 223
1 210 144
1 198 28
2 3
2 27
1 205 185
1 25 173
2 21
2 201
2 49
1 218 209
1 62 11
2 196
2 39
2 121
2 27
2 17
2 153
2 126
1 99 214
1 47 153
2 61
1 119 206
1 112 190
1 173 72
2 16
1 113 197
2 91
2 93
2 221
2 117
2 26
2 111
2 37
2 72
1 168 190
2 164
1 11 21
1 179 95
2 131
2 205
2 41
2 169
2 72
2 7
1 183 221
2 205
1 86 52
1 29 113
2 64
1 121 180
1 75 146
1 206 96
1 57 136
2 97
2 91
2 32
2 85
2 105
1 28 190
1 221 90
1 11 26
2 131
1 214 78
2 178
2 94
2 211
2 13
2 127
2 81
2 33
1 154 10
2 54
2 58
2 161
2 156
2 159
2 134
1 11 132
2 165
2 192
2 199
2 203
1 179 155
2 83
2 29
2 37
2 163
2 3
2 219
2 124
2 187
1 174 198
1 19 10
2 82
1 76 62
2 48
2 38
2 194
1 47 158
1 224 96
2 98
2 224
2 61
1 89 189
2 62
1 217 72
2 74
2 81
2 211
1 118 24
2 184
2 161
1 36 160
2 41
1 21 40
2 177
1 23 141
2 181
2 126
2 19
2 99
2 206
1 68 196
2 182
2 71
2 47
2 149
2 146
1 22 58
2 70
2 201
2 127
1 223 29
2 114
2 123
1 177 175
2 148
2 77
2 97
2 92
2 214
1 220 42
2 149
2 55
2 100
1 141 129
2 41
2 120
2 50
2 92
1 67 16
2 143
1 91 208
1 165 197
1 33 14
2 181
1 61 67
1 197 207
1 204 23
2 195
2 86
2 125
2 81
2 80
2 201
2 79
1 207 52
1 15 161
2 195
2 56
1 150 124
2 34
2 9
1 170 42
2 184
2 79
2 178
2 135
2 72
2 26
2 137
2 68
1 41 134
2 96
2 135
2 29
2 66
2 205
2 79
2 66
1 181 106
2 210
2 96
1 101 122
2 13
2 49
2 80
2 167
2 193
2 11
1 213 76
2 65
2 209
2 120
1 123 1
2 204
1 139 37
1 132 114
2 171
2 23
2 89
1 41 57
2 51
1 95 127
2 159
1 39 101
2 11
2 173
2 171
1 64 79
1 195 192
2 13
2 200
2 90
1 47 146
2 97
2 140
2 125
2 147
2 47
2 45
2 43
2 184
2 129
2 87
2 5
1 207 7
2 117
2 52
2 114
2 131
2 13
2 180
2 148
2 102
2 130
2 60
2 74
2 100
2 217
2 211
1 53 217
2 41
1 196 75
2 165
2 129
1 207 84
2 2
1 205 20
2 95
2 45
2 209
1 22 73
2 8
1 11 97
2 148
1 187 222
2 223
2 130
2 57
1 23 59
1 3 174
2 193
2 19
2 108
2 29
2 217
2 156
2 4
2 22
2 206
2 61
1 94 62
2 151
2 18
1 78 20
2 52
2 153
2 91
1 104 215
2 192
2 116
2 126
2 184
1 116 171
2 192
2 51
2 62
1 76 142
2 191
2 197
2 196
2 140
2 17
2 191
2 124
2 18
1 216 73
1 204 19
2 43
2 89
2 216
1 49 5
2 16
2 51
1 19 188
1 122 205
2 88
2 201
2 77
1 129 149
2 204
2 87
2 97
2 92
2 203
2 188
1 155 11
2 92
1 166 168
2 146
1 206 78
2 119
2 62
2 175
2 99
1 166 217
1 212 84
2 63
2 104
2 26
2 97
1 111 38
2 132
2 48
1 133 13
2 158
2 126
2 153
2 193
2 88
1 50 171
1 112 41
2 6
2 121
2 150
2 139
1 139 194
1 123 198
1 2 132
2 223
2 80
2 175
1 53 196
2 95
2 77
2 43
2 169
2 55
2 42
2 175
2 131
2 46
1 27 143
2 178
1 218 129
2 169
1 158 12
2 28
2 87
2 57
1 203 91
2 72
2 32
2 55
2 36
1 139 63
2 22
2 32
2 16
1 55 60
2 66
2 66
2 29
2 136
1 174 99
2 22
2 163
2 29
1 47 1
2 205
2 132
2 18
2 75
2 73
2 65
2 172
2 90
2 102
1 12 147
2 142
2 41
2 51
1 52 193
1 162 45
2 165
2 73
2 82
2 31
2 35
2 34
2 129
1 9 98
2 156
2 130
2 204
1 117 48
1 85 212
2 129
2 107
2 211
1 89 53
2 176
2 6
1 218 7
2 3
2 45
2 43
2 224
2 31
1 166 35
1 26 72
2 164
2 209
2 210
2 74
2 217
2 182
1 25 60
2 123
2 47
2 77
2 120
2 122
2 9
2 180
2 196
1 165 21
2 58
2 55
2 182
2 34
2 215
2 70
1 149 8
2 172
1 130 67
2 124
2 31
2 130
2 122
2 100
2 139
1 21 193
2 74
2 64
1 102 218
2 190
2 34
2 185
2 133
2 108
2 201
2 55
2 170
2 8
2 62
2 170
2 211
1 28 193
2 112
2 129
1 131 142
2 134
2 223
2 130
2 42
2 21
2 52
2 16
2 203
1 76 149
2 158
1 58 223
2 41
2 165
1 71 82
2 76
2 89
2 57
2 224
2 87
2 182
1 206 16
2 59
2 51
1 217 175
2 215
2 58
2 23
2 192
2 68
2 32
1 1 88
2 224
2 182
2 175
2 44
2 104
2 121
2 158
1 201 175
2 59
2 96
1 210 160
1 53 75
2 81
2 47
2 43
1 133 105
2 110
2 21
1 122 13
2 55
1 88 102
2 146
1 34 99
2 193
2 115
2 210
2 86
2 18
2 40
2 8
2 131
2 19
2 148
2 6
2 123
1 176 189
2 156
2 81
2 159
2 204
1 92 46
2 91
2 157
2 85
2 129
2 63
2 207
2 49
2 156
2 177
2 7
2 7
2 143
2 130
1 203 75
2 120
2 174
2 37
2 140
2 80
2 134
2 209
2 146
2 19
2 116
2 66
2 100
2 192
2 39
2 173
1 43 68
1 89 123
1 168 38
2 24
2 202
1 120 65
2 59
2 198
2 176
2 224
2 173
2 117
2 23
1 196 66
1 60 154
2 88
1 132 155
2 43
2 81
2 68
2 92
2 64
2 198
2 138
1 19 201
1 102 223
2 169
2 146
2 185
2 187
2 147
1 113 61
1 193 94
2 59
1 210 219
2 56
1 12 48
2 212
2 185
2 73
1 18 218
2 202
1 190 3
2 178
2 87
2 84
2 134
2 141
2 9
2 142
1 122 61
2 109
1 212 190
1 212 79
2 87
1 131 148
2 158
2 174
2 47
2 72
2 16
2 139
2 194
2 192
2 117
2 167
1 207 4
1 67 83
2 153
2 170
1 69 199
2 115
2 96
2 161
2 131
2 158
2 181
1 121 143
1 116 85
1 99 89
2 165
2 200
1 181 145
1 25 119
2 11
1 186 126
1 77 32
1 106 185
1 190 178
2 39
1 188 91
2 52
2 75
2 4
2 50
2 176
2 139
2 181
2 99
2 107
2 210
2 152
2 168
1 220 47
2 160
2 118
2 158
1 113 27
2 24
1 40 200
2 50
1 171 140
2 29
2 33
2 5
2 57
2 172
2 90
2 179
2 188
1 224 204
2 123
2 33
2 135
2 61
2 216
2 99
2 36
2 106
2 92
1 74 135
1 221 224
2 47
2 142
2 66
1 49 188
2 177
2 126
1 190 85
2 197
2 26
2 47
2 25
2 164
2 49
2 62
2 2
2 210
2 147
2 135
2 15
2 20
1 124 76
2 81
2 82
2 20
1 53 23
1 63 186
2 111
1 207 126
2 187
2 216
1 163 222
2 49
2 67
1 216 14
2 72
2 128
2 28
1 131 146
1 193 107
2 79
2 137
2 156
2 187
2 176
1 16 223
2 108
1 110 99
2 156
2 181
2 23
2 212
1 129 220
1 107 150
2 61
2 147
2 129
1 10 80
2 122
2 23
1 206 4
2 155
2 16
2 59
2 191
2 63
2 41
2 170
2 126
2 221
2 94
1 124 104
1 101 97
2 219
1 104 95
2 34
2 186
1 184 95
2 101
1 143 13
2 88
2 209
2 167
2 60
2 123
2 16
2 131
1 186 199
2 56
1 146 53
2 34
2 200
1 208 5
2 93
2 87
2 200
2 78
2 207
1 193 113
2 160
2 40
2 89
2 49
1 169 102
2 202
1 58 187
1 62 185
1 149 47
2 220
2 16
2 177
2 34
2 159
2 180
2 187
1 222 11
1 166 112
2 15
1 192 201
1 125 162
1 49 80
2 44
2 207
1 3 14
2 68
1 207 119
2 169
2 112
2 88
1 67 94
2 131
1 140 35
1 173 63
1 28 30
2 78
2 32
2 121
1 19 165
2 137
2 196
2 166
2 131
2 90
2 29
2 156
2 127
2 84
1 92 111
2 111
2 69
2 11
2 58
1 2 85
2 153
1 209 94
2 115
2 40
2 180
2 45
2 34
2 174
2 91
2 152
1 216 92
2 2
1 143 31
2 100
2 83
2 148
2 202
2 199
2 151
2 21
2 20
2 194
1 115 156
1 42 132
2 6
1 213 158
2 115
2 106
2 42
1 201 186
2 14
2 96
2 90
2 102
1 41 167
2 27
2 42
1 101 29
2 189
1 103 196
2 63
1 185 104
2 162
1 160 47
1 127 83
2 114
2 38
2 223
2 52
2 124
2 69
2 33
1 41 136
2 44
2 177
2 173
2 133
2 161
2 206
2 38
2 48
1 76 73
2 31
2 59
2 212
2 50
2 31
2 27
2 101
2 83
2 45
2 109
2 20
2 135
2 197
1 1 65
2 73
2 118
2 86
2 151
2 65
2 114
2 69
2 222
1 102 69
1 185 49
2 76
2 16
1 180 60
1 117 51
1 144 169
1 5 184
2 88
2 105
1 17 46
1 110 82
2 50
2 123
2 171
2 82
2 3
2 21
2 122
2 4
1 207 140
1 38 74
2 157
2 172
1 96 40
2 49
2 76
2 100
2 156
1 127 117
2 132
1 202 29
2 205
1 126 216
1 163 161
2 96
2 128
2 178
2 38
2 16
1 211 115
2 142
2 156
2 38
2 10
2 188
1 91 1
2 178
1 216 115
1 183 101
2 67
2 202
2 56
2 88
2 204
1 56 167
2 58
1 79 163
2 139
2 54
2 16
2 219
2 121
2 62
2 66
2 148
2 103
2 5
2 213
2 178
1 23 98
2 99
2 8
1 90 195
2 100
2 121
2 185
1 221 119
2 159
2 129
2 221
2 46
2 160
1 108 172
2 205
1 117 28
1 178 214
2 67
1 44 187
2 5
2 148
2 185
2 16
2 123
2 37
2 166
2 36
1 16 55
1 32 171
2 24
2 109
2 63
2 30
1 28 130
2 47
2 61
2 139
2 122
2 26
1 60 93
1 204 108
2 200
2 165
2 35
1 204 117
2 177
2 119
2 147
2 123
2 151
2 88
2 116
2 69
2 41
1 216 116
1 210 91
2 23
2 186
2 165
2 149
1 95 43
2 17
1 154 62
2 52
2 102
2 3
2 186
2 107
2 31
2 131
2 174
1 179 135
2 215
1 3 75
2 142
2 164
2 164
1 13 87
2 210
1 217 156
2 4
2 103
2 156
2 27
1 34 77
2 113
2 67
2 13
2 32
2 57
2 154
1 190 112
2 175
2 7
2 65
2 111
2 139
2 49
2 18
2 210
1 194 149
2 181
1 56 84
2 208
1 48 9
2 159
2 49
2 29
2 203
2 137
2 144
2 162
1 68 19
2 68
1 59 6
1 187 62
2 82
1 33 129
1 34 160
2 82
1 71 204
2 76
2 36
2 165
1 144 104
2 182
2 172
2 49
2 171
2 79
2 122
2 28
2 17
2 89
2 132
2 173
2 107
2 186
2 197
2 118
2 21
2 215
2 59
2 147
1 116 98
2 109
2 155
2 96
2 116
2 217
2 110
2 125
2 199
2 114
1 216 61
1 162 51
1 92 185
2 192
2 76
2 57
2 122
2 123
2 166
2 71
2 42
2 85
2 59
2 168
2 46
2 183
2 23
2 171
2 218
2 27
1 105 179
2 98
1 91 176
2 150
2 130
2 105
2 117
2 44
2 193
1 32 24
2 54
2 210
2 127
2 30
2 195
2 35
2 213
1 115 159
2 136
2 81
1 150 198
2 193
1 212 154
2 11
1 181 144
2 185
2 44
2 210
2 198
2 178
2 113
1 216 131
2 55
2 60
2 56
2 45
1 66 198
2 172
2 45
2 215
1 9 130
2 90
2 63
2 66
2 94
2 111
2 81
2 82
1 17 138
2 61
2 28
2 57
2 71
1 161 157
1 42 63
2 131
2 97
2 143
1 173 20
2 44
1 12 126
1 125 39
2 185
2 102
2 160
2 33
1 108 190
1 21 124
2 24
1 80 7
2 168
2 107
2 95
2 122
2 63
2 130
1 206 9
2 168
1 153 201
1 133 166
1 153 65
2 176
1 23 55
2 190
2 107
2 200
1 196 68
2 217
1 128 71
2 110
2 118
2 214
2 42
2 122
2 187
1 114 196
2 168
2 148
1 173 223
1 6 66
2 125
2 128
2 1
1 137 14
2 47
2 3
2 222
1 26 185
1 140 156
2 179
2 167
2 171
1 220 48
2 55
2 161
2 71
1 35 80
2 4
2 17
2 181
2 195
2 71
2 218
2 146
2 95
1 143 41
1 138 184
2 64
2 35
2 202
2 152
1 113 27
2 1
1 10 15
2 88
1 98 177
2 19
1 53 107
2 189
2 149
1 106 84
2 141
1 128 207
2 56
2 123
1 192 123
2 78
2 46
2 63
2 88
1 91 12
2 101
1 67 121
1 44 205
2 184
1 19 39
1 74 5
2 55
2 137
1 18 102
2 52
2 152
2 117
2 151
2 119
2 114
2 91
1 91 109
1 16 127
2 36
1 127 50
2 195
2 11
2 32
2 135
2 220
1 55 109
2 6
2 165
2 210
2 20
2 12
2 187
2 130
2 82
2 143
2 98
1 186 181
2 126
2 42
1 108 97
1 178 102
2 119
1 185 21
2 132
2 87
2 138
2 60
2 119
2 43
1 147 4
1 122 1
2 163
1 115 35
2 164
1 165 154
1 125 175
2 128
2 138
2 215
1 26 82
2 100
2 111
2 223
2 111
2 35
1 216 21
2 181
2 188
1 114 32
1 160 83
1 109 220
2 100
2 11
1 114 110
2 1
2 46
2 209
1 158 130
1 178 85
1 9 144
2 122
2 70
1 129 90
2 220
2 9
2 182
1 200 164
2 200
2 25
2 119
2 32
2 170
1 108 130
2 27
2 83
1 153 108
1 18 17
2 189
1 26 19
1 1 182
2 73
2 56
2 209
1 171 8
2 27
2 168
2 13
2 167
1 178 50
1 68 66
2 128
2 185
2 14
2 199
1 130 66
2 172
2 65
2 154
2 17
2 13
2 153
2 42
1 184 187
2 27
2 41
2 181
2 44
2 59
2 110
2 180
2 7
1 18 221
2 215
1 170 4
2 194
2 122
2 193
2 55
2 176
2 118
2 193
1 198 27
2 83
2 6
2 92
2 53
2 136
2 196
1 15 52
2 24
1 96 216
2 22
2 175
1 72 179
1 105 152
2 155
2 68
1 142 160
2 66
2 146
1 91 99
2 14
2 114
2 115
2 57
1 156 104
1 4 154
2 108
1 32 38
2 100
2 71
2 80
1 25 2
1 211 100
2 224
2 161
1 106 138
2 114
2 185
2 169
2 159
2 66
2 185
2 162
2 162
2 78
2 188
2 30
2 50
1 46 41
2 71
2 151
2 131
2 112
2 132
1 143 183
2 77
2 124
2 14
1 49 91
2 12
2 36
2 91
2 200
2 221
2 148
2 69
2 111
2 134
2 148
2 73
1 224 184
2 109
1 109 157
2 114
2 201
1 194 163
1 41 166
1 182 185
2 26
2 131
1 116 21
2 135
1 20 6
1 67 114
1 175 142
2 65
1 224 85
2 35
1 158 200
2 115
2 109
2 14
2 184
1 131 55
2 96
2 140
2 13
1 108 187
2 132
2 95
2 80
2 37
2 146
2 1
2 44
2 144
1 92 103
2 95
2 64
2 199
2 177
2 104
2 46
2 63
2 208
2 23
2 102
2 212
2 63
2 125
2 7
1 136 205
2 102
2 46
2 81
1 115 163
2 46
2 209
1 152 192
2 46
2 147
2 118
2 171
1 128 86
2 53
1 192 34
2 73
2 132
1 167 118
2 135
2 171
2 144
2 183
1 16 89
2 123
2 211
1 59 210
2 141
2 119
2 168
1 53 214
2 77
1 82 40
2 117
2 57
2 180
2 192
2 199
2 190
1 160 130
2 146
2 219
2 147
2 222
2 123
2 166
2 112
2 111
2 11
1 202 14
2 89
1 87 159
2 52
2 186
1 33 107
1 28 34
2 98
2 77
2 210
2 66
1 137 48
2 19
2 220
1 36 180
1 122 210
2 45
1 97 97
1 75 177
2 108
2 193
2 223
2 220
1 126 189
1 45 110
2 61
1 43 192
2 24
1 14 158
1 178 30
1 22 201
2 214
2 72
2 190
2 114
2 151
2 150
2 155
2 57
2 204
2 54
2 219
2 20
2 18
1 150 215
2 126
2 80
1 83 133
2 121
2 8
2 132
1 189 159
2 22
1 10 89
2 17
2 216
2 202
2 105
2 96
2 124
2 50
1 189 54
2 182
2 130
2 79
2 193
1 60 86
2 166
2 12
2 128
2 89
1 76 193
2 171
2 99
1 180 79
2 10
1 71 85
2 170
2 7
2 48
2 95
1 200 44
2 29
2 62
1 148 10
2 123
2 88
1 105 44
2 218
1 148 160
1 222 105
2 100
2 90
2 81
2 109
1 133 137
2 67
2 90
2 83
2 127
2 81
2 85
2 96
1 175 127
1 44 104
2 144
2 21
1 170 63
2 70
2 74
1 5 71
2 176
1 58 79
2 138
1 151 165
1 64 211
2 176
2 26
2 174
2 128
2 61
2 35
2 128
1 110 133
2 84
2 204
1 34 46
2 87
2 90
2 131
2 29
2 202
2 61
2 41
2 121
1 121 155
2 25
2 84
1 186 39
2 37
2 18
2 200
2 21
1 82 152
1 110 202
2 132
2 205
1 98 101
1 218 31
2 114
2 171
2 223
1 126 131
2 15
2 107
2 104
2 71
2 24
2 104
1 184 142
1 4 111
1 20 200
2 107
2 1
1 103 223
1 100 1
2 210
2 115
2 187
2 141
2 53
1 65 33
2 78
2 123
2 150
2 36
1 216 221
1 140 195
2 145
2 207
2 152
2 42
2 125
2 139
2 219
2 22
2 98
2 117
2 31
2 106
2 27
1 158 139
1 129 218
1 71 200
2 222
2 190
2 134
2 135
2 127
1 208 26
2 179
2 78
2 55
2 51
1 152 209
2 132
1 85 32
2 156
2 148
1 48 16
2 180
2 132
2 6
2 75
2 70
2 38
2 14
2 202
2 115
2 58
2 138
2 53
2 41
2 83
2 55
2 23
2 119
2 155
1 46 5
2 211
2 121
2 106
1 211 168
2 140
1 93 53
2 145
2 22
2 198
2 175
2 218
2 158
2 83
2 65
2 14
2 51
2 60
2 218
2 195
1 57 67
1 205 48
1 96 69
1 166 40
2 109
1 74 138
2 28
2 212
2 81
2 133
2 66
2 80
2 2
2 136
2 76
2 211
2 84
2 92
1 190 14
1 222 184
2 145
2 209
2 197
1 42 105
2 203
2 102
1 9 21
2 172
2 84
2 215
2 53
2 63
2 192
2 112
2 80
2 138
1 36 110
1 173 87
2 151
2 124
2 103
2 47
2 207
2 176
2 168
2 24
2 117
2 168
2 142
2 4
2 55
2 132
2 83
2 174
1 88 170
2 190
1 5 111
2 102
2 109
1 33 132
2 22
2 57
1 7 176
2 157
2 130
1 157 84
2 203
2 17
2 19
2 76
2 61
2 221
2 95
1 123 98
2 144
2 211
2 194
2 4
2 136
1 63 164
1 216 142
2 105
1 166 54
1 61 114
2 153
2 190
1 102 159
2 117
2 174
2 92
2 127
2 214
2 152
2 188
2 167
2 215
2 149
1 180 81
2 50
1 137 111
1 110 142
2 2
2 209
2 2
2 124
2 53
2 18
2 90
1 20 73
2 91
1 163 46
1 193 96
1 201 78
1 87 219
2 88
2 208
1 131 143
1 222 195
2 111
2 73
2 163
1 134 30
1 168 171
1 136 138
1 113 216
1 71 82
1 158 211
2 19
2 198
2 115
2 209
1 183 153
2 218
1 117 23
1 60 193
1 68 203
1 52 194
2 122
2 74
2 38
1 169 27
2 171
1 110 28
1 165 180
2 158
1 112 52
1 172 20
2 111
2 86
2 63
2 59
2 32
1 119 33
2 145
2 196
1 212 95
1 152 51
1 85 47
2 136
2 95
2 220
1 121 178
2 56
2 72
1 168 153
2 200
2 175
2 149
2 65
2 19
1 166 55
1 212 203
1 178 169
2 46
2 200
2 163
2 6
2 167
1 35 197
2 212
2 97
2 221
2 27
2 122
2 166
2 51
2 122
1 89 73
2 110
1 16 144
2 21
2 214
2 156
2 213
2 173
2 151
1 215 177
2 112
1 222 53
2 141
2 167
1 119 88
2 39
2 2
2 124
2 171
1 55 100
1 69 48
2 219
1 124 172
2 107
2 141
2 30
2 78
1 30 68
2 112
2 35
1 64 30
2 106
2 33
1 42 198
1 176 192
1 171 11
2 54
2 177
1 196 106
2 40
2 101
2 118
2 101
2 14
2 81
2 123
1 100 165
2 224
2 22
2 158
2 151
2 70
2 71
1 80 104
2 87
1 146 204
2 23
2 169
2 130
2 147
2 34
2 40
1 170 157
2 103
2 171
2 129
1 128 41
1 104 120
2 84
2 162
2 160
2 54
2 116
1 9 198
2 191
1 151 136
1 170 111
2 116
2 101
1 71 141
1 174 133
2 129
2 28
2 205
2 164
2 2
2 172
2 174
2 83
2 18
2 141
2 95
1 167 195
1 109 111
1 155 19
2 155
2 158
1 140 44
1 79 142
2 122
2 177
2 167
2 20
1 65 19
2 193
1 1 101
2 112
1 96 2
2 122
2 76
2 77
2 15
2 133
2 52
2 67
2 158
2 74
2 150
1 125 214
1 126 90
2 13
2 153
2 148
2 175
2 85
2 215
2 54
2 116
2 210
2 32
2 140
1 14 65
1 138 151
2 39
2 147
2 214
2 33
1 222 207
2 178
2 94
2 160
2 39
1 74 93
2 89
2 144
2 168
1 111 94
2 22
2 64
2 195
2 200
2 104
2 211
1 32 80
2 191
2 19
2 113
2 14
1 118 158
2 157
2 60
2 159
1 104 94
1 170 201
2 148
2 118
2 105
2 86
2 212
1 198 187
1 84 72
1 73 5
2 6
2 61
2 148
2 103
2 6
2 218
1 67 169
2 73
1 112 30
1 195 154
2 29
2 158
1 218 102
1 123 203
2 183
2 18
2 80
2 73
2 220
2 66
1 104 10
1 87 39
1 153 192
2 182
1 64 58
2 165
2 216
2 128
2 217
2 114
1 148 186
2 16
2 104
2 174
1 8 132
2 65
1 86 99
2 186
2 171
2 198
2 142
1 204 188
2 221
1 22 16
2 188
2 205
2 82
2 52
2 62
2 26
2 160
2 11
2 29
1 48 2
2 62
2 11
1 164 103
1 185 215
2 20
1 182 87
2 208
2 32
1 85 57
2 116
2 16
1 80 68
1 177 195
2 135
2 210
2 180
2 130
2 31
2 63
1 108 5
2 118
2 80
2 92
1 190 15
2 170
2 135
2 14
1 159 149
2 144
2 10
1 96 51
2 117
1 184 96
1 219 86
2 74
2 211
2 220
1 97 38
2 7
2 76
2 42
2 37
1 189 46
2 156
2 1
2 81
2 16
1 50 197
1 219 3
2 120
2 144
2 132
1 94 14
2 172
2 119
2 80
2 125
1 111 93
1 31 45
2 142
1 149 210
1 15 212
2 134
2 11
1 85 87
2 195
2 5
1 5 85
2 184
1 20 167
1 192 69
1 67 82
2 215
2 118
1 54 209
2 104
2 102
2 178
2 30
2 164
2 68
2 62
2 104
2 66
1 49 134
1 212 87
2 202
1 108 79
2 188
2 181
2 62
1 8 220
2 71
2 36
2 54
2 133
2 51
2 210
2 75
2 182
1 116 160
1 95 110
2 58
1 219 112
2 11
2 94
1 61 124
2 71
2 157
2 207
2 17
2 50
2 61
2 124
2 38
2 142
2 122
2 88
1 183 89
2 78
2 151
2 178
2 80
2 143
2 209
2 43
2 47
1 204 53
2 28
2 116
1 205 13
2 68
1 199 29
2 148
2 150
1 35 8
1 133 151
2 213
2 177
2 66
1 112 214
1 11 176
2 51
1 84 163
2 85
1 124 84
2 78
1 88 112
1 196 117
2 10
1 154 58
1 91 143
2 80
2 6
2 74
2 60
1 90 155
1 98 151
2 29
2 173
1 211 61
2 103
2 194
2 220
2 92
2 41
2 37
2 188
2 212
2 223
1 205 154
1 174 80
1 203 83
1 95 165
1 54 44
2 23
2 138
2 118
2 186
2 131
1 39 71
2 25
1 104 101
2 137
2 45
1 29 223
1 219 164
1 48 79
2 167
1 192 88
2 62
1 41 192
1 175 134
1 199 75
2 172
2 92
2 85
2 122
2 132
2 214
2 35
2 98
1 44 65
2 9
2 209
1 62 5
2 195
1 70 141
1 17 181
2 110
1 104 103
2 11
2 81
2 124
2 24
1 192 185
2 72
2 116
1 19 121
2 86
1 156 2
1 172 182
1 153 94
2 31
1 126 216
1 148 116
2 44
2 219
2 219
2 185
2 187
2 199
1 161 47
1 162 60
2 216
2 177
1 187 79
1 88 71
1 108 58
1 151 17
2 154
2 141
2 185
2 157
2 24
1 206 100
2 137
2 118
2 171
2 170
2 215
1 64 139
2 217
2 162
1 70 187
2 82
1 172 57
1 202 176
2 183
2 68
2 45
1 78 216
2 119
1 120 24
2 35
2 168
1 69 48
2 31
2 52
2 173
2 148
2 155
1 205 77
2 172
1 212 121
2 117
2 96
1 135 143
2 41
2 43
1 101 13
2 103
2 182
2 43
1 169 197
1 150 49
2 193
1 207 89
1 196 200
2 80
2 39
2 151
2 40
2 193
2 14
2 115
2 217
1 44 162
1 109 183
1 104 151
2 183
2 210
2 87
1 9 196
2 6
2 11
1 221 203
1 10 49
2 173
1 208 217
2 80
1 32 97
2 54
2 34
1 139 187
2 19
2 190
2 72
2 44
1 52 22
1 157 166
2 106
2 86
2 152
2 166
2 134
1 205 63
2 17
1 109 11
2 176
2 124
2 127
2 203
2 60
2 207
1 6 184
2 91
1 198 224
2 124
1 110 200
2 32
2 11
1 98 102
2 42
1 50 40
2 29
2 195
2 168
2 32
2 114
2 55
2 218
2 82
2 129
2 33
1 145 44
1 115 145
2 156
1 153 67
2 53
2 123
2 99
2 111
1 175 105
2 133
2 74
2 65
2 47
1 11 64
2 55
2 28
2 205
1 86 47
2 11
2 62
2 173
2 200
2 169
1 68 77
2 14
2 83
2 81
2 98
2 159
2 97
2 85
1 198 42
2 42
2 70
2 13
2 194
1 159 138
1 99 87
2 112
1 105 103
1 155 72
1 185 223
1 19 179
2 216
2 129
1 144 198
2 156
2 73
2 118
2 148
2 40
2 103
2 50
1 137 77
2 129
1 18 89
2 196
2 47
2 222
2 78
2 150
2 154
2 217
2 48
1 6 87
2 204
2 8
2 127
2 171
2 216
2 215
2 31
1 189 189
2 11
2 21
1 148 46
2 140
2 173
2 65
2 206
2 26
1 67 152
2 13
2 63
2 140
1 102 96
1 162 50
2 204
2 180
2 115
1 11 174
2 34
2 33
2 153
2 3
2 177
2 103
2 105
2 17
1 147 113
2 180
2 145
2 7
2 30
1 180 136
2 177
2 179
1 56 203
2 155
1 186 196
2 63
2 216
2 129
2 192
2 189
1 46 220
2 145
2 223
2 33
2 21
2 214
1 130 192
2 60
2 168
2 206
2 75
1 182 203
2 21
2 42
1 21 38
2 37
2 217
2 95
2 124
1 113 97
2 80
2 101
2 118
2 64
2 77
2 49
2 113
1 30 154
1 50 191
2 182
1 43 62
2 166
1 132 54
1 173 5
2 49
2 221
2 54
2 224
1 41 54
1 205 180
2 38
1 33 88
2 30
2 216
1 168 48
2 94
1 72 194
2 120
1 171 42
2 35
1 167 75
2 111
2 146
1 60 22
2 20
2 15
2 167
2 61
2 130
2 31
1 220 205
2 52
2 105
1 58 18
2 4
2 182
2 129
2 86
2 119
1 198 5
2 12
2 58
2 12
2 224
2 175
1 19 2
2 220
2 29
1 9 32
2 62
1 220 195
2 17
2 118
2 190
2 98
1 173 67
2 128
2 136
2 15
2 175
2 21
2 14
1 88 141
2 149
1 215 216
2 104
1 104 189
2 219
2 182
2 97
2 38
2 49
2 145
2 161
2 191
2 15
2 200
2 91
2 223
1 211 81
2 35
1 117 145
2 146
2 185
2 15
2 148
2 80
2 105
2 69
2 127
2 37
2 109
2 98
2 176
2 60
2 215
2 91
2 38
1 12 94
2 123
2 178
1 138 117
1 25 186
2 152
2 108
1 121 106
2 196
1 178 127
2 168
2 122
2 152
2 185
2 36
2 80
1 12 218
1 140 18
2 211
1 46 94
2 38
2 35
1 224 212
2 31
2 25
2 104
1 30 65
2 65
2 21
1 126 110
1 138 224
2 124
2 44
1 77 81
2 208
1 158 195
2 60
2 120
2 197
2 209
1 205 145
2 97
1 149 207
1 62 78
2 57
1 170 145
2 122
2 145
2 13
2 177
1 80 168
2 53
2 108
1 187 28
2 155
2 101
1 96 162
2 95
2 75
2 11
2 34
2 156
2 199
2 163
2 94
2 42
2 56
1 74 114
2 154
1 15 30
1 206 63
2 76
1 213 212
2 96
1 29 27
2 99
2 42
1 5 115
2 150
2 174
2 60
1 25 104
2 54
1 217 212
2 68
1 155 55
2 26
2 204
2 178
2 59
2 191
2 109
1 85 151
2 180
2 163
2 186
1 129 118
1 117 60
1 33 214
2 208
2 106
2 34
2 137
1 149 104
2 129
2 112
2 133
2 138
2 47
2 20
2 89
2 164
2 64
2 10
2 51
2 200
1 154 130
2 118
2 125
1 54 92
2 205
2 195
2 71
2 89
2 161
1 145 196
2 81
2 205
2 185
1 150 69
2 151
2 19
2 214
2 129
1 162 206
1 133 99
2 118
2 208
2 11
2 121
2 208
2 187
2 215
2 179
2 60
1 149 174
2 10
2 53
2 18
2 139
2 4
1 139 63
2 64
1 15 184
2 95
2 114
2 76
2 175
2 108
2 154
1 203 164
1 31 126
2 160
2 175
2 168
1 97 183
2 42
1 207 96
2 68
1 63 143
1 109 148
2 35
2 164
1 17 76
2 14
1 170 149
2 109
2 139
1 50 162
2 214
2 86
1 83 166
2 97
2 195
1 177 5
2 117
2 210
2 28
2 69
2 19
2 178
2 130
2 31
2 20
2 51
1 44 5
2 130
2 84
2 122
2 201
2 24
2 172
2 213
2 28
2 156
2 107
1 147 105
2 182
2 154
2 196
2 12
1 71 209
2 43
2 72
2 164
2 204
2 150
2 120
1 218 147
2 196
2 85
2 65
2 71
2 145
2 160
1 219 6
1 158 48
2 101
2 26
2 13
1 185 173
2 10
2 51
2 9
1 32 181
2 170
2 136
2 133
2 214
2 172
2 60
2 185
1 29 210
2 138
2 156
2 218
1 219 140
2 99
2 16
2 133
1 50 140
2 182
2 104
2 126
2 15
1 130 143
1 211 114
2 77
2 211
2 178
1 81 34
2 168
1 6 77
1 151 216
2 204
2 193
2 71
2 46
2 43
2 51
2 174
1 106 91
2 47
2 16
2 173
2 166
1 68 114
1 219 202
2 70
2 95
1 89 9
2 23
2 109
1 176 58
1 153 20
2 71
2 171
1 76 9
2 41
2 220
1 38 197
2 108
2 202
2 79
2 129
1 132 13
2 180
2 166
2 58
1 51 185
2 215
1 19 97
1 191 189
1 4 33
2 207
2 109
2 198
2 94
2 97
2 216
2 17
1 32 170
2 82
2 8
2 39
2 41
2 89
1 107 92
1 14 171
2 218
2 130
2 102
2 56
2 67
2 192
2 10
1 188 187
2 196
2 49
2 171
2 182
2 110
1 179 123
2 207
1 99 112
2 200
2 2
2 221
1 118 187
2 30
2 49
1 218 179
1 87 221
2 44
2 105
2 221
2 151
2 87
1 186 34
2 20
2 22
2 111
2 75
1 40 97
1 80 90
2 169
2 163
2 187
1 140 22
1 110 44
2 197
2 205
2 131
1 136 152
2 23
2 58
2 202
2 207
1 115 149
1 34 87
2 220
2 143
2 11
1 29 30
1 65 11
2 195
2 141
2 90
2 60
2 29
1 45 11
2 32
2 62
1 117 194
1 55 112
2 162
2 74
2 12
2 73
1 205 179
2 103
1 160 162
2 61
2 204
2 36
2 198
1 76 90
2 8
1 50 149
2 61
2 144
1 104 217
1 84 43
2 186
2 118
2 118
2 161
2 120
2 76
1 165 23
2 102
2 71
2 50
2 84
2 39
2 23
2 84
2 170
2 163
2 159
1 214 112
2 183
2 33
2 68
1 57 122
2 182
2 193
2 87
2 23
1 175 141
2 35
2 165
2 152
2 106
2 153
1 17 111
2 146
1 34 118
1 155 64
2 218
1 5 176
2 123
1 3 135
2 133
2 108
2 51
2 185
2 200
1 215 182
2 136
2 49
2 14
2 189
2 165
1 112 212
1 11 32
2 145
2 151
1 178 6
2 97
2 69
2 206
2 125
2 67
2 12
2 80
2 157
2 123
1 203 110
1 85 142
2 101
2 17
1 166 118
2 38
2 180
1 32 111
1 124 178
2 7
1 123 189
1 213 87
2 63
1 14 147
2 105
2 69
1 40 106
2 23
2 33
2 219
1 185 196
2 10
2 66
2 8
2 71
1 213 44
2 57
2 174
2 34
1 207 122
2 88
2 3
2 137
1 97 201
1 164 132
2 50
1 41 57
2 111
1 184 27
2 16
2 125
2 85
1 8 206
2 95
2 46
1 222 218
2 70
2 201
1 13 26
1 149 179
2 131
2 71
1 150 86
2 146
2 68
2 214
2 158
1 7 75
1 4 69
2 73
2 167
1 175 64
1 99 114
2 5
1 146 130
2 104
1 32 86
1 17 76
2 46
2 76
1 184 79
1 150 23
2 188
2 173
2 3
2 13
2 19
1 96 148
2 199
1 209 61
1 98 8
2 143
2 105
2 94
2 67
2 77
1 78 19
1 201 21
2 213
2 142
1 67 65
2 41
1 219 197
1 92 76
2 106
2 162
1 208 216
2 98
2 212
2 86
2 24
2 91
2 173
2 164
2 72
1 152 45
2 124
1 34 200
2 12
1 196 124
2 188
2 138
2 33
1 213 1
2 63
2 91
2 98
2 26
1 202 177
1 145 172
2 50
2 64
1 76 131
2 19
2 102
2 93
2 116
1 6 195
2 96
1 25 65
2 146
2 36
2 62
2 14
2 197
2 154
2 107
1 185 222
2 158
1 214 164
1 166 169
2 180
1 140 77
1 101 94
2 8
2 112
2 77
2 128
2 4
1 183 64
1 180 185
2 204
2 58
2 212
2 71
2 138
2 116
2 182
1 36 62
2 147
2 220
1 119 200
2 151
2 159
2 209
2 134
2 165
2 148
1 64 218
2 74
2 51
2 128
2 95
1 51 114
1 46 110
2 117
1 98 146
2 113
2 33
2 190
2 180
1 94 115
2 157
2 148
2 23
2 209
2 16
2 199
2 177
2 142
1 64 15
2 202
2 216
2 212
1 175 167
1 44 58
2 72
1 33 22
2 84
2 1
2 41
2 38
1 154 179
2 89
2 116
2 64
2 171
2 32
2 90
2 133
2 50
1 40 82
2 51
1 104 147
2 17
1 140 105
2 191
2 106
2 121
2 191
2 85
2 3
2 204
2 83
2 87
2 133
1 32 55
1 8 201
2 24
1 63 224
2 29
2 187
2 126
1 219 97
2 204
2 135
2 9
1 149 95
2 57
2 183
2 84
2 56
2 85
1 69 84
2 194
1 37 125
2 137
2 151
2 195
2 105
1 130 97
1 96 120
2 7
2 181
2 11
2 192
2 132
2 50
2 101
2 114
2 193
2 184
2 92
2 112
2 51
1 164 223
1 59 196
2 8
2 48
2 164
2 112
2 18
2 20
2 44
1 88 108
2 47
2 122
1 210 189
2 98
2 217
2 187
1 168 66
2 215
2 23
1 67 190
2 100
1 77 15
2 36
2 116
2 92
1 26 173
1 20 46
2 13
2 130
1 167 196
2 158
2 83
2 217
2 88
1 224 164
2 181
2 69
2 25
2 52
2 204
2 166
1 164 50
2 69
2 191
2 149
2 62
2 221
2 22
1 19 118
2 93
2 63
1 18 183
2 165
2 43
1 141 164
2 62
2 136
2 153
2 76
2 109
2 17
2 200
1 149 189
2 114
2 26
2 151
2 82
2 184
2 124
2 63
2 130
2 102
2 146
1 131 166
2 85
2 36
2 26
1 24 85
2 157
2 187
2 62
2 47
1 40 42
1 198 8
2 95
1 145 17
2 52
2 131
2 11
2 67
2 94
2 216
2 118
2 194
1 36 109
2 152
2 32
2 218
2 201
2 20
2 200
1 173 29
2 180
2 60
2 42
2 207
2 160
2 199
1 45 10
2 35
2 129
2 145
2 201
2 178
2 115
1 16 159
2 134
2 60
2 7
2 219
1 199 26
2 173
2 100
2 8
2 88
2 73
2 2
1 97 179
1 83 203
2 113
2 66
2 60
2 200
1 221 60
2 22
2 51
2 215
1 55 125
2 63
1 72 64
2 168
2 34
2 188
1 11 188
2 205
2 128
2 151
2 112
1 146 3
2 65
1 184 216
2 151
2 58
2 85
2 38
2 80
2 33
1 42 220
2 118
2 138
2 40
1 57 164
2 59
2 215
2 170
2 136
2 3
2 190
2 112
2 28
2 130
2 108
2 152
1 161 41
2 106
1 67 162
2 216
2 102
2 14
2 155
2 15
1 87 76
2 70
2 110
1 79 42
2 121
1 133 153
1 34 34
1 196 67
1 188 158
2 41
2 161
2 193
2 224
2 122
2 220
2 192
1 21 105
2 13
1 148 166
2 182
2 106
1 138 22
2 71
2 29
2 72
2 82
2 191
2 111
1 100 53
1 4 169
1 147 53
2 167
2 115
2 65
2 52
2 114
2 144
1 68 34
2 35
2 181
1 91 163
2 190
2 34
1 127 122
2 179
2 25
1 45 148
1 137 72
2 122
2 197
2 146
2 209
2 217
1 180 83
2 101
2 157
2 208
2 128
2 205
2 187
1 199 110
1 207 53
2 104
2 31
1 180 132
1 135 124
1 91 78
2 63
1 15 69
2 169
2 14
1 125 72
2 195
1 50 177
2 204
2 12
2 176
2 13
2 198
1 196 160
2 182
2 179
2 67
2 12
2 11
1 2 82
2 197
2 223
1 112 202
1 123 83
2 90
2 84
2 104
2 95
1 205 93
2 176
2 109
2 36
2 92
2 73
1 10 79
2 30
2 17
2 184
2 6
2 66
1 81 41
2 175
2 91
2 84
2 74
2 198
2 183
1 147 127
1 28 205
2 57
2 31
2 97
2 40
2 67
2 194
2 110
1 209 73
2 164
2 5
2 184
2 186
2 4
2 96
2 164
2 184
1 141 218
1 142 33
2 208
2 128
2 13
2 43
1 203 207
2 80
2 126
1 75 117
1 34 84
2 197
2 26
1 206 19
1 123 51
2 202
2 155
1 191 74
2 147
1 61 90
2 46
2 68
2 204
2 25
2 75
1 128 100
1 109 215
2 103
1 4 177
2 158
1 153 104
2 75
2 96
2 31
1 123 194
1 198 202
1 132 148
2 36
2 6
2 109
2 215
2 211
2 112
2 27
2 23
1 210 146
2 118
2 169
2 146
1 85 219
1 216 142
2 123
2 200
2 145
2 1
2 168
2 53
2 161
2 78
1 45 224
1 34 47
1 49 192
1 5 186
1 221 199
2 215
2 126
1 27 179
1 192 219
2 116
2 39
2 127
2 91
2 28
1 45 220
1 108 8
2 70
2 142
2 146
2 150
2 5
2 98
1 15 92
2 2
1 18 176
2 149
2 137
2 39
1 43 83
2 146
2 5
2 49
1 31 53
2 174
1 214 143
1 100 10
2 102
2 154
1 64 174
2 200
2 101
2 40
2 188
2 187
2 71
2 208
1 160 22
2 216
2 160
2 206
1 28 179
2 53
2 126
2 166
1 95 139
1 135 98
2 192
2 123
2 39
2 106
2 96
2 61
2 59
1 55 100
2 10
1 128 209
2 97
2 131
2 160
2 198
1 158 37
1 152 170
2 2
2 169
1 46 5
2 105
1 1 76
2 106
2 127
2 170
2 207
2 191
2 174
2 143
2 72
2 130
1 174 4
2 118
2 209
2 142
1 175 142
2 174
2 47
1 80 88
2 62
2 138
2 80
1 91 58
2 165
2 132
2 63
2 103
2 150
1 175 206
2 188
1 92 82
2 168
1 23 115
2 58
2 42
1 168 4
2 59
1 222 62
2 60
2 33
1 153 129
2 135
2 199
2 10
1 182 178
1 77 164
2 6
2 65
2 103
2 176
2 108
1 223 134
2 2
2 69
2 166
2 33
2 150
2 93
2 109
2 135
1 178 157
2 113
1 171 215
1 123 24
2 71
2 177
2 120
2 19
2 27
2 50
2 119
1 75 165
1 88 171
1 41 103
2 153
2 116
2 132
2 39
2 85
1 96 35
1 181 149
2 208
2 88
1 108 64
2 48
2 223
2 128
2 193
1 160 164
2 175
2 74
1 85 30
2 52
2 70
1 180 107
2 169
2 148
2 33
2 196
2 25
1 147 31
1 91 190
2 23
2 102
2 1
2 221
2 110
2 87
2 207
1 173 151
2 193
2 67
2 141
2 19
2 105
1 198 68
2 6
2 26
2 57
2 37
1 43 19
2 1
2 30
2 149
2 100
1 221 38
2 10
2 97
2 101
1 24 40
2 29
1 153 8
1 50 140
1 93 158
2 189
2 25
2 58
2 129
2 40
2 28
1 162 124
2 38
2 123
1 139 151
1 67 30
1 212 170
1 176 199
2 141
2 196
2 165
2 75
2 183
1 109 103
2 104
2 184
2 196
2 30
2 81
2 24
1 179 193
2 3
2 209
2 147
1 184 87
2 130
1 25 18
1 224 164
1 73 123
2 44
2 45
1 206 108
2 35
2 124
2 64
2 152
2 85
2 38
2 175
2 211
2 185
2 198
2 132
2 118
2 185
2 191
2 97
2 153
2 7
1 74 167
2 97
2 75
1 153 117
2 96
2 97
2 207
2 147
2 84
2 132
1 154 98
2 122
2 66
2 145
2 69
2 204
2 75
2 114
2 43
2 194
2 204
1 96 146
2 81
2 50
2 146
2 181
2 197
2 220
1 111 210
1 70 189
2 16
2 187
2 29
2 84
2 50
2 109
2 215
1 168 40
2 89
2 100
2 184
2 15
2 80
2 60
1 60 134
2 46
2 150
2 38
1 87 183
2 67
1 42 127
1 178 46
1 164 145
2 123
2 58
2 162
1 206 182
2 211
2 162
2 111
2 87
2 66
1 42 4
2 180
2 102
1 48 30
2 193
1 163 50
2 84
2 154
1 169 46
2 130
2 197
2 57
2 102
2 72
2 222
1 98 224
2 102
2 207
2 111
2 208
1 153 163
2 83
2 187
2 214
2 78
2 203
2 213
2 224
2 223
1 136 192
2 217
2 42
2 211
1 126 66
1 55 100
2 137
2 166
2 157
1 85 118
2 186
2 187
1 133 57
1 44 25
2 132
2 90
2 48
2 104
1 74 30
2 148
2 27
1 45 183
2 1
2 197
2 150
2 147
2 88
2 198
2 151
1 45 16
2 92
1 59 172
2 88
2 94
2 153
2 170
2 47
2 27
2 133
2 50
2 201
1 30 46
2 53
2 36
2 201
2 165
2 170
2 123
2 75
2 97
1 193 175
2 139
1 162 143
2 83
2 97
2 99
2 82
2 36
1 91 109
2 127
2 156
2 137
2 183
2 195
2 1
2 133
2 218
2 154
2 24
2 210
2 97
2 67
2 131
2 82
2 137
2 157
2 91
2 39
1 101 105
2 197
2 12
2 116
1 137 5
1 7 86
2 199
2 221
2 214
2 47
2 60
2 33
2 217
2 133
1 74 110
2 47
2 27
2 218
2 134
2 51
2 179
1 114 135
1 80 220
2 126
2 54
2 128
1 20 101
1 156 46
2 171
2 141
1 89 6
2 94
2 98
1 150 78
2 156
2 170
2 49
2 23
2 194
2 26
1 122 179
1 39 88
2 99
2 32
2 106
2 153
1 48 33
2 222
2 30
2 68
1 195 11
2 73
2 224
2 65
1 20 177
2 204
2 129
2 42
2 184
2 212
2 40
2 6
1 143 35
2 82
2 154
2 65
2 168
2 163
2 152
2 56
2 34
2 55
2 204
2 168
2 197
2 10
2 176
2 6
2 101
2 72
2 51
2 95
2 39
1 97 62
2 24
2 216
2 42
2 165
2 143
2 223
1 17 86
1 158 188
2 130
2 66
2 69
1 221 63
2 222
2 45
2 55
2 172
2 169
2 180
2 65
2 65
1 74 23
1 104 82
2 9
2 28
2 72
2 4
2 179
1 37 96
1 187 127
2 202
2 18
1 138 82
2 75
2 160
1 171 39
2 133
2 53
2 54
2 131
2 2
2 26
2 53
2 96
2 173
1 218 190
1 4 143
2 78
1 89 174
2 127
2 199
2 51
2 195
2 8
2 47
1 22 52
1 195 19
2 16
2 157
1 127 160
2 185
1 212 145
2 150
2 56
2 93
2 1
2 24
2 59
2 197
2 90
1 18 108
2 129
2 181
2 69
2 169
1 97 28
2 154
1 189 82
2 57
2 44
2 178
2 49
2 215
2 81
2 210
2 99
2 2
2 191
2 139
2 163
2 34
2 36
2 172
1 29 100
2 72
2 97
2 11
2 209
2 40
2 188
2 31
1 197 181
2 139
2 146
2 201
2 157
1 37 201
1 66 76
2 9
2 113
2 49
2 180
2 208
2 86
2 13
2 151
2 173
2 32
2 111
1 146 139
1 54 115
1 119 63
1 128 100
1 2 20
2 53
2 139
2 131
1 176 165
2 113
1 149 145
2 131
1 192 45
1 22 32
1 140 94
1 139 65
1 13 85
1 65 2
2 4
1 220 52
1 207 164
1 3 180
2 133
2 39
1 88 60
2 185
2 141
1 210 206
2 94
2 10
2 163
2 130
2 131
1 79 209
1 200 211
2 143
2 24
1 136 111
1 87 71
2 4
2 41
1 121 7
2 130
1 52 41
2 91
2 123
1 28 211
2 111
2 30
1 53 83
2 36
2 195
2 26
2 205
2 54
1 168 71
2 204
2 15
2 84
2 12
1 181 222
2 67
2 10
2 176
2 147
2 30
1 188 55
2 169
2 143
1 32 85
2 107
2 1
2 34
2 7
2 110
2 10
1 127 115
2 78
2 10
2 107
2 123
1 216 67
2 7
2 23
2 162
2 41
2 221
2 91
2 72
2 103
1 120 101
2 207
2 16
1 209 218
2 108
2 206
2 18
2 221
2 47
2 137
2 95
2 129
1 9 73
1 207 25
2 84
2 103
1 203 191
2 197
1 1 94
2 46
2 22
2 151
2 72
2 122
2 68
2 95
2 195
2 155
2 87
2 54
1 114 129
2 103
1 207 199
2 16
1 177 133
2 199
2 102
1 194 140
1 92 11
2 62
1 46 56
2 27
2 123
1 14 21
2 210
2 218
2 115
2 99
2 140
1 191 113
2 160
1 22 27
2 137
2 111
2 15
2 81
2 40
1 105 61
2 186
2 73
1 145 182
2 40
1 152 6
1 101 165
1 122 63
2 34
2 98
2 164
2 41
2 54
1 136 210
2 98
1 60 206
1 113 60
2 177
2 205
2 183
1 110 176
2 1
2 100
2 41
2 208
1 167 37
2 78
2 169
2 39
1 28 199
1 184 47
2 42
2 199
1 12 180
2 90
2 1
2 21
2 101
2 218
2 137
2 216
2 120
2 69
2 162
2 208
1 57 53
2 180
2 131
2 175
2 152
2 179
1 119 92
1 218 181
2 130
2 91
2 123
1 100 214
2 15
1 155 71
2 61
2 20
2 88
2 16
2 68
2 4
2 157
1 179 114
2 181
1 153 212
2 153
2 100
2 198
2 213
2 193
1 134 213
2 93
2 126
2 217
2 80
2 220
2 101
1 106 57
1 131 44
2 155
2 82
1 72 26
1 212 218
1 121 78
2 213
2 37
1 220 100
2 46
2 187
2 76
2 74
2 70
1 27 1
2 204
1 159 5
2 146
2 86
2 76
1 223 79
1 63 171
2 206
2 66
2 9
1 203 178
1 49 166
2 145
1 158 5
2 163
2 205
1 24 215
2 116
1 59 116
2 101
2 128
2 24
2 68
1 145 21
1 65 58
2 81
2 204
2 146
2 23
2 46
2 84
2 33
2 180
2 90
2 106
1 115 2
2 182
2 48
2 2
2 35
2 65
1 123 22
2 137
2 8
2 186
2 79
2 131
2 110
2 185
2 53
2 88
2 32
1 2 9
2 210
2 45
2 132
2 71
2 176
2 21
1 43 79
2 133
1 117 18
1 174 200
1 120 64
2 152
2 181
2 154
2 43
2 87
2 13
1 188 188
2 80
1 153 158
2 61
2 40
2 187
1 21 59
1 84 13
2 16
1 35 169
2 78
2 92
2 123
2 183
2 6
2 150
2 195
1 90 81
1 135 43
1 155 197
1 111 210
2 126
2 151
2 152
2 51
2 223
1 107 53
2 208
2 152
1 156 97
2 13
1 12 151
1 38 124
2 148
1 25 145
2 175
2 53
2 9
2 144
1 146 196
2 1
1 207 141
1 79 114
1 127 125
2 115
2 22
2 182
2 49
2 128
2 60
2 145
2 187
2 24
2 132
2 204
2 61
2 152
2 105
2 41
1 23 155
2 44
2 220
2 195
1 141 161
2 64
1 95 27
1 215 6
2 69
2 211
1 201 139
2 82
2 51
2 156
1 92 72
2 183
1 65 152
1 2 51
2 178
2 186
2 8
2 213
2 145
2 172
1 82 182
2 215
2 128
2 180
2 90
2 50
2 115
1 46 116
2 205
2 140
2 135
2 198
2 190
2 67
1 206 20
2 152
2 69
2 28
1 17 117
2 66
2 157
2 111
1 37 188
2 176
2 92
2 71
2 32
2 25
1 169 44
2 192
2 43
2 177
2 135
2 205
2 7
1 114 214
1 22 177
2 69
2 10
2 120
2 167
2 89
2 219
2 180
2 153
2 80
2 32
2 47
2 62
1 21 47
2 77
2 90
2 136
2 196
2 130
2 85
2 123
2 175
2 86
1 151 180
2 128
2 174
2 95
2 195
2 153
2 63
2 70
1 3 176
2 145
2 31
1 133 153
2 83
2 221
2 78
2 51
1 34 96
2 224
2 93
2 130
2 49
1 13 73
2 189
1 144 142
2 20
2 27
2 101
2 23
2 127
2 113
2 103
2 101
2 57
1 88 186
1 8 182
1 81 181
1 149 196
2 119
2 16
1 113 116
2 135
2 192
2 67
2 83
2 15
1 203 176
2 36
2 120
2 204
2 46
1 220 17
2 210
2 41
2 88
2 68
2 110
2 74
2 173
2 193
2 84
2 139
2 79
2 90
2 173
1 213 105
2 5
2 13
2 171
2 66
2 82
2 84
2 9
2 161
2 195
2 119
2 6
1 60 199
2 3
2 83
2 124
2 219
2 219
1 72 105
2 46
2 70
1 142 78
2 174
1 198 169
2 179
2 159
2 20
1 16 38
2 6
1 146 96
2 12
2 6
1 74 147
2 15
2 187
2 150
2 172
2 176
2 173
1 81 186
2 33
1 150 196
2 86
1 173 20
1 209 25
1 58 43
2 169
2 61
2 84
2 176
2 116
1 123 112
1 180 224
2 29
1 21 202
2 106
2 125
2 7
1 158 160
2 31
2 125
2 108
2 31
2 158
2 123
2 129
2 107
2 93
2 148
1 81 126
2 103
2 163
1 143 192
2 78
2 148
2 185
2 154
2 153
2 136
2 110
1 62 88
2 154
2 60
2 175
1 100 53
2 135
1 192 102
2 45
2 95
2 157
1 144 147
1 102 155
2 211
2 5
2 202
2 40
1 41 86
1 12 10
2 146
2 206
2 118
2 91
2 113
2 81
2 170
1 133 196
2 215
2 145
2 15
2 200
2 215
1 112 2
2 126
2 208
2 139
1 102 101
1 214 124
1 117 165
1 121 136
1 111 173
1 46 187
2 21
2 77
2 94
2 120
2 193
2 70
2 172
2 176
2 32
2 108
2 111
2 44
2 208
2 162
2 72
2 110
2 202
2 13
2 136
2 33
2 203
2 51
2 145
2 25
1 172 132
2 58
2 16
2 75
1 208 98
2 203
2 172
2 41
2 218
2 188
2 152
2 1
2 187
1 75 83
1 22 86
1 175 176
2 221
2 92
2 220
2 54
2 215
2 115
2 99
2 105
1 186 142
1 163 200
2 13
2 206
2 143
2 80
2 69
2 216
1 151 211
2 204
1 194 181
2 111
2 82
2 148
2 133
1 77 205
2 185
2 203
2 53
1 169 19
1 116 10
1 42 93
2 117
1 109 74
2 220
1 121 211
2 163
2 132
2 195
1 71 105
2 160
1 200 200
2 136
2 152
1 132 20
2 121
1 129 194
2 124
2 173
2 181
2 68
1 222 135
1 164 15
2 100
2 43
2 185
2 38
2 27
1 132 46
1 144 174
2 195
1 67 143
2 120
2 218
2 123
2 72
2 14
2 33
2 182
2 112
2 113
2 34
1 98 80
2 17
1 59 212
2 222
2 91
1 31 180
2 25
2 139
2 64
2 87
2 108
2 198
2 50
1 21 171
2 196
2 55
2 158
2 37
2 139
2 143
2 179
2 162
2 125
2 197
2 79
2 157
2 129
2 162
1 164 108
2 135
2 33
2 140
2 139
2 180
2 85
1 92 199
2 97
2 22
2 148
2 1
1 116 1
2 149
2 131
2 48
1 110 80
2 25
1 24 191
2 161
2 41
1 122 167
1 92 188
2 111
2 34
2 51
2 126
2 200
2 102
2 40
2 198
2 107
2 45
2 9
2 221
1 202 214
2 70
1 51 104
2 114
1 222 164
2 123
2 114
2 15
2 162
1 205 183
2 42
2 148
2 177
2 195
2 5
2 191
1 108 166
2 93
2 113
2 89
2 41
2 5
2 82
2 23
2 93
1 200 192
1 26 16
2 221
1 41 150
2 221
1 173 112
1 219 96
2 180
2 68
2 175
2 111
1 16 141
2 112
1 17 132
2 33
2 10
1 112 159
2 204
2 93
2 187
2 59
2 42
1 57 167
2 146
2 136
1 66 185
1 182 202
2 196
2 219
1 50 202
2 98
2 202
2 145
1 148 75
2 62
2 179
2 3
2 153
2 5
2 99
1 176 172
2 147
1 67 224
2 44
2 39
1 84 100
1 120 24
2 18
1 139 196
2 141
2 113
2 171
2 120
2 154
2 39
1 215 105
2 157
2 54
2 213
1 71 101
1 94 160
2 50
2 117
1 86 155
1 108 198
2 3
2 29
2 74
1 156 50
2 88
2 169
2 154
1 1 30
1 94 190
2 143
2 118
2 93
1 144 200
2 18
2 153
2 143
2 214
2 148
1 130 89
1 60 18
2 60
2 210
1 109 116
2 19
1 62 111
1 205 86
2 94
2 71
2 78
1 97 24
2 74
2 149
2 85
2 219
1 85 205
1 65 96
2 84
2 141
2 129
1 24 46
2 183
2 193
2 28
2 28
2 11
1 140 4
1 177 223
1 134 75
2 198
2 145
1 17 157
2 145
1 114 63
2 72
2 75
2 174
2 102
1 118 154
2 217
2 96
2 187
1 161 124
2 202
2 99
2 72
1 11 220
2 169
2 117
2 48
2 136
2 69
2 48
2 187
2 33
2 223
2 31
2 215
1 9 130
2 99
2 8
1 165 181
2 42
2 112
1 41 23
2 205
2 162
2 124
2 107
1 168 198
2 198
2 155
2 189
2 48
2 205
1 203 33
2 116
2 65
1 114 183
2 95
2 129
1 115 74
2 39
1 25 218
2 84
2 36
2 89
2 54
1 111 128
2 160
2 47
2 191
1 54 158
2 45
2 167
2 7
2 70
2 114
2 76
1 50 111
1 139 194
2 79
2 169
2 112
2 195
2 26
2 5
2 1
1 212 167
2 90
1 117 80
2 51
2 215
2 138
2 14
2 116
1 154 156
2 137
2 82
2 207
2 92
1 84 140
2 123
2 81
2 79
2 172
1 187 162
1 196 12
2 174
2 78
2 154
2 112
2 47
2 94
2 66
2 182
1 122 80
2 75
2 118
2 54
2 164
2 219
2 99
2 84
1 154 59
2 119
2 106
1 144 199
2 209
1 93 61
2 44
2 141
2 90
2 75
2 186
1 74 96
2 53
2 100
2 110
2 196
2 199
1 70 45
2 54
2 203
2 184
2 54
2 140
2 121
2 94
2 118
2 146
1 91 197
2 169
2 89
2 8
2 212
1 75 3
2 192
1 83 151
2 136
2 78
2 19
2 115
2 153
1 213 177
2 185
2 188
2 4
2 17
2 59
1 12 157
2 76
1 145 98
2 56
2 121
2 14
2 192
1 84 121
2 132
2 126
2 199
2 178
1 56 211
2 21
2 3
2 169
2 2
2 151
2 134
2 7
2 202
2 99
1 62 168
2 73
2 14
2 205
2 60
2 49
2 24
2 133
2 183
2 107
1 38 36
2 180
2 24
2 80
2 90
1 66 154
2 7
2 132
2 102
2 215
2 193
2 68
1 215 123
2 98
2 217
1 97 44
2 120
1 94 114
2 106
2 188
2 58
2 195
1 199 33
2 125
1 208 64
1 199 186
2 168
1 112 44
1 156 58
2 4
2 30
2 1
1 97 191
2 195
1 118 169
2 216
1 34 200
1 199 46
2 94
1 114 206
2 134
1 186 146
2 80
2 50
2 223
2 143
2 116
2 222
1 112 85
1 18 60
1 88 201
2 181
1 180 162
1 186 74
2 203
2 197
1 135 53
2 152
2 94
2 17
2 200
1 176 72
2 107
1 201 180
2 29
2 98
2 172
2 136
1 133 93
2 29
2 58
2 27
2 17
2 140
2 13
2 154
2 125
1 32 197
2 174
2 71
2 64
2 74
2 179
2 164
2 11
2 145
2 160
2 46
1 152 24
1 163 50
1 160 54
2 132
1 18 5
2 161
2 197
2 139
2 88
2 111
2 211
2 128
2 43
1 87 194
2 168
1 213 204
2 138
2 71
2 160
2 105
2 15
1 202 25
2 161
2 211
2 185
2 34
2 28
2 161
2 146
2 98
2 179
1 144 98
2 165
1 150 45
1 165 218
2 189
1 106 163
2 13
2 64
2 69
2 124
1 185 141
1 58 146
2 190
1 224 168
2 129
2 18
1 130 11
2 190
2 147
2 150
2 90
2 77
2 49
2 131
1 116 79
2 133
1 223 70
1 38 43
1 3 156
1 4 167
2 194
2 136
1 163 167
2 24
2 56
2 90
2 48
1 40 81
1 21 79
2 97
1 192 173
2 124
1 123 162
2 188
2 21
2 209
2 150
1 173 206
2 38
2 96
2 79
2 99
2 31
2 163
2 216
2 9
2 7
2 52
2 190
2 8
2 82
2 111
2 111
2 10
1 131 105
2 81
2 200
2 182
2 85
2 215
2 209
1 169 211
2 60
1 125 163
2 206
1 24 168
2 212
1 200 118
1 205 70
2 53
2 38
2 172
1 42 14
1 18 182
2 45
1 224 169
2 9
2 152
2 189
2 115
1 82 104
1 62 173
1 114 36
2 37
2 6
2 92
2 191
1 146 107
1 17 51
2 25
1 107 24
1 117 11
2 198
2 150
2 159
2 117
2 163
1 49 41
2 140
2 165
1 28 48
1 44 194
2 164
2 154
2 143
2 69
2 211
2 181
2 213
2 106
2 129
2 198
1 104 114
2 141
2 78
2 10
1 29 58
2 167
2 87
1 1 155
2 83
1 168 72
1 38 49
2 167
2 64
2 26
1 162 166
2 111
1 200 104
2 129
2 68
2 217
2 83
2 11
2 100
2 109
1 88 158
2 30
2 66
2 105
2 45
2 80
2 47
2 131
2 183
1 15 42
2 134
2 17
2 33
2 194
2 124
1 171 126
2 26
2 65
2 178
2 48
1 137 191
2 139
2 142
2 25
2 44
2 51
2 78
2 144
2 96
2 71
2 137
2 67
2 92
1 57 73
2 185
1 82 144
2 92
2 42
2 212
1 49 38
1 222 217
2 140
2 42
2 130
2 109
2 153
1 136 81
1 124 42
2 205
1 220 72
2 133
2 106
2 108
2 202
1 7 105
1 191 146
2 96
2 179
2 124
2 171
1 171 70
2 172
2 174
2 90
2 172
2 45
1 31 59
2 104
2 86
2 128
2 161
2 75
2 129
2 13
2 50
2 16
2 3
2 213
2 27
2 86
2 196
2 77
2 200
2 63
1 47 62
2 207
2 206
2 157
2 206
2 197
1 119 12
2 56
2 177
2 151
2 127
2 224
2 23
2 158
2 3
2 19
2 155
2 116
2 75
2 201
1 140 14
2 151
1 126 22
1 79 172
2 206
1 106 56
2 48
2 16
2 161
2 184
2 49
2 182
2 114
2 75
1 44 18
2 64
2 72
2 190
2 142
2 151
2 98
2 166
2 97
2 216
2 143
2 147
2 8
1 204 38
2 8
1 105 155
2 119
2 147
2 213
1 126 11
2 96
2 189
2 189
2 141
2 66
2 82
2 70
2 135
2 213
2 155
1 40 42
2 138
2 39
2 124
1 8 51
2 100
2 57
2 162
2 94
2 36
2 30
1 173 164
2 33
2 13
2 89
2 177
2 113
2 223
1 27 103
2 30
2 45
2 9
2 60
2 80
2 149
2 71
1 145 153
1 66 37
2 155
2 174
2 74
1 123 182
2 1
2 93
2 32
2 82
1 110 55
1 76 203
2 146
2 186
2 76
2 110
1 54 71
2 177
2 59
2 198
1 75 185
1 20 89
2 197
1 148 28
1 223 102
2 16
1 100 185
2 223
2 164
2 108
2 100
2 116
2 97
1 121 153
1 141 17
2 209
2 123
2 86
2 210
2 9
2 99
2 125
1 135 64
2 19
2 119
2 109
1 110 217
2 134
2 170
2 161
2 204
2 38
1 52 119
2 157
2 34
2 148
2 132
2 21
2 204
2 35
1 48 16
1 205 22
2 150
2 170
2 23
1 85 183
2 203
2 180
2 24
1 149 26
1 7 142
2 211
1 109 171
1 220 123
1 17 37
2 60
2 122
2 82
2 137
2 184
2 61
1 22 14
1 47 66
2 61
2 197
1 23 15
1 19 138
2 35
2 156
2 123
1 144 77
2 152
2 217
2 114
1 172 223
1 90 64
2 150
2 212
2 1
2 167
2 139
2 22
2 83
2 179
2 3
2 40
2 84
2 80
1 176 123
2 108
1 131 27
2 109
2 148
2 111
2 192
2 114
1 177 69
2 3
2 75
1 211 101
2 114
2 57
2 175
2 45
2 126
2 172
2 52
2 184
2 154
2 156
2 140
2 207
2 111
2 157
2 140
1 99 125
1 27 62
2 22
2 37
2 145
2 125
1 143 84
2 72
2 34
2 22
1 65 104
2 218
1 10 5
1 108 2
1 134 159
2 155
1 223 173
2 79
2 222
1 29 100
1 39 133
2 156
1 215 36
2 81
2 149
1 204 32
2 69
1 21 31
2 29
2 107
2 108
2 51
2 81
2 140
2 26
2 147
2 153
2 182
1 221 106
1 200 9
2 140
1 167 43
2 195
2 181
1 51 9
2 26
1 193 166
2 218
2 97
2 31
2 217
2 146
2 100
2 74
2 5
2 92
2 64
2 118
1 54 40
1 1 66
1 193 103
2 58
1 132 94
2 57
2 114
2 24
1 164 97
2 40
2 197
2 118
2 76
2 56
2 134
2 53
2 24
2 157
2 103
2 47
2 216
2 68
2 123
2 101
2 162
1 146 134
2 39
2 174
1 192 161
2 23
1 176 143
2 108
2 86
2 14
2 34
1 106 196
2 34
2 71
2 84
2 200
2 30
2 4
2 47
2 4
1 25 179
2 7
2 50
2 200
2 131
1 144 12
2 123
1 20 193
2 199
2 55
1 213 38
2 35
2 67
2 24
2 216
2 194
1 124 157
2 155
2 100
2 171
2 196
2 163
2 70
1 219 220
1 79 129
2 113
2 135
2 203
1 13 181
2 129
1 95 220
2 157
2 180
2 15
2 62
1 58 131
1 148 222
2 98
2 193
2 209
2 8
2 72
1 16 105
1 192 199
1 74 4
2 125
2 94
2 39
2 172
1 102 191
2 3
2 163
2 146
2 42
2 206
1 142 221
2 34
2 160
2 133
2 97
1 109 62
2 147
2 190
2 81
2 193
2 91
2 118
1 22 160
2 3
2 51
2 201
2 154
1 198 158
2 70
2 23
2 176
2 110
1 101 62
2 69
1 131 168
2 15
2 165
2 64
1 102 31
1 57 184
1 30 214
2 196
2 70
2 99
2 84
2 211
2 23
2 34
1 191 39
2 156
2 90
2 128
2 218
2 119
1 65 21
2 112
2 185
1 190 59
2 145
1 150 66
2 173
2 87
2 106
1 71 181
2 34
2 52
2 111
2 172
2 63
1 158 54
1 211 115
2 54
2 12
2 101
2 24
2 33
2 48
1 105 100
2 11
2 70
1 166 112
2 212
2 65
2 99
1 132 213
2 57
2 87
2 220
2 154
2 160
2 82
1 69 53
2 79
2 148
2 49
2 67
2 81
2 181
2 107
2 40
2 16
2 44
2 58
2 44
2 107
2 45
2 76
1 21 26
2 41
2 124
2 174
2 124
2 84
2 155
2 87
2 155
1 28 45
2 199
1 42 177
2 182
2 43
2 12
2 2
2 175
1 223 221
2 219
2 208
1 198 27
2 182
1 52 209
2 2
2 58
2 7
1 96 222
2 21
2 102
2 157
2 115
2 144
2 22
2 221
2 129
2 189
2 44
2 166
1 113 220
2 27
2 190
2 192
2 14
1 5 132
2 24
2 33
2 3
2 99
2 115
2 86
2 89
1 190 126
1 174 122
2 200
2 15
1 155 14
2 4
2 82
1 138 71
1 81 169
2 179
2 48
1 222 223
1 222 60
2 107
2 132
2 177
2 171
2 25
2 96
2 170
1 4 83
2 12
2 191
1 213 103
1 137 100
2 150
1 18 64
2 123
2 103
2 65
1 93 185
2 188
1 145 12
2 3
2 68
1 96 12
1 70 196
2 169
2 183
2 44
2 180
2 184
2 209
2 202
1 80 178
2 164
2 19
2 101
2 63
1 20 170
2 89
2 163
2 167
1 139 82
2 190
2 69
2 200
2 1
1 139 50
2 175
2 175
2 120
2 8
2 213
1 33 174
2 67
2 5
2 185
2 40
2 205
2 173
1 39 46
1 50 95
2 224
2 178
1 9 148
2 9
2 96
1 53 62
2 3
2 134
2 151
2 113
2 121
1 56 32
2 32
1 169 35
2 58
1 120 67
2 39
2 111
2 211
2 67
2 166
2 196
1 27 113
1 30 9
1 181 40
2 212
2 63
2 167
2 202
2 58
1 196 4
2 202
2 131
2 148
2 48
2 168
2 7
2 199
2 69
2 23
2 142
2 121
2 53
2 13
2 170
1 150 173
2 127
2 62
2 183
2 90
1 45 35
2 69
1 163 137
2 57
2 80
2 91
2 220
2 94
2 147
2 195
2 118
2 2
2 140
2 153
1 101 197
2 152
1 143 186
1 81 18
2 32
1 205 113
2 55
2 1
1 41 195
2 158
2 42
1 175 193
1 147 69
2 57
2 118
2 53
2 23
2 153
2 31
2 39
2 60
1 50 132
1 116 172
2 56
1 171 102
1 83 25
2 160
1 85 54
2 138
2 142
2 212
2 206
1 202 159
2 94
2 184
2 195
2 115
2 215
1 224 139
2 120
2 175
2 89
2 63
2 159
1 177 147
2 30
2 217
2 63
2 43
2 111
1 120 97
2 206
2 6
2 45
1 124 91
2 84
2 3
1 125 79
1 47 190
2 58
2 221
2 43
2 109
1 19 100
1 153 81
2 30
2 66
2 67
1 94 150
2 192
2 215
2 110
2 107
2 191
2 139
2 202
1 162 98
2 37
2 188
1 112 218
2 177
2 223
1 208 148
2 47
2 62
2 11
2 70
2 33
1 164 182
2 85
2 175
2 27
1 83 111
2 76
2 72
2 40
1 46 60
2 93
1 56 56
2 122
2 124
2 98
2 207
2 20
1 222 139
2 134
1 77 157
1 215 101
2 30
1 180 185
2 48
1 75 200
2 68
1 207 190
2 142
2 117
1 17 211
2 207
2 168
2 149
2 146
1 118 47
1 169 8
2 217
2 13
2 107
1 132 90
2 73
2 89
2 136
1 48 82
2 135
1 211 155
2 132
2 221
2 99
2 57
2 158
1 146 93
2 98
2 20
2 72
2 104
1 34 176
2 211
2 59
2 89
1 115 92
2 112
2 10
1 198 47
2 22
1 174 81
2 45
2 177
2 222
2 217
2 103
2 114
2 198
1 38 187
2 130
2 190
2 107
2 116
2 195
2 90
2 90
2 60
1 203 48
2 2
2 57
1 51 42
2 25
2 91
2 213
2 180
2 138
2 68
2 183
2 135
2 150
2 171
1 60 21
2 214
2 39
2 223
2 184
2 210
2 142
2 178
2 119
2 147
2 70
2 11
2 150
2 97
1 100 177
1 121 177
2 143
2 84
1 48 140
2 129
1 205 68
2 214
2 156
1 110 98
2 216
1 174 145
1 194 117
1 146 13
1 88 27
2 43
2 51
2 6
2 158
2 23
2 72
1 115 176
2 212
2 53
2 20
1 76 214
1 168 135
1 213 94
2 88
1 37 138
2 138
1 220 220
2 178
2 36
2 114
1 151 184
1 182 204
1 129 193
2 73
2 214
1 69 85
2 77
1 29 42
2 218
1 222 173
2 160
2 26
1 176 49
2 68
2 179
2 7
2 173
2 90
2 11
2 119
2 106
2 154
2 17
2 152
2 191
2 45
2 7
1 221 55
1 64 157
2 92
2 10
2 209
2 74
2 128
2 216
1 175 145
2 191
2 50
1 130 159
1 176 166
2 172
2 218
2 120
2 199
2 89
2 138
2 56
2 58
2 219
2 69
2 61
2 47
2 208
2 13
2 223
2 157
2 141
2 22
1 134 220
2 94
1 72 153
2 171
2 151
2 20
2 49
2 126
2 157
1 14 41
1 109 90
1 23 103
2 44
2 44
2 168
1 111 15
1 15 58
2 37
2 166
2 15
1 29 205
1 9 90
2 189
2 147
2 92
1 116 135
2 159
1 75 71
2 185
2 138
2 154
2 208
2 76
2 179
2 74
2 81
2 124
1 105 143
2 197
2 109
2 170
2 120
2 82
2 76
1 28 190
2 73
1 176 20
2 130
2 212
2 172
2 192
2 128
2 210
2 148
2 174
1 201 165
2 154
2 28
2 178
1 3 26
1 50 142
2 51
1 35 22
2 153
1 43 152
2 124
2 214
2 73
2 162
1 130 91
2 29
2 117
1 78 15
1 127 28
2 177
2 74
2 87
2 155
1 26 220
1 148 209
2 92
2 119
1 164 209
2 192
2 128
2 9
2 172
2 137
2 183
2 60
2 130
2 150
2 183
2 127
2 2
2 70
2 106
2 199
2 57
2 117
2 89
1 166 37
2 78
2 185
2 179
2 123
2 106
1 166 123
2 143
2 110
2 32
2 129
2 144
1 140 36
1 100 160
2 8
2 195
2 26
2 81
2 87
2 183
2 5
1 206 19
2 187
2 203
2 103
1 65 160
2 101
2 191
2 37
2 70
2 197
2 195
1 172 153
2 2
2 216
2 88
2 126
2 208
2 196
2 56
2 118
2 8
1 210 12
1 56 81
2 124
2 113
2 219
1 163 220
2 154
2 107
2 171
1 19 50
2 105
2 4
2 220
2 2
1 118 42
2 70
2 127
1 169 78
2 81
2 74
2 41
2 79
2 65
2 94
2 75
2 188
2 163
2 152
2 132
2 205
2 115
2 38
2 204
2 85
1 99 159
2 11
1 78 86
2 57
2 200
2 120
2 176
2 89
2 93
2 20
1 3 7
1 136 109
2 218
2 212
2 224
2 103
2 65
2 41
1 111 16
2 102
2 42
2 11
1 220 102
2 165
2 138
1 111 119
2 105
2 156
2 183
2 170
2 79
2 147
2 84
2 66
1 180 108
2 190
2 84
2 31
2 43
1 136 153
2 79
1 214 106
1 172 120
2 53
2 19
2 142
2 105
2 159
2 186
2 121
1 201 59
2 192
1 124 199
2 154
2 30
2 31
2 186
2 16
2 221
2 85
2 8
1 216 166
2 178
2 112
2 132
2 89
2 15
2 170
2 109
2 137
2 125
2 84
2 26
2 15
2 54
2 66
2 16
2 105
1 162 216
2 165
1 159 135
2 114
2 26
2 174
2 121
2 173
1 93 198
2 108
2 99
2 66
2 146
2 188
2 201
2 152
1 179 182
2 98
2 3
2 165
1 157 158
2 201
2 87
2 55
2 46
1 197 111
2 214
2 199
2 223
1 223 11
2 180
2 44
2 161
2 63
1 195 92
2 44
1 161 185
2 3
2 83
2 212
2 60
2 164
2 8
2 1
2 6
2 176
2 174
2 88
2 64
2 199
2 197
2 74
2 5
2 35
2 18
2 148
2 32
2 80
2 114
1 56 119
2 103
2 81
2 31
2 21
1 34 30
1 204 200
2 208
2 93
2 37
2 185
2 18
2 65
2 128
1 207 23
1 182 62
1 139 93
1 32 149
2 61
1 78 36
2 157
2 199
2 91
1 27 76
2 42
2 129
1 157 207
2 81
2 125
1 175 89
1 206 109
2 138
1 68 46
2 96
2 13
2 62
1 189 9
2 6
2 46
2 48
1 205 128
2 201
1 14 65
1 219 173
2 5
1 162 50
2 34
1 28 195
2 97
2 186
2 36
1 60 178
1 184 158
2 151
2 208
1 70 185
2 114
2 131
2 89
2 105
2 72
1 60 121
1 91 178
2 126
2 45
2 155
2 108
2 27
1 134 63
2 190
1 167 116
2 33
2 115
1 69 59
1 1 179
1 91 133
2 88
2 15
2 189
2 18
2 141
2 119
2 184
2 135
2 72
2 31
2 89
2 216
2 180
2 101
2 178
1 166 41
2 181
2 103
2 193
1 83 195
2 157
2 35
2 152
2 9
2 124
1 93 211
2 48
2 215
2 27
2 153
2 106
1 114 209
2 82
1 5 148
2 33
2 153
2 101
2 75
2 30
2 119
2 157
2 186
2 24
2 211
2 23
2 28
1 172 46
2 116
2 110
2 178
2 35
1 31 37
2 57
2 106
2 49
2 84
2 57
2 190
2 155
2 103
2 92
2 196
2 38
2 35
2 167
1 50 59
2 86
2 148
2 3
2 72
2 54
1 65 33
2 203
2 98
1 113 61
2 85
2 40
2 116
2 144
2 104
2 171
2 196
2 84
2 159
2 205
2 76
1 20 89
2 79
2 200
2 119
2 147
2 113
2 92
2 12
2 143
2 85
2 153
2 63
2 113
2 202
2 165
2 88
1 14 166
2 85
2 173
2 23
2 47
2 111
2 29
2 100
2 14
2 138
2 13
2 48
2 81
2 10
2 202
2 84
2 189
2 115
1 102 137
2 149
2 43
2 151
2 77
2 177
2 146
2 135
2 159
1 8 50
2 206
2 220
1 138 184
1 28 192
2 36
2 2
1 38 203
2 201
2 219
1 81 140
1 88 163
2 196
2 88
1 24 211
1 185 220
2 65
2 172
2 26
2 144
2 76
2 41
2 49
2 172
1 142 84
2 80
2 59
2 210
2 146
2 40
2 159
2 42
1 94 183
2 132
2 132
2 224
2 130
2 174
2 144
2 33
2 170
2 162
2 13
1 85 176
2 62
2 207
2 163
2 157
1 208 35
2 62
2 63
2 49
2 141
2 102
1 71 143
2 9
2 84
1 38 35
1 195 145
2 169
2 146
2 68
1 8 183
2 137
1 126 57
2 42
2 101
2 191
2 157
2 69
2 99
2 147
2 77
2 65
1 118 211
2 185
2 1
2 145
1 3 46
1 130 87
1 102 45
2 217
1 189 157
1 159 38
2 26
2 45
2 103
2 44
2 123
2 97
2 47
1 12 93
2 14
2 194
2 95
2 203
2 148
2 128
2 45
2 203
2 150
1 4 88
2 196
2 110
2 92
1 140 199
1 53 84
2 22
2 138
1 49 177
2 56
2 210
2 57
2 97
2 224
1 70 80
2 152
1 107 115
1 118 185
1 171 45
2 192
2 37
1 35 213
2 186
2 61
1 92 121
2 73
2 98
2 71
1 165 132
2 151
2 136
2 77
2 28
2 50
2 12
2 144
2 169
2 35
2 134
2 222
2 70
1 132 84
2 172
2 191
2 47
2 198
2 134
2 153
1 200 166
2 69
1 87 14
2 121
2 196
2 112
2 60
2 138
2 159
1 38 125
2 180
2 88
1 92 14
1 73 86
2 64
2 35
2 135
2 15
1 67 133
2 169
2 108
2 206
2 134
2 39
2 71
1 207 151
2 93
2 32
2 205
2 75
2 214
2 207
2 106
1 8 114
1 71 93
2 52
2 144
2 140
2 109
2 22
2 192
2 162
2 163
2 158
1 29 147
2 107
2 200
2 126
1 84 197
1 222 120
2 141
2 70
2 42
1 168 173
2 153
2 11
2 124
2 200
1 187 69
2 81
2 30
2 100
2 178
2 207
2 178
2 103
2 141
1 67 85
1 207 13
2 89
2 70
2 175
2 90
2 96
2 127
2 24
2 207
1 122 61
2 75
2 25
1 67 41
2 151
1 81 164
2 169
2 115
1 185 80
2 75
2 172
1 173 195
2 155
2 196
2 61
2 141
1 78 79
1 80 6
1 161 41
2 201
2 1
1 11 80
2 181
2 222
2 75
2 104
1 106 171
2 38
2 199
2 37
2 86
2 155
2 20
2 68
1 21 68
1 31 19
2 211
2 28
2 92
2 215
1 69 161
2 106
2 2
2 28
2 57
2 81
2 35
2 50
2 71
1 12 197
2 170
2 24
2 199
2 160
1 52 4
2 174
2 213
2 177
1 197 9
2 149
2 162
2 136
1 141 220
2 113
2 213
2 218
2 14
1 218 74
2 93
2 78
2 156
2 122
2 97
2 171
1 89 204
2 97
2 200
2 183
1 62 44
2 152
1 141 132
2 214
2 155
1 209 100
2 204
2 131
2 224
1 65 88
2 28
2 164
2 148
2 187
1 37 186
2 10
2 12
2 188
2 1
2 223
1 79 202
2 81
2 193
1 214 152
2 113
2 215
2 131
1 174 83
1 7 91
2 109
2 101
2 116
1 63 114
1 141 187
2 221
2 138
1 197 162
2 85
1 163 72
2 147
1 5 167
2 95
1 103 68
1 46 183
1 108 168
2 120
2 63
2 18
1 108 87
2 56
2 154
2 210
2 12
2 80
2 97
2 118
2 114
2 117
1 203 96
2 96
2 18
2 203
2 102
2 90
2 14
2 136
2 214
2 114
2 35
2 155
1 57 2
2 214
2 106
2 85
2 159
2 107
1 151 110
2 109
2 145
2 203
2 96
2 11
1 154 141
2 85
1 171 182
2 33
2 136
2 31
1 31 107
2 219
1 217 28
1 63 172
2 41
2 101
2 78
1 34 218
2 118
2 18
2 211
2 21
2 145
2 218
2 29
1 41 157
1 69 73
2 112
2 164
2 178
2 160
2 76
1 205 193
2 222
2 193
2 31
2 191
2 180
2 206
2 54
2 212
2 83
2 106
1 49 188
2 92
2 216
2 148
2 8
2 161
2 194
2 49
2 45
2 206
2 79
1 208 217
2 201
2 102
2 204
2 14
1 209 9
2 152
2 87
2 157
2 144
2 101
2 25
2 161
2 171
2 107
2 104
2 99
2 71
2 126
1 65 59
1 73 78
2 101
1 2 129
2 18
2 160
1 23 177
2 124
2 129
2 21
2 200
2 27
2 138
2 106
2 82
2 147
2 26
2 196
2 120
2 141
2 189
1 140 13
2 39
2 110
1 124 214
2 210
2 33
2 39
2 197
1 65 216
2 90
2 219
1 101 120
1 218 85
2 5
1 171 44
2 57
2 67
2 75
2 29
2 47
2 213
2 155
1 10 50
2 216
2 3
2 36
2 86
2 65
2 184
2 5
2 163
2 194
2 134
2 108
1 68 143
1 182 73
2 192
2 40
2 38
2 50
1 109 7
2 173
1 120 184
1 23 218
1 216 74
2 109
1 118 48
2 187
2 140
2 69
2 219
2 171
2 172
2 113
2 51
1 19 170
2 183
2 110
2 56
2 221
2 203
2 212
2 172
1 185 31
1 94 121
2 136
1 2 27
1 52 174
1 166 215
1 125 55
2 83
2 192
2 49
2 161
2 215
2 92
2 11
2 44
2 78
2 127
2 78
2 3
2 180
1 18 112
1 72 25
2 53
2 70
1 33 6
1 24 113
2 198
2 92
2 222
1 69 124
2 146
2 219
1 186 131
2 169
2 101
1 157 153
2 2
1 56 7
1 79 216
1 149 82
2 38
2 44
2 75
2 123
1 126 167
2 32
2 82
2 72
2 2
2 169
2 221
2 202
1 175 65
1 99 147
2 136
1 152 17
2 187
2 123
2 178
2 87
1 117 156
1 134 29
2 174
2 184
2 202
1 220 42
1 94 60
1 101 157
2 213
2 222
2 98
1 48 5
2 197
2 70
1 127 194
2 173
2 212
2 171
2 213
2 140
2 144
2 54
2 59
2 18
2 40
2 204
2 216
2 156
1 59 220
2 29
2 155
2 106
2 40
1 136 123
1 185 138
2 14
1 83 55
2 10
2 89
2 54
2 107
1 160 166
2 47
2 194
1 63 76
1 102 64
2 96
2 189
2 88
2 94
2 33
2 51
2 29
2 52
2 19
2 140
2 207
2 217
2 130
2 123
2 28
2 2
2 122
2 132
1 167 98
2 71
1 173 165
1 84 88
1 198 219
2 29
1 177 21
1 82 171
2 80
2 77
1 193 71
2 196
2 180
1 49 27
2 221
2 138
2 151
2 150
1 45 50
2 221
2 210
2 113
2 30
2 49
2 23
2 123
2 45
2 159
1 200 136
1 39 145
1 61 167
2 77
2 207
2 80
1 23 30
2 219
2 188
2 136
2 161
2 75
1 207 9
2 55
2 2
1 161 10
1 103 167
1 185 150
2 40
2 161
1 79 155
2 42
1 6 123
1 135 70
2 118
2 27
2 94
2 136
2 134
2 100
2 36
2 97
2 196
2 111
2 217
1 7 131
2 12
1 18 147
2 99
2 144
1 179 109
1 90 10
2 25
1 73 156
2 42
2 11
2 120
2 172
2 25
2 141
2 75
2 54
2 129
1 187 126
2 167
2 104
2 115
2 156
2 156
2 4
1 78 183
2 192
2 59
2 176
2 124
2 6
1 166 6
2 224
2 28
2 120
2 118
2 99
2 69
2 213
2 34
2 223
1 34 1
2 121
2 63
2 170
2 69
2 169
2 206
2 205
2 67
2 138
1 51 59
1 48 47
2 82
2 54
2 113
2 101
2 198
2 125
2 198
1 125 143
2 106
2 95
2 156
2 167
2 96
1 216 144
2 48
1 222 101
2 207
2 83
2 224
1 84 14
2 149
2 9
2 19
2 132
2 221
2 86
1 177 54
2 192
2 107
2 162
2 174
2 106
2 103
1 148 58
2 110
2 223
2 20
1 87 151
1 84 104
2 152
1 172 211
2 111
2 184
2 173
1 159 150
2 133
2 151
2 83
1 172 81
2 63
1 209 214
1 164 189
2 91
1 66 77
1 48 170
2 192
2 168
2 11
2 131
2 97
1 90 5
2 42
2 203
2 111
2 139
2 28
1 140 17
2 216
1 18 34
2 81
2 7
2 130
1 208 9
1 176 195
2 92
2 148
2 22
2 5
1 179 128
1 94 144
2 85
2 52
2 203
2 109
1 81 14
1 161 118
2 112
2 39
2 100
2 16
1 91 116
1 141 116
2 10
2 156
2 47
2 180
1 82 64
2 162
1 202 194
2 219
2 26
1 28 125
2 44
1 52 31
2 192
2 39
1 53 66
2 195
2 90
2 1
1 68 34
1 46 4
2 40
1 159 169
2 155
2 27
2 182
2 189
1 75 3
2 223
2 4
1 83 93
2 179
1 127 212
1 44 215
2 84
2 125
2 155
2 29
1 198 210
2 162
2 153
2 68
2 199
2 216
1 35 147
2 151
1 95 111
1 181 76
2 224
2 43
2 127
2 78
2 153
2 134
2 84
1 194 106
2 136
1 168 170
2 147
2 164
1 174 128
1 25 47
2 97
1 93 223
2 171
2 183
2 103
1 185 144
2 162
2 189
2 198
2 149
2 197
2 104
2 87
1 171 133
2 139
1 77 137
2 119
2 50
2 81
2 148
2 60
1 30 121
2 3
2 140
2 195
2 194
2 90
2 158
2 94
2 59
2 80
2 160
2 199
2 138
1 46 137
1 2 166
1 217 40
2 132
2 96
2 196
2 95
1 113 189
2 57
2 215
2 172
2 65
2 144
2 223
1 210 39
2 23
2 55
2 68
2 64
2 191
2 119
2 212
2 26
1 63 144
2 71
2 45
2 204
1 209 202
1 66 112
2 89
2 141
2 218
2 86
1 165 217
2 2
2 153
2 108
2 138
2 158
2 48
2 175
2 20
1 132 86
2 91
2 158
2 196
2 77
1 147 113
1 69 114
2 93
2 200
2 117
2 209
2 25
1 134 36
2 158
2 221
2 130
2 67
2 13
1 84 38
2 196
2 175
1 146 139
2 217
2 52
2 47
2 219
2 49
2 203
2 165
2 211
2 145
1 174 29
1 129 66
2 101
2 165
1 9 80
1 1 142
2 66
2 151
2 31
2 58
1 148 94
2 135
2 223
2 81
2 72
1 61 190
1 52 3
2 60
2 198
2 95
1 94 58
2 25
2 205
2 192
1 48 47
2 179
1 193 35
2 40
2 197
2 72
2 104
1 52 57
2 207
2 106
2 208
1 197 40
1 150 103
1 197 149
2 23
2 196
1 169 11
2 141
2 211
1 87 167
2 143
2 38
1 41 210
1 153 182
2 22
2 66
2 176
2 117
2 120
2 223
2 194
2 77
2 124
1 40 162
2 55
1 77 219
1 62 15
2 115
2 183
2 140
2 141
2 60
2 217
2 80
2 213
1 4 38
2 84
1 21 123
2 213
2 94
2 133
2 159
2 182
1 117 193
2 129
2 120
2 154
2 162
1 222 26
1 131 110
2 80
2 35
2 87
2 47
2 142
2 18
1 208 6
1 176 65
1 113 56
2 42
2 172
2 159
1 142 66
2 54
1 52 88
2 138
1 17 93
2 171
2 115
2 211
2 201
2 164
1 203 174
2 140
1 91 170
1 9 107
2 158
2 162
1 93 171
1 109 39
2 151
2 148
2 6
2 24
2 98
2 2
2 113
1 135 75
2 195
2 65
1 112 188
2 100
2 60
2 36
2 90
2 85
1 9 90
2 128
2 140
2 115
2 223
2 192
1 182 35
2 22
2 107
1 101 207
2 32
2 139
2 223
2 86
2 76
2 54
2 161
2 89
2 27
2 50
2 32
2 221
2 125
2 133
1 83 115
1 211 25
2 84
2 163
1 130 14
2 184
1 120 153
1 43 51
2 188
1 39 67
1 65 63
2 197
2 170
2 191
2 80
2 15
2 96
2 104
1 143 63
1 39 87
2 177
1 29 140
2 163
2 158
2 140
1 71 151
2 126
1 122 205
2 137
2 145
2 58
2 206
2 66
2 174
2 68
2 83
2 107
1 157 137
2 73
1 190 95
2 91
2 21
2 5
1 122 149
2 179
2 73
2 212
1 215 42
2 172
1 79 55
1 12 191
2 180
2 101
2 22
2 4
2 134
2 166
2 29
1 81 174
1 122 33
1 208 75
1 156 71
2 210
2 126
2 94
1 42 66
2 63
1 6 200
2 109
1 165 137
1 117 87
2 111
2 186
2 161
2 25
2 113
2 62
2 153
2 95
2 221
2 129
1 69 201
2 178
1 70 90
2 59
2 55
1 135 112
2 71
2 159
2 94
2 11
2 65
1 73 131
1 41 35
1 205 107
2 158
2 4
2 1
2 39
2 102
1 38 12
2 19
2 65
2 81
2 91
1 111 35
2 16
2 182
2 152
2 202
1 31 78
2 127
2 115
1 113 159
2 220
2 77
1 18 61
1 188 23
2 171
1 152 186
2 205
1 27 141
2 111
2 156
2 42
2 45
2 54
2 24
1 157 101
1 46 33
2 106
2 175
2 79
2 13
2 51
1 204 63
2 187
1 218 21
2 160
1 80 85
2 103
2 71
2 186
1 203 131
2 129
1 145 208
2 29
1 73 141
1 135 108
2 111
1 219 1
2 155
2 217
1 182 94
2 33
2 224
2 58
1 12 10
1 91 32
1 123 104
1 135 14
2 109
1 5 103
1 8 33
2 224
2 1
1 113 129
2 112
2 77
2 119
2 184
1 118 96
2 93
2 18
2 52
2 199
2 101
2 159
1 110 31
2 206
2 90
2 14
1 218 186
2 112
2 203
2 37
2 74
1 190 91
2 113
1 49 40
1 211 70
1 192 100
2 174
2 100
2 76
1 149 38
2 36
1 171 131
1 20 204
1 81 167
2 193
2 116
2 59
2 174
2 166
1 5 211
2 105
2 59
1 66 96
2 101
2 62
2 140
2 83
2 34
1 167 3
2 155
2 177
1 55 171
2 72
2 25
2 152
2 112
2 8
2 191
2 130
1 83 141
2 37
1 15 157
2 113
2 81
2 99
1 145 141
2 216
2 15
2 115
2 29
2 59
2 29
2 109
1 217 122
2 29
2 20
1 160 133
2 17
2 77
1 143 217
2 7
1 197 148
2 25
2 5
2 27
1 89 136
1 81 33
2 205
2 81
1 73 85
2 89
2 59
2 98
2 112
2 200
1 219 14
1 42 114
2 69
2 120
2 170
2 204
2 149
1 88 57
1 44 40
2 127
2 79
2 117
2 71
2 114
1 202 190
2 91
1 46 205
2 121
2 59
2 157
2 216
2 136
1 159 175
2 157
2 56
2 133
1 98 96
2 162
1 164 140
2 160
1 16 19
2 165
2 149
1 60 13
2 195
1 211 17
2 143
1 193 43
1 181 12
2 155
2 205
2 185
2 126
1 127 145
2 163
2 87
2 25
2 183
2 163
1 108 204
2 140
2 2
2 224
1 84 27
2 160
1 210 47
2 99
1 6 36
2 99
2 210
2 220
1 215 30
1 98 105
2 110
2 41
1 148 22
2 46
2 175
2 161
1 27 131
1 33 166
2 131
2 9
2 155
1 116 185
2 86
1 169 195
1 82 127
2 103
2 53
1 93 90
1 90 116
2 130
2 157
1 23 92
2 148
2 178
2 78
2 125
2 28
2 3
1 93 10
2 11
2 135
2 23
2 161
2 82
2 30
2 91
2 201
2 199
2 173
2 172
2 106
2 27
2 188
2 165
1 89 47
2 223
2 24
2 54
2 44
2 159
1 82 210
2 173
2 192
1 38 139
2 143
1 146 215
2 152
2 5
2 73
2 111
2 158
2 20
2 211
2 221
2 188
2 109
2 5
2 1
2 86
2 185
2 138
2 218
1 73 222
1 145 131
2 207
2 6
2 94
1 205 90
2 169
2 208
2 44
2 176
1 144 168
1 202 81
2 195
1 35 192
1 52 194
2 34
2 101
2 95
1 209 57
2 25
2 47
2 138
1 24 95
2 191
2 65
2 198
2 159
2 98
2 59
2 94
1 165 194
2 131
2 48
2 221
2 154
2 144
2 115
2 33
2 133
2 43
2 113
2 81
2 143
2 147
2 174
2 118
2 46
1 173 94
2 169
1 108 180
2 47
2 122
2 144
2 90
2 176
2 8
1 162 150
2 84
2 157
2 221
2 207
1 216 76
2 160
1 179 115
2 1
1 190 176
2 219
1 34 43
2 137
2 148
2 58
2 166
2 40
2 130
2 55
1 194 30
2 82
2 139
1 81 67
2 128
2 205
2 44
2 122
2 193
1 18 26
2 55
2 58
1 113 80
2 105
1 172 33
2 27
2 150
2 109
2 106
2 20
2 161
2 139
1 106 184
2 3
2 61
2 36
1 99 211
2 76
2 142
2 132
2 150
1 147 34
2 124
2 211
1 88 220
2 76
1 111 81
2 184
1 186 91
1 156 173
2 7
2 48
2 210
2 135
2 10
2 10
1 191 93
2 54
2 169
1 61 151
1 164 110
2 221
1 30 152
1 161 159
2 208
2 181
2 55
2 176
2 105
1 60 69
2 113
2 14
1 88 164
2 123
1 159 119
1 188 47
2 220
1 209 204
2 165
2 50
2 194
2 12
2 203
2 91
2 107
2 172
2 139
1 189 59
2 84
2 7
2 33
2 206
1 77 201
1 95 27
2 64
2 195
1 20 146
2 207
1 150 155
2 64
2 59
2 210
2 141
2 143
1 89 124
1 38 197
2 132
2 169
2 40
2 151
2 157
1 138 185
2 164
2 57
2 210
2 187
2 63
2 142
2 11
1 168 48
1 153 179
2 97
1 18 204
2 77
1 143 214
1 136 153
2 64
2 105
1 189 103
2 110
2 154
2 29
1 39 137
1 217 212
1 109 5
1 55 81
1 69 166
1 76 190
2 11
2 44
2 156
2 138
1 134 163
1 162 131
2 171
2 160
2 116
2 34
2 195
2 36
2 152
2 83
2 116
1 85 159
2 16
1 194 152
2 132
2 216
2 31
2 161
2 63
2 9
1 203 75
2 110
2 106
2 68
2 177
2 179
2 216
2 32
1 218 86
2 177
1 194 79
2 131
2 141
2 149
1 1 223
2 206
2 169
2 147
2 91
2 90
2 42
2 201
2 20
2 157
1 106 127
2 184
1 191 197
2 211
1 150 81
2 132
1 184 46
2 94
1 5 55
2 142
2 58
2 101
2 44
1 96 42
2 152
2 58
2 63
2 76
1 220 219
2 28
2 133
2 16
1 83 70
2 1
2 151
2 28
1 122 196
1 35 63
2 76
2 31
2 35
2 95
2 197
2 154
2 186
2 133
2 91
2 196
2 1
2 41
2 39
2 96
2 197
2 150
1 54 180
2 184
2 121
2 130
2 112
2 135
2 156
1 81 6
1 139 6
2 180
2 209
2 1
2 186
2 25
2 83
1 132 139
2 124
2 43
1 207 65
2 198
2 188
2 1
2 161
2 86
2 104
2 201
2 42
2 133
2 140
2 46
2 98
2 43
1 1 115
2 66
2 117
1 30 138
2 41
2 132
2 61
2 165
1 210 206
2 214
2 210
1 93 224
2 147
2 111
2 29
2 85
2 18
1 123 155
2 164
1 145 162
1 27 102
2 12
2 140
2 1
1 174 189
2 92
2 38
2 131
2 103
2 31
2 199
2 146
1 189 22
1 126 183
2 99
2 171
1 71 44
1 163 90
2 158
1 1 67
2 131
2 4
1 35 219
2 60
2 179
2 34
2 149
2 119
2 19
1 43 185
1 95 123
2 208
2 218
2 219
2 210
2 218
2 128
2 41
2 95
2 210
2 50
2 119
2 124
1 201 166
1 53 133
2 90
2 19
2 68
1 73 53
2 66
2 10
1 167 196
2 129
2 19
2 187
1 90 183
2 162
2 82
2 128
1 79 212
2 33
2 171
1 107 52
2 9
1 62 47
1 49 176
2 67
2 48
2 187
2 60
1 98 142
2 97
2 161
2 120
1 10 66
2 117
1 83 221
2 145
2 82
1 91 167
2 188
2 173
2 188
1 18 157
2 100
1 79 36
1 198 100
2 135
1 206 27
2 203
2 16
2 157
2 208
2 210
2 57
2 64
2 134
2 48
2 181
2 105
2 156
2 187
2 212
2 3
2 103
1 186 118
2 215
1 81 185
2 123
1 83 187
2 217
2 51
2 96
2 124
2 154
1 145 175
1 120 178
2 222
2 100
2 224
2 183
2 147
2 75
2 191
1 39 55
2 89
1 15 87
2 197
1 141 213
2 73
1 112 211
2 14
2 189
1 176 147
2 98
2 134
2 221
2 42
2 57
2 219
2 89
2 11
1 171 224
2 19
2 119
1 181 4
2 145
2 9
2 172
2 194
1 206 190
2 23
2 19
1 202 186
2 136
2 186
2 67
1 196 46
2 72
2 59
2 19
2 138
2 118
2 151
2 193
2 32
2 99
2 208
1 108 193
2 175
2 166
2 91
1 63 146
1 161 204
2 52
2 91
1 43 78
2 209
2 19
2 101
2 162
2 162
1 148 117
2 45
2 109
2 163
2 56
2 76
2 196
2 185
2 7
2 12
2 180
1 153 67
1 142 101
2 175
1 3 163
2 144
1 88 54
2 3
2 17
2 17
2 76
1 17 82
2 28
2 223
1 144 66
1 157 166
1 203 54
2 141
2 146
1 121 200
2 219
1 151 168
1 106 19
1 123 197
1 22 188
2 170
2 88
2 135
1 123 113
2 125
1 212 47
2 204
2 44
2 170
2 14
2 172
1 122 70
1 178 188
2 201
1 42 64
2 176
1 25 160
2 22
2 98
2 97
1 153 13
2 98
2 33
2 26
1 200 192
1 26 27
2 2
2 13
1 62 188
1 182 219
2 75
2 204
2 151
1 166 35
2 135
1 171 213
2 107
1 73 143
2 99
2 87
2 126
2 191
1 20 148
2 222
2 9
2 108
2 98
2 65
2 56
1 55 141
2 33
1 131 48
2 5
1 52 38
2 170
2 119
1 24 170
2 118
2 132
1 176 5
2 112
2 74
2 166
2 217
2 62
2 118
2 96
2 174
1 84 119
1 203 180
2 20
2 117
1 17 213
2 21
2 3
2 176
2 42
1 122 16
2 117
1 220 212
2 169
2 14
2 192
2 210
2 107
2 83
2 111
2 34
2 78
2 7
1 165 48
1 62 159
2 178
2 29
1 92 69
1 105 99
2 192
1 59 170
2 141
2 162
2 121
2 161
2 42
1 64 89
1 126 119
2 175
1 58 84
1 222 208
1 97 171
1 181 5
2 7
2 190
2 5
2 108
2 82
1 2 145
2 127
2 4
2 93
1 86 176
1 83 31
1 179 201
1 7 78
2 14
2 172
1 195 129
2 8
2 181
2 3
2 104
2 165
2 108
1 216 59
1 75 185
2 125
2 166
2 111
2 145
1 95 197
2 96
1 23 49
1 224 51
2 103
2 62
1 174 31
1 105 47
2 65
2 167
2 50
2 80
1 90 28
2 159
2 131
2 161
2 123
2 6
2 134
2 177
2 117
2 206
1 30 24
2 137
2 127
2 8
2 159
2 202
2 128
2 100
2 180
2 60
2 155
2 120
2 127
2 87
2 211
2 107
2 208
2 169
2 77
2 61
2 17
2 76
2 154
2 177
1 4 108
2 31
2 183
2 153
2 214
2 47
1 16 153
2 130
1 6 206
2 66
2 129
2 163
2 129
1 193 109
1 172 172
2 102
2 18
2 190
2 35
2 144
2 36
2 147
2 173
1 116 110
2 116
1 27 35
1 107 99
2 191
2 109
1 116 111
2 17
1 74 147
2 89
2 188
2 86
2 75
2 50
1 78 165
1 200 72
2 178
2 3
1 184 111
1 75 222
2 91
2 108
1 1 196
2 60
2 134
2 173
2 172
1 168 209
2 15
2 179
1 97 181
1 57 67
1 131 160
2 94
1 127 202
2 195
2 133
1 31 31
1 25 75
2 193
2 7
2 114
1 47 210
1 31 138
2 112
1 111 3
2 87
1 211 160
2 108
1 39 138
2 56
2 45
1 99 199
2 177
2 11
2 170
2 126
2 101
1 223 83
2 8
2 208
2 105
2 70
1 217 80
2 144
2 156
2 84
2 14
2 90
2 3
2 142
1 86 114
1 180 197
2 60
2 203
2 118
2 91
2 116
2 50
2 59
1 94 14
2 107
2 41
2 148
2 143
2 128
1 161 180
1 156 15
2 6
2 135
1 126 169
1 72 90
2 2
2 21
2 21
2 161
1 129 84
2 47
2 103
2 168
2 179
2 168
2 72
2 107
2 73
2 92
2 141
2 17
2 135
2 71
1 160 4
1 116 203
2 123
1 2 162
2 181
2 50
2 75
1 130 50
1 181 14
2 193
2 100
2 166
2 89
2 35
2 79
2 70
2 144
2 131
1 129 183
2 178
2 30
2 112
2 146
2 189
1 4 220
1 22 33
2 111
2 110
2 152
2 16
1 147 38
2 4
2 114
2 215
2 213
1 208 164
2 147
2 187
2 219
2 172
2 14
2 196
2 100
2 222
2 148
1 152 207
2 189
1 74 179
2 62
2 47
1 77 194
2 135
2 186
1 35 180
2 61
2 176
2 147
2 50
2 190
1 149 209
1 117 58
2 180
2 78
2 88
2 164
2 160
2 17
2 61
1 189 121
2 12
2 14
1 105 179
2 177
2 6
1 187 160
2 143
2 121
1 110 146
2 165
1 206 54
2 42
2 20
2 213
2 90
2 88
2 148
1 19 123
2 200
1 146 147
2 168
2 211
1 60 38
2 140
2 15
2 157
2 214
2 220
2 56
1 203 122
2 184
1 106 42
2 63
2 6
1 2 144
2 150
2 153
2 214
2 29
2 72
2 173
2 223
2 61
2 139
2 171
2 67
2 107
2 114
1 155 147
2 170
2 187
2 190
2 9
1 102 192
2 10
2 85
2 171
2 67
1 200 13
2 42
2 128
2 50
2 217
2 201
2 105
2 181
2 13
1 175 114
2 126
2 39
2 99
1 4 165
2 203
1 59 116
2 187
2 33
2 170
2 199
2 204
2 159
2 22
2 192
2 150
1 98 188
2 196
2 50
2 81
2 88
2 15
2 198
2 104
2 9
2 41
2 55
2 145
2 167
2 39
2 160
2 143
2 146
2 39
2 121
2 191
2 130
1 150 103
1 29 170
1 104 210
2 30
2 24
1 74 163
2 215
2 109
1 189 126
2 3
1 14 217
2 93
2 11
2 193
2 143
2 44
2 220
2 19
2 170
2 168
2 97
2 174
2 67
2 203
1 12 171
2 4
1 163 94
2 181
2 106
2 168
1 89 163
2 107
1 17 98
1 220 194
2 169
2 73
2 122
1 93 68
2 193
1 41 158
2 93
2 105
2 36
2 151
2 196
2 103
2 3
2 80
2 213
2 211
1 202 204
2 166
2 164
2 59
2 36
2 40
2 163
2 162
2 125
2 35
2 206
2 32
2 198
2 144
1 181 76
2 32
1 108 175
2 209
1 151 20
2 62
2 5
2 180
2 64
2 198
1 136 92
2 67
1 62 210
2 115
2 99
2 70
2 96
2 63
1 168 82
2 6
2 47
1 56 210
2 210
2 164
2 51
2 188
2 188
2 16
2 75
2 96
2 64
2 161
2 39
1 208 177
2 83
2 118
2 80
1 220 135
2 117
1 126 176
2 89
1 59 135
2 45
2 183
2 164
2 10
2 191
1 27 44
2 122
1 181 73
1 176 207
2 68
2 121
2 82
2 208
2 216
2 184
1 76 67
2 67
2 202
1 36 101
1 207 94
1 163 38
2 210
1 101 53
2 94
2 140
2 118
2 166
2 110
2 87
1 161 153
2 11
2 32
2 134
2 76
2 48
1 219 33
1 192 181
2 61
2 75
2 209
2 176
2 207
1 82 31
1 11 27
2 68
2 137
1 167 212
2 86
1 85 118
1 52 170
2 208
2 115
2 148
2 41
2 98
1 97 1
1 203 27
2 46
2 76
2 218
2 111
2 4
2 196
2 118
1 20 197
2 134
2 196
1 102 210
2 222
2 90
2 156
2 170
1 167 117
2 160
2 205
2 151
2 177
2 37
1 150 9
1 155 71
2 51
2 65
2 42
2 102
2 46
1 217 119
2 205
2 63
1 192 173
2 15
1 57 51
2 206
2 198
2 1
1 58 173
1 70 86
2 43
1 149 131
1 43 34
1 30 193
1 222 13
2 108
1 88 158
2 166
2 39
1 89 91
2 133
2 44
2 182
2 222
2 216
2 20
2 66
2 90
2 143
2 170
2 206
1 151 48
2 14
2 115
2 177
1 202 32
2 195
1 217 64
2 80
1 210 201
2 131
2 5
1 135 174
2 117
2 192
2 20
2 25
2 147
1 222 125
2 129
2 189
1 127 155
2 55
2 145
1 15 82
1 31 89
2 169
1 16 8
2 35
1 136 40
2 209
1 100 184
1 66 20
1 64 46
2 215
2 20
2 168
2 124
2 62
1 14 138
2 118
1 206 74
2 21
1 112 153
2 72
1 86 91
1 149 137
1 139 66
2 18
1 149 141
2 82
1 156 219
1 49 115
2 218
2 151
2 34
2 62
1 140 147
2 100
2 172
2 178
1 16 195
1 36 207
2 118
2 189
2 108
1 99 13
2 117
2 145
2 210
2 223
1 1 162
2 168
1 160 217
1 47 188
1 82 170
2 71
1 171 55
2 55
1 217 157
1 27 173
2 108
2 160
2 27
1 104 66
1 135 58
1 53 117
1 6 159
2 77
2 169
2 11
2 27
2 124
2 221
2 200
1 194 136
2 220
2 183
1 149 189
2 185
1 75 74
2 105
2 67
2 208
1 18 78
2 212
1 133 80
1 108 184
2 115
2 78
2 94
2 111
2 192
2 43
2 112
1 19 55
2 26
2 167
2 84
1 126 156
1 206 76
1 37 158
2 76
2 193
2 20
2 196
2 118
2 222
1 47 16
2 17
2 65
2 180
2 188
2 176
1 159 123
1 195 56
2 47
2 64
2 86
2 155
1 3 168
2 104
2 21
2 103
2 67
2 210
2 217
2 38
1 97 160
1 67 216
2 113
1 179 72
2 64
2 54
2 42
2 42
2 208
2 101
1 14 34
2 100
2 160
1 215 32
1 140 99
2 31
2 216
1 27 102
2 124
2 210
1 214 27
2 69
2 40
1 84 170
2 55
2 110
2 58
2 8
1 112 167
2 194
2 83
2 131
2 216
2 212
2 19
2 191
2 180
2 135
2 48
1 190 115
2 29
2 80
2 17
2 170
2 160
2 198
2 202
2 19
2 59
2 121
1 109 79
1 211 85
2 130
2 192
2 204
2 63
2 223
2 25
2 66
2 143
2 179
2 206
1 222 136
2 118
1 223 68
1 81 152
2 82
1 47 101
2 138
2 198
1 210 94
2 51
2 94
1 200 85
2 45
2 45
2 71
1 29 10
1 205 34
2 62
2 38
2 14
2 68
2 183
1 49 135
2 70
2 127
1 57 36
1 10 81
2 177
1 19 186
2 223
2 141
2 189
2 189
2 224
1 28 55
1 76 189
2 17
2 26
2 216
2 118
2 142
1 50 218
2 107
2 94
2 123
1 162 172
2 11
2 118
2 98
2 114
2 69
2 221
2 159
1 28 149
2 169
1 7 34
2 113
1 92 86
2 117
2 87
2 129
2 191
2 99
2 152
2 77
1 124 43
2 208
2 108
1 14 12
2 143
2 28
2 6
1 74 218
2 32
2 8
1 161 46
2 168
1 162 116
2 61
2 181
1 3 160
1 112 171
2 31
2 23
1 57 7
2 50
2 165
2 118
1 148 163
2 188
2 136
2 101
1 13 153
1 111 88
1 95 130
2 125
1 82 185
2 89
2 63
2 131
2 59
2 198
2 174
1 197 86
2 73
2 124
1 42 106
2 10
2 185
2 196
1 151 157
2 111
2 217
1 125 139
2 196
2 204
2 145
2 103
2 120
2 27
2 73
2 47
2 108
2 119
2 148
2 107
1 28 197
1 80 98
2 191
1 191 42
2 207
2 60
2 209
2 8
1 35 11
2 85
2 30
2 165
1 216 143
1 116 116
2 195
1 176 33
1 14 75
2 92
2 42
1 148 5
2 124
2 187
2 91
2 48
2 116
2 157
2 124
2 22
1 115 106
1 147 130
2 93
2 214
2 26
2 52
2 110
2 36
2 65
2 23
2 164
2 175
2 141
2 112
2 135
2 139
2 20
2 45
1 124 34
2 21
2 163
2 76
2 53
2 18
2 42
2 86
2 48
2 160
2 165
1 1 38
2 147
1 22 191
1 17 96
1 37 159
2 54
2 172
2 125
2 29
2 63
2 185
2 40
2 72
2 88
2 17
2 90
1 87 57
2 104
2 138
2 182
2 162
2 48
2 60
1 40 1
2 26
1 24 65
2 95
2 135
2 28
2 32
1 62 184
2 37
2 95
1 133 194
2 68
1 93 127
1 132 223
2 158
2 191
2 102
1 10 12
2 37
2 130
1 144 185
2 53
2 28
1 43 222
2 110
2 18
2 11
1 10 177
2 160
2 48
1 76 57
2 174
1 130 175
2 146
2 3
2 45
2 42
2 220
2 69
1 208 81
2 4
2 164
2 122
2 5
2 29
1 78 74
1 207 24
2 128
2 161
1 75 63
2 34
2 204
2 162
2 54
1 159 16
2 116
1 9 216
2 134
2 19
2 12
2 7
2 1
2 106
2 206
2 83
2 1
2 213
2 217
2 54
2 153
1 138 65
2 1
2 155
2 25
1 128 122
2 169
2 147
2 64
2 217
2 111
1 80 195
2 169
2 48
2 37
2 201
1 177 73
2 107
1 4 116
2 221
2 132
2 148
1 54 20
1 200 130
1 151 196
2 95
2 141
2 211
1 134 56
1 78 130
2 42
1 119 101
2 216
2 216
2 60
2 31
2 117
2 76
2 3
2 10
1 86 39
2 158
2 91
2 121
2 186
2 1
2 135
2 167
2 89
2 170
2 208
2 122
2 93
1 17 38
2 194
2 180
1 25 223
2 207
2 186
2 25
2 87
2 59
2 46
2 79
2 153
2 8
2 173
1 87 62
2 100
2 101
2 3
2 149
1 204 139
2 116
2 84
2 67
2 103
2 33
2 198
2 116
2 108
2 178
2 221
2 165
2 160
2 221
1 15 61
2 25
2 27
2 42
1 222 151
2 205
2 32
2 17
2 32
2 179
1 157 175
2 97
2 74
2 38
2 169
2 142
1 57 40
1 98 140
2 24
2 71
2 22
1 191 41
2 186
2 104
2 41
2 86
2 188
2 120
1 88 218
2 153
2 118
1 19 129
2 138
2 52
1 13 44
2 53
2 17
2 42
2 183
2 188
1 119 107
2 183
2 25
1 91 170
2 111
2 58
2 197
1 144 61
1 187 116
1 126 4
2 167
1 85 194
2 125
2 175
2 143
1 52 179
2 93
2 57
2 133
2 125
1 67 57
1 126 172
1 27 47
2 65
2 84
2 123
2 122
1 12 136
1 159 186
2 28
1 187 179
2 207
2 126
1 104 15
2 51
2 72
2 110
1 25 193
2 19
2 164
2 59
2 116
2 37
2 117
2 81
2 19
2 214
2 80
1 30 29
2 141
1 112 122
1 8 90
2 123
1 90 86
2 165
1 29 74
2 145
2 48
2 37
2 172
2 157
2 210
2 55
2 30
2 119
2 46
2 64
2 88
1 125 27
2 197
2 135
2 71
1 83 30
1 160 201
2 93
1 1 22
2 94
2 108
2 60
1 163 123
2 123
2 60
1 112 129
2 118
2 50
2 22
2 10
1 152 122
1 168 122
2 110
2 88
1 171 147
2 206
1 49 104
2 109
2 47
1 103 165
2 25
2 165
2 92
1 126 213
2 165
2 143
2 69
2 139
2 121
2 93
2 172
2 197
2 95
2 36
2 55
2 94
1 23 68
2 112
2 88
1 6 165
2 56
2 205
2 217
2 93
1 107 136
2 175
2 22
1 99 91
2 54
2 128
2 28
2 59
1 90 51
2 30
2 25
2 6
2 223
2 54
2 85
2 106
2 125
2 196
2 90
2 52
2 90
2 173
2 58
1 181 205
2 82
2 131
1 11 220
2 214
2 138
2 111
2 77
2 210
2 105
2 10
1 221 99
2 169
2 181
1 18 33
2 195
2 92
2 49
2 114
2 105
2 79
2 13
2 193
2 74
1 42 83
1 38 53
2 78
2 149
2 3
1 87 70
2 179
2 139
2 113
2 114
2 126
2 120
1 40 214
2 80
2 181
1 164 105
2 113
2 168
2 189
1 4 34
2 54
2 1
2 146
2 48
1 45 119
2 197
2 105
2 110
2 155
2 170
2 149
2 221
1 71 186
1 170 219
2 96
2 175
2 142
2 78
2 138
2 61
2 98
1 181 79
2 207
2 116
1 132 45
2 96
2 167
2 156
1 6 123
1 180 57
2 49
2 115
2 201
2 169
2 115
1 24 61
2 7
2 219
2 92
2 106
2 142
2 105
2 167
2 107
2 156
2 43
1 166 101
1 116 45
2 102
1 202 162
2 81
1 142 91
2 117
2 121
2 5
1 81 172
2 59
2 127
2 176
2 147
1 168 38
1 122 11
2 195
2 156
2 28
1 13 199
2 177
2 192
1 63 144
2 35
2 37
1 55 213
2 201
1 39 110
1 32 120
2 2
2 142
1 190 86
1 36 19
1 2 82
2 64
1 37 194
2 170
2 224
2 98
2 166
2 181
2 167
2 128
2 110
1 188 171
2 93
2 21
1 79 102
2 15
2 119
2 16
2 210
2 189
2 183
2 90
2 143
2 183
2 168
1 186 3
2 60
2 189
2 140
2 149
1 153 219
2 9
2 50
2 122
2 173
2 15
2 187
2 166
2 75
1 182 133
2 68
2 78
2 15
1 43 163
1 67 158
2 75
2 25
1 33 39
1 208 149
2 43
2 59
2 29
2 113
1 22 52
2 99
2 14
2 94
2 175
2 205
2 11
2 175
2 52
1 31 132
1 148 174
2 207
1 87 21
1 23 138
2 118
2 191
2 70
2 50
1 220 127
2 102
2 88
2 70
2 50
1 53 69
2 15
2 94
1 40 182
2 177
1 208 189
2 82
2 219
2 22
2 129
2 187
2 151
2 216
2 127
2 23
2 53
1 214 146
1 29 103
2 206
2 178
2 102
2 171
1 37 193
2 166
2 17
2 54
2 175
2 93
2 142
2 162
2 21
2 58
2 153
2 127
2 205
2 197
2 210
1 52 50
2 89
1 10 176
2 200
2 222
2 11
2 99
2 61
2 222
2 40
2 18
2 20
2 77
2 109
2 28
2 208
2 120
1 31 71
2 6
2 100
1 78 111
2 121
2 130
2 34
1 11 51
2 31
1 27 214
2 185
2 29
1 167 149
1 69 91
2 75
2 146
2 108
1 30 101
2 31
2 205
2 101
2 21
2 48
2 216
1 8 9
1 144 47
1 88 116
2 134
2 214
2 176
1 56 77
1 3 107
2 207
2 131
1 70 133
2 213
2 200
1 5 177
2 51
1 100 38
2 9
2 89
2 147
2 215
2 222
1 74 156
2 123
2 52
2 66
2 53
2 55
1 66 103
2 212
2 127
2 119
2 220
2 167
2 136
2 109
2 118
2 161
1 80 95
2 143
2 190
2 221
2 211
2 218
2 146
1 141 43
2 148
2 209
2 148
1 216 32
2 205
1 158 41
2 28
2 50
2 86
1 152 201
2 182
2 117
2 175
2 17
1 53 54
1 15 73
1 102 104
2 83
2 180
2 223
2 19
1 10 104
1 162 80
2 119
2 32
1 192 161
1 144 213
2 177
2 107
1 105 82
2 187
2 50
2 140
2 200
2 10
2 96
2 30
2 33
2 138
1 15 74
1 31 62
2 207
1 116 55
2 198
1 100 115
2 153
2 70
2 58
2 78
1 217 204
2 25
2 44
1 137 213
1 167 51
2 21
2 26
2 124
2 96
2 209
2 24
2 107
2 39
1 197 64
1 176 194
1 74 110
1 83 98
1 121 20
2 142
2 151
1 98 117
2 193
1 189 217
2 167
2 89
2 84
2 143
2 90
2 77
2 51
2 72
2 56
2 41
1 66 63
1 163 180
2 132
2 17
2 202
2 203
2 54
2 186
2 65
2 155
2 25
1 172 193
2 3
2 160
2 221
2 195
2 177
2 162
1 39 29
2 93
2 116
2 165
2 214
1 128 16
2 25
2 62
1 211 64
2 146
2 16
2 73
2 64
2 80
2 5
2 90
2 115
1 115 151
2 200
2 154
2 141
2 83
2 42
1 137 61
2 15
2 198
2 217
1 182 72
1 59 52
2 156
2 210
2 188
2 22
2 37
2 130
2 190
2 127
2 212
2 217
2 134
2 89
2 194
2 70
2 201
1 147 4
2 5
1 121 112
2 206
2 50
2 9
2 186
2 17
1 193 105
2 102
2 7
2 136
1 136 149
1 128 168
2 61
2 17
1 155 182
2 78
2 18
2 214
2 220
2 120
2 207
2 161
2 172
2 155
1 139 176
1 42 119
1 199 162
1 27 92
2 157
1 201 46
2 62
1 217 163
2 52
1 149 84
1 192 86
2 160
2 142
1 42 36
1 16 69
1 138 160
2 167
2 142
2 197
2 76
1 14 59
2 30
2 99
2 47
1 161 78
2 78
2 97
2 162
2 54
2 218
2 44
2 157
1 115 2
2 63
2 17
1 78 46
2 48
2 118
2 48
2 160
1 109 128
2 46
2 132
2 201
1 63 8
1 215 122
2 122
2 84
2 177
1 56 120
2 71
1 184 214
2 215
2 59
2 64
1 197 195
2 45
2 186
2 79
2 46
1 170 101
2 179
1 184 106
2 39
2 152
2 37
2 180
2 33
2 86
1 14 152
2 59
2 61
2 160
1 155 132
2 32
2 200
2 18
2 96
1 129 23
2 166
1 74 60
2 19
1 6 128
2 10
2 153
2 168
2 146
2 188
2 97
2 47
1 136 224
2 160
2 42
1 69 135
2 224
2 16
2 137
2 183
2 105
2 184
2 167
1 114 130
2 210
2 190
2 30
1 153 189
2 67
2 33
1 15 32
2 31
2 116
2 102
2 150
1 189 70
2 165
2 28
2 40
2 177
2 176
1 198 12
1 136 125
1 208 140
2 187
2 87
2 87
1 84 108
1 144 49
2 84
2 166
2 143
2 216
2 134
1 33 18
1 169 142
1 152 153
2 115
2 19
1 24 79
2 132
2 163
2 137
2 155
2 61
1 36 53
2 42
1 36 59
1 204 72
1 132 97
2 118
2 70
2 186
2 169
1 114 107
2 122
2 42
2 157
2 203
1 181 20
1 217 174
1 68 21
1 71 117
2 188
2 158
1 112 177
1 172 163
2 59
2 131
1 131 159
2 109
2 11
2 23
2 173
2 166
1 199 13
2 190
2 108
2 185
2 172
1 38 110
2 96
1 150 68
2 84
2 151
2 4
2 216
2 98
2 43
2 128
2 120
1 127 99
2 87
1 131 71
2 112
2 193
2 15
1 99 98
2 25
2 129
2 58
2 144
2 48
2 82
2 73
2 101
2 102
2 103
2 129
2 119
2 41
2 105
1 112 203
2 137
1 74 183
2 79
2 25
2 152
2 196
2 25
2 139
2 98
1 5 3
1 219 93
1 136 197
1 24 47
2 32
2 191
2 130
1 155 154
2 82
2 206
2 28
1 188 25
2 204
1 121 164
2 85
2 127
1 112 22
2 101
1 131 67
2 36
2 36
1 217 214
1 198 167
2 218
2 21
2 205
1 104 17
2 188
2 38
1 164 59
2 40
2 94
2 184
1 185 91
1 49 80
1 22 118
1 16 119
1 223 196
1 103 212
2 66
2 201
2 106
2 17
2 209
2 220
2 110
2 35
2 101
2 199
2 104
2 9
2 203
2 193
2 110
2 75
2 219
2 101
2 182
1 213 167
2 80
2 112
2 16
2 104
2 129
1 105 95
2 102
2 81
2 81
2 122
2 108
2 78
2 88
2 197
2 74
2 156
2 182
2 167
2 134
2 112
2 144
2 79
1 151 159
2 103
2 53
2 200
2 79
2 127
2 27
2 59
1 102 210
2 132
2 166
1 63 53
2 78
2 125
2 153
2 125
2 151
1 32 222
2 111
2 215
2 79
1 27 175
2 108
1 169 131
2 209
1 94 126
2 224
2 111
2 181
2 150
2 155
2 200
2 164
2 105
2 201
1 157 152
2 40
2 118
2 102
2 10
2 99
2 66
1 38 89
1 144 111
2 171
2 98
1 7 220
1 137 197
1 70 220
2 109
2 143
2 124
2 160
2 86
2 128
2 124
1 2 139
2 220
1 42 189
1 144 185
1 56 29
1 125 120
2 106
2 8
2 170
2 191
2 177
1 135 130
2 95
2 187
1 223 47
2 188
2 125
2 52
1 144 213
1 39 78
2 180
2 185
1 176 152
2 224
2 11
2 28
1 133 214
2 3
2 155
2 195
2 209
2 204
2 107
2 38
2 54
2 141
2 214
1 133 90
2 209
2 189
2 204
1 193 153
2 100
2 161
2 203
2 189
2 17
2 177
2 30
2 16
2 212
1 103 120
2 162
2 65
2 211
1 95 179
1 66 151
2 99
1 2 116
1 151 4
2 104
2 28
1 41 166
2 142
2 88
2 78
2 44
2 50
2 42
2 156
2 26
2 78
2 149
1 174 76
2 172
2 94
2 159
2 13
2 147
1 86 126
2 148
1 81 69
2 218
1 59 197
2 206
2 184
2 114
1 78 182
1 128 51
2 158
2 164
2 75
2 113
2 193
1 16 145
1 143 139
1 73 111
2 55
1 42 57
2 46
2 103
2 133
1 21 162
1 185 94
2 148
2 98
1 114 113
1 91 31
2 107
2 30
1 29 190
2 181
2 180
2 214
1 190 110
2 128
2 126
1 88 145
2 185
1 188 73
2 150
2 184
2 78
1 125 202
2 130
2 161
1 120 22
2 182
2 171
1 193 72
1 56 216
2 113
1 85 185
2 10
2 221
2 109
2 38
2 131
2 116
2 92
2 88
1 65 219
2 149
2 82
1 114 73
2 2
1 83 59
2 188
2 199
1 70 56
2 27
2 49
2 125
2 26
2 108
2 78
2 110
2 199
2 154
2 79
2 212
1 85 189
1 46 163
1 115 90
2 142
2 155
2 48
2 181
2 49
2 209
2 27
2 140
2 49
2 58
2 45
2 128
2 55
2 44
2 160
2 129
1 153 59
2 72
2 156
2 144
1 186 181
2 82
2 174
2 26
2 173
2 66
1 47 120
2 187
2 57
2 47
2 216
1 205 63
1 137 40
2 81
2 173
2 51
2 97
2 37
2 97
2 137
1 121 128
2 83
2 190
2 188
2 41
2 48
2 12
2 15
2 8
2 48
2 162
2 124
1 96 195
1 170 108
1 66 11
2 149
2 100
2 115
2 111
2 85
1 162 12
2 37
2 178
2 46
2 111
1 72 206
2 124
2 119
1 88 129
2 108
1 197 178
2 139
2 193
2 116
2 107
2 135
2 136
2 43
2 73
2 66
2 223
1 172 117
1 131 117
2 15
1 223 64
2 137
2 24
2 210
2 82
2 129
2 80
2 121
2 35
2 139
2 202
2 131
2 128
1 83 154
2 223
2 210
2 161
2 78
2 66
2 121
1 199 71
2 65
2 161
2 43
2 154
2 50
2 82
1 193 36
2 115
2 129
1 184 161
2 133
2 117
2 192
2 178
2 213
2 101
2 85
2 224
2 130
1 170 211
1 10 118
2 220
2 171
2 79
2 20
2 179
2 61
2 37
2 56
2 224
2 143
2 170
2 193
2 159
2 158
2 147
2 73
2 170
2 110
2 221
1 106 47
1 167 193
1 52 120
2 51
2 84
2 188
2 199
2 32
2 67
2 131
2 102
1 159 88
2 55
1 31 32
2 39
2 195
2 122
2 121
2 108
2 146
2 173
2 205
2 103
2 106
1 36 79
1 67 167
2 217
2 181
2 125
2 190
2 173
2 153
1 2 37
1 147 203
1 138 183
1 17 102
2 121
1 192 146
2 6
2 163
2 124
2 29
2 24
2 34
2 148
2 207
2 87
2 35
2 11
1 155 123
2 44
2 71
2 37
1 113 204
2 113
2 14
1 188 37
2 93
2 27
2 96
2 25
1 213 44
2 173
2 102
2 114
1 81 221
1 97 205
2 52
1 78 65
1 41 197
2 134
2 107
2 182
1 193 22
1 12 1
1 209 199
2 98
2 55
2 188
2 43
2 75
2 145
2 80
1 112 159
2 198
1 6 27
1 198 48
1 209 145
2 65
2 24
2 181
2 96
2 102
2 83
2 17
2 187
2 27
2 30
1 144 39
2 42
2 67
1 192 147
1 17 83
2 40
1 52 214
1 67 91
2 21
2 14
2 101
1 18 143
2 106
2 49
2 199
2 9
2 218
2 40
2 13
2 146
2 58
2 86
2 194
2 17
2 97
2 80
1 24 223
2 1
2 7
2 131
2 79
2 27
1 201 133
2 111
2 215
2 28
2 164
1 30 52
2 126
2 152
2 178
2 33
2 177
2 25
2 169
2 116
2 80
1 71 69
2 92
2 115
2 6
2 212
2 201
2 33
2 211
2 83
2 11
1 56 146
1 11 90
2 222
1 82 58
2 150
1 191 80
2 182
1 44 169
2 116
2 152
1 214 130
2 93
2 204
1 158 8
2 23
2 124
2 188
2 118
1 186 180
1 80 137
1 219 177
2 110
1 163 2
2 68
1 135 80
2 155
1 155 185
2 37
2 54
2 41
2 208
2 126
2 177
2 165
2 86
2 152
2 115
2 180
2 98
2 37
2 116
1 48 76
2 84
2 9
2 72
2 35
1 176 178
2 85
2 164
2 166
2 180
2 117
2 13
2 192
2 203
2 194
2 126
1 206 156
1 161 99
2 67
2 222
2 37
2 10
2 124
2 67
2 6
2 181
2 13
2 35
2 198
1 209 195
1 191 126
2 223
1 68 65
2 66
2 144
2 61
2 14
2 58
2 112
2 144
2 220
2 132
2 136
2 163
2 1
1 104 118
2 200
1 159 83
2 115
2 141
2 216
2 58
1 118 41
1 37 138
2 200
2 174
2 21
1 89 21
1 192 138
2 39
2 142
1 92 32
2 8
2 81
2 8
2 151
2 130
2 58
1 162 199
2 145
2 59
1 16 171
2 25
2 110
2 200
2 183
2 191
2 53
2 223
2 144
1 204 145
2 133
2 17
2 88
1 101 146
1 212 92
2 109
2 93
2 93
2 157
2 32
2 216
2 217
2 190
2 126
2 221
2 28
1 12 115
2 113
2 86
2 223
2 80
2 34
2 208
2 83
2 3
1 42 49
2 188
2 179
2 125
2 91
2 155
2 42
2 87
1 158 154
2 3
2 191
2 32
2 7
2 96
2 63
1 58 4
1 72 54
2 196
2 216
2 30
2 36
2 52
2 35
2 59
1 183 121
2 214
2 143
2 38
2 37
2 81
2 210
1 61 15
2 160
2 215
2 68
2 35
2 106
1 69 164
1 123 60
2 112
1 222 182
2 149
2 52
2 2
1 126 63
2 217
2 26
2 27
1 201 61
2 82
1 24 21
1 146 176
1 129 48
2 87
2 139
1 105 16
2 141
1 112 64
1 78 185
2 104
2 188
1 9 45
1 129 161
2 50
2 70
2 31
2 137
2 101
1 60 212
2 201
2 218
2 133
2 97
2 174
2 179
2 126
2 215
2 31
2 176
2 105
2 140
2 10
2 40
2 155
2 75
2 155
2 139
2 138
2 150
2 32
2 41
1 198 127
2 100
2 10
1 42 107
2 109
2 219
2 181
2 46
2 152
2 195
2 6
2 172
2 35
2 130
2 104
2 74
2 170
2 139
2 53
1 150 33
2 16
2 60
1 194 186
1 41 28
2 143
2 170
1 138 116
2 85
2 145
2 28
2 138
2 116
2 58
1 95 161
1 18 220
1 83 54
1 220 81
2 138
2 64
2 98
2 124
2 174
1 180 73
2 93
2 90
2 40
2 121
1 27 10
2 87
1 121 112
2 202
2 97
1 69 146
2 23
2 152
2 58
2 13
2 200
2 121
2 34
2 122
2 117
2 78
2 95
2 187
2 47
2 150
2 132
2 177
2 213
2 94
2 211
2 173
2 196
1 187 5
2 84
2 148
2 60
2 181
1 185 10
2 24
2 223
2 199
2 181
2 151
2 104
1 123 52
2 94
2 124
2 23
2 80
2 164
2 41
2 140
2 2
2 121
1 185 148
2 7
2 65
1 121 168
1 19 91
2 208
2 1
1 73 79
1 115 19
2 155
2 150
2 11
2 149
2 40
2 145
2 47
1 75 167
2 112
1 210 85
2 164
2 184
2 36
2 222
2 99
2 160
2 52
2 104
2 181
2 143
1 61 189
2 8
2 173
2 155
2 75
2 194
2 25
1 68 209
2 121
2 97
2 170
2 194
1 219 150
2 9
2 220
1 47 3
2 92
1 97 122
2 162
2 195
2 39
2 139
2 31
1 176 182
2 196
2 183
2 172
2 199
2 209
2 84
2 210
2 76
2 168
2 212
2 178
2 136
2 184
2 117
2 71
2 57
2 193
2 103
1 4 173
2 213
2 5
2 169
2 19
2 91
2 109
1 179 154
2 41
1 219 158
2 161
2 157
2 40
2 176
2 143
1 197 3
2 202
2 28
1 188 149
2 189
2 179
2 59
2 56
2 49
1 15 81
2 171
2 99
2 201
2 4
1 219 102
2 196
2 83
2 106
2 183
2 9
1 181 163
2 12
2 207
2 189
2 155
2 216
2 92
1 148 191
1 142 68
1 114 210
2 81
2 22
2 34
2 48
2 193
2 98
2 189
1 106 123
2 113
2 121
2 51
2 43
2 57
2 179
2 192
2 123
2 119
1 188 149
2 145
1 158 18
2 122
2 108
2 174
2 102
2 39
2 81
1 15 137
2 65
2 222
2 77
2 57
1 211 77
1 131 161
2 21
2 211
2 141
2 148
2 204
1 143 131
1 95 145
1 125 210
2 218
2 47
1 75 156
2 23
2 6
2 177
2 217
2 224
1 40 19
1 19 203
2 150
2 217
2 163
2 151
2 207
2 84
2 116
2 2
2 70
2 65
2 32
1 184 127
2 224
1 170 114
2 68
2 13
2 77
2 49
2 85
2 140
2 31
2 151
2 138
2 135
2 114
2 131
1 165 192
2 85
1 58 80
2 64
2 135
2 139
2 111
2 183
2 135
1 25 61
2 162
2 122
2 41
2 142
2 196
1 153 152
1 82 7
2 146
2 70
1 205 125
2 76
2 37
2 39
1 142 27
2 165
2 106
2 51
2 63
2 3
2 46
2 41
2 150
2 118
2 214
2 216
1 46 170
1 127 81
1 44 107
2 208
2 168
1 177 62
2 70
2 178
2 22
2 39
2 51
2 134
2 222
1 136 139
2 44
1 118 13
2 224
2 164
2 211
2 174
2 187
2 80
2 6
1 5 140
2 55
2 149
2 37
1 198 175
2 17
2 76
1 171 75
2 206
2 154
2 117
1 8 8
2 19
1 221 119
2 140
1 190 64
2 2
2 207
1 37 96
2 112
2 82
2 163
2 2
2 109
2 37
2 126
2 102
2 152
2 33
2 168
2 2
1 96 177
2 144
2 223
2 197
2 136
2 29
2 129
2 147
2 28
2 20
2 11
1 111 6
1 50 45
2 147
2 217
2 93
2 185
2 190
1 180 198
2 208
2 188
2 63
2 99
2 197
2 175
1 137 52
1 58 193
2 204
2 15
2 26
2 7
2 212
2 167
1 223 151
2 58
2 130
2 96
2 111
2 20
2 34
2 203
2 39
2 166
2 110
1 93 36
2 176
2 158
2 175
2 141
2 85
2 148
2 201
1 77 98
2 155
2 50
1 93 185
1 35 28
2 23
1 117 17
2 11
2 158
1 74 170
2 31
2 222
1 28 214
2 125
1 100 128
2 201
2 74
1 30 198
2 148
2 147
1 5 29
2 35
2 60
2 64
2 31
1 215 154
2 160
2 210
2 53
2 107
