86587 5509
2 2620
1 14720 60508
1 78517 39349
2 6535
1 19989 22767
1 25379 25800
2 18317
2 11443
1 59728 26378
2 53473
1 71517 73719
2 42849
2 15665
1 76627 30384
2 82251
2 66402
1 75973 82293
2 59279
1 42878 85078
2 61194
2 66835
1 64340 6625
2 78351
2 15559
1 16148 18946
2 78938
2 32041
1 52006 27704
2 31820
2 42096
1 42714 14787
1 85591 60404
2 20737
2 31160
1 42768 84911
2 81658
1 42166 60552
1 21651 15967
1 46603 48007
1 59147 36250
2 4379
2 67842
2 64717
2 35089
1 56445 86001
1 34873 77700
1 38179 76023
1 33249 10164
1 54340 54704
2 70306
2 59616
2 64630
2 75639
1 83679 50516
1 76121 75771
2 24622
2 84654
2 58437
1 62273 12823
2 51708
1 25444 22410
2 79783
1 37655 24040
2 57810
2 60161
2 52481
1 489 63535
2 37148
1 77201 22308
1 35807 6881
1 29284 29693
1 21479 41939
2 46923
2 84619
1 15413 82812
1 58071 54034
2 31644
1 14558 56132
1 38632 65662
1 4762 16814
1 31460 52620
2 69468
1 35562 80838
1 77501 7102
1 15801 5133
2 31213
2 10148
2 55391
1 81466 73360
2 51010
1 72539 77210
1 37840 7436
1 69299 20595
2 52180
1 14667 6969
1 5580 14070
2 21380
2 50077
2 67684
2 62953
1 40113 18370
1 74020 69379
1 20511 20540
1 18889 27975
1 1600 48569
1 14318 25018
1 68412 25927
1 82481 3965
2 62221
1 40488 3857
2 16853
1 75454 35222
2 23425
1 28497 43935
2 7100
1 74192 45524
2 83299
1 86405 68856
1 68230 8195
1 24662 59285
2 47422
1 35358 51278
2 52210
2 58610
2 5042
2 26522
1 47047 72739
1 70408 20882
1 55908 17593
2 55726
1 39491 84494
1 54130 22568
1 9538 30528
1 44895 81805
2 57644
2 64584
1 20622 20570
2 14699
2 39364
2 51436
2 70240
2 38377
2 37021
2 6847
1 53957 21515
2 42373
1 48561 65192
2 4317
1 54668 19897
2 34233
1 69732 859
2 11299
1 78757 62734
1 62409 44029
2 29765
2 19235
1 76514 73191
2 55086
2 57382
2 54707
1 68501 39285
2 1811
2 9593
2 71591
2 58084
1 58338 50253
2 79882
1 24142 13754
1 65730 32988
2 16195
1 395 71280
2 57776
2 71478
2 70252
2 48080
2 73161
1 74929 58164
2 46425
1 47538 57217
2 1371
1 66385 15124
2 6066
1 2475 22261
1 2869 6953
2 21183
2 37568
1 39494 22281
2 72094
1 73606 60435
1 62806 67398
1 70883 38027
2 72253
2 25140
1 23678 31206
1 73278 53466
1 36685 20957
2 57867
2 9542
2 29692
1 81114 15198
2 68132
1 68232 44351
2 71331
1 15547 77212
2 18480
1 22765 2696
1 39869 75973
2 45753
1 42469 17727
2 32667
2 70195
1 19629 64721
1 20843 6805
2 49613
2 51786
2 878
2 24980
1 46351 1282
1 49046 55916
2 85558
2 5191
2 80434
2 30054
2 57850
1 49411 38017
2 918
1 6263 75183
1 17956 40381
2 18833
1 2296 41686
1 50703 716
1 20031 86201
2 57997
2 69274
1 35386 59866
2 6648
1 48844 44664
2 49762
2 325
1 46483 65406
2 63260
1 28606 26094
2 17159
2 591
2 17905
1 59530 36440
1 2755 48821
2 23159
1 15244 17762
1 20446 11823
1 84506 59273
2 44401
2 19522
1 82869 48127
1 82744 25824
2 43873
2 70608
1 61187 20460
1 24480 69281
2 47638
2 1665
1 49123 22110
1 69934 67154
2 3053
2 48537
2 14243
2 78365
2 1513
1 35190 45385
2 19210
1 1523 209
1 26002 69489
1 73640 21514
1 12990 70636
2 3624
2 33917
2 17573
1 62606 47811
2 67963
2 63277
1 17727 59005
1 44650 38753
1 46172 38961
1 72173 68988
1 19764 3914
2 32754
1 47089 83503
2 41544
1 20056 60966
1 67866 55170
2 67993
2 45518
1 51402 34329
2 3567
2 50491
1 68517 83203
1 38679 63505
2 32417
1 63930 40044
1 66412 81588
1 86467 16505
1 67746 32213
2 9690
2 49130
2 36550
1 60267 656
1 71296 3722
1 28450 36314
1 52494 25694
1 69829 50162
2 84080
1 233 30394
1 16738 57962
1 48950 61574
2 34099
1 84325 31187
1 18543 31842
1 50377 82689
1 39366 32416
2 5272
1 56225 75100
1 14331 72593
1 61690 63525
1 78427 34899
2 1328
2 17883
1 41665 62746
2 70316
2 19532
1 5617 15634
2 44982
2 8333
2 27235
2 85891
2 39426
1 76456 14528
2 47273
2 4810
2 15360
2 54660
1 64024 77945
2 8291
1 18546 58882
2 81305
1 4859 50431
1 15650 38204
2 62080
2 1906
2 45194
1 64425 5879
1 29773 42656
1 52131 57855
1 76693 9751
1 45522 3473
1 17817 49938
2 80582
2 1470
2 78111
1 74698 53603
2 37142
1 14144 14114
2 67148
1 29677 70343
1 42347 2149
1 79578 11899
1 38513 62497
1 56329 72973
2 10862
2 1819
1 79831 2031
2 7385
1 22284 29452
1 36397 76483
2 41513
1 43691 5865
2 45839
2 15448
2 41430
2 41311
1 70827 27697
2 42227
2 53448
1 69786 16017
2 77170
2 46684
1 66371 83081
1 258 85132
2 43948
2 59622
1 47103 35608
2 1945
2 70449
2 34345
2 57727
2 1513
2 29243
1 40603 53643
1 74724 13739
2 15046
2 60046
1 55903 10624
1 67977 30785
1 28492 66392
2 30436
2 83113
1 24794 8083
2 61904
2 39924
1 41432 80526
1 24390 68662
1 74507 83708
2 47965
2 27355
2 32212
1 10451 62863
2 37381
1 28210 27830
2 72408
2 80134
2 75066
1 41081 703
1 35019 66568
1 64219 67250
2 61339
2 33589
2 66057
1 74177 35340
1 50452 33113
1 39391 61322
1 24855 47142
2 65528
2 11634
1 2792 59462
1 84936 86568
1 62568 67231
2 84445
2 11777
1 85402 25031
2 34154
1 30738 27806
1 70128 2540
1 55522 10221
1 81588 19058
1 71334 68976
2 34397
2 48533
1 3843 29176
1 1701 48521
2 80984
1 57284 21809
1 27097 13085
2 57995
1 80038 12299
2 3671
2 7685
1 65435 39558
1 74526 34493
1 83597 69117
2 73312
1 46186 35245
2 1122
2 45418
2 6225
1 36014 83722
2 79764
1 16759 52988
2 6515
2 24648
1 21307 37428
1 55799 78071
2 38329
1 51285 80796
1 47069 68930
1 50726 27760
2 17489
1 63296 14624
2 17012
2 82030
2 7128
1 51748 31775
1 73055 29741
1 2805 21225
1 1672 57194
1 43007 52761
1 72475 9989
1 60773 37271
2 34997
2 16727
1 78117 69061
2 22067
2 65872
1 21375 21393
1 11654 44466
1 32878 6051
2 3484
2 75967
1 78858 61854
2 16347
2 24581
2 31575
1 35177 45256
2 17650
2 59820
2 41328
1 75750 23260
1 816 67725
1 80820 34314
1 44842 53233
2 22164
2 64966
1 61849 61543
1 80299 6530
1 76014 12324
1 7076 74368
2 61451
2 59389
2 12906
1 11967 41169
1 53325 75482
1 11580 42128
1 33743 48169
2 3756
2 31077
2 64268
1 39166 53694
1 31150 21308
1 82954 43297
1 55755 54448
2 17500
1 57300 86065
1 6733 34648
2 48860
2 86138
1 42464 50432
2 34080
2 19217
1 48485 33449
1 79634 54756
2 36539
1 51832 5707
2 67962
1 6277 38674
2 47093
2 25535
1 54805 11877
1 25785 14880
1 67321 9498
1 86537 2261
2 33398
2 34810
2 22302
2 20695
2 37594
1 16047 68464
1 54720 59351
2 13539
1 73954 28883
1 46944 54667
2 70365
2 81676
1 82476 44475
2 29287
2 53630
2 79933
1 59212 75144
2 19769
2 65525
2 19861
2 8195
2 36585
2 22821
1 3043 38026
2 73407
2 35104
1 69315 79578
2 59140
1 36325 11069
1 82380 70280
2 32315
1 44791 58379
2 64651
2 5923
1 46664 48609
1 14500 51651
2 7388
1 66812 3030
1 10078 82608
2 69217
1 76158 80286
1 71950 24517
2 64804
1 10078 36595
1 74729 46673
1 7269 53875
1 49217 68374
1 42603 36301
1 22827 39330
1 80031 82476
1 62660 50196
1 16897 22421
1 41414 74296
1 29930 44912
1 16175 80179
1 55469 861
1 56784 50077
1 23162 53218
1 35676 76044
1 58200 30026
2 73431
1 19381 38771
1 41801 36600
2 29509
1 62542 34960
2 78716
1 45133 47597
2 79396
1 40026 8859
2 6656
2 37169
1 34506 55907
2 43152
2 39901
2 42060
1 64871 39198
2 54919
2 79126
1 37663 71255
1 43334 79390
1 36142 57722
1 45001 19754
2 27287
2 72249
2 73367
1 65482 76656
1 1965 79255
1 66836 31865
2 35167
2 13000
2 81907
2 30836
1 84721 52626
2 55855
1 40873 36147
2 68159
1 3065 3903
2 22528
1 77581 42431
1 70248 46307
1 62652 66768
2 20309
1 53962 62755
2 84797
1 36105 50836
2 52499
2 51564
2 9506
2 16204
1 84164 56590
1 27499 8122
2 59386
1 44912 32060
2 25092
1 82407 18271
1 19113 16781
1 81059 13425
2 52289
1 16625 17266
2 73256
2 44722
1 55642 61850
1 83140 69972
2 55939
1 46055 48537
2 71146
2 40749
1 24453 20401
1 37601 14872
1 14997 27699
1 78747 44964
1 25954 16442
2 32856
1 68537 35394
1 12460 36536
2 81878
2 7601
2 27688
1 80968 38182
1 14781 18330
2 76778
2 15243
2 39601
1 23392 1566
2 373
2 73876
2 37328
1 22707 10326
2 68358
2 62885
1 45835 51111
1 754 2705
1 62661 68161
1 13390 1141
1 78405 40741
1 62336 42307
2 23247
1 35659 16779
2 18879
1 66415 85761
1 32569 22598
1 38942 73708
2 39695
1 16903 62894
2 80531
1 66791 33353
2 20944
1 51514 23789
2 74760
2 45808
2 51514
1 52102 78467
1 81022 24448
2 20392
1 34117 60499
2 71068
1 468 50131
1 37290 30334
2 26469
2 74142
2 35605
2 26694
1 43512 78771
2 21611
1 82087 46010
2 19948
2 66775
2 40534
1 20910 72140
2 68504
2 31587
2 26555
1 45674 38371
1 37069 34514
2 24301
2 7209
1 29701 75946
1 72327 82494
2 52813
2 8417
1 3397 9641
2 75536
1 60052 71758
2 79257
2 19369
2 10634
1 35951 45147
2 20790
1 3393 84399
1 39877 26783
1 35783 55011
2 85233
2 31196
2 80733
2 38116
2 43334
2 44419
1 82137 63787
2 53309
2 31374
2 45332
1 4174 9263
2 26179
2 37295
1 45461 52845
2 44106
1 46753 6686
2 30035
2 34983
2 75752
1 69910 31840
2 65333
1 26825 57246
2 32695
2 61729
2 80460
2 51635
2 3447
2 44550
2 54614
2 26296
2 26805
2 27179
2 50776
1 15139 81224
1 32277 59970
1 59101 30628
2 52334
1 518 7704
2 48963
1 7230 12949
2 12318
2 45538
1 65913 67376
2 43321
2 9633
2 71435
1 2146 80156
1 22654 851
2 13820
1 2973 74933
2 57802
1 36246 77679
2 49194
2 70542
2 67013
2 68136
1 26016 24870
2 82775
1 48280 68085
2 2387
2 17717
1 36310 31536
1 86409 19881
1 57623 70876
1 9253 42512
1 30729 26466
2 58280
2 46495
2 51729
1 43464 47916
1 52282 76539
1 54669 75623
2 18445
2 69134
1 72292 49554
1 3867 33842
1 13119 36892
1 43847 23897
2 62666
2 79174
2 14751
2 46700
2 2183
2 13157
1 67063 2192
2 85507
2 2748
2 20906
1 32559 71898
1 71281 85017
2 39014
2 28547
1 65480 31030
2 68716
1 2180 28829
2 51488
2 42681
2 68824
2 7166
2 40612
2 82773
2 69879
1 7367 77098
2 5796
2 12990
1 23707 84681
2 15275
1 16758 21594
2 6125
1 76577 47347
1 24080 76709
1 78371 18403
1 48822 61714
2 79239
2 43194
2 24973
1 25449 37962
1 49156 36055
1 64430 58965
1 86023 84054
1 50553 34582
2 18301
1 41858 38586
2 20799
1 20344 82512
2 12995
2 5328
2 71893
1 68732 23267
1 31300 19861
1 56268 39364
1 55704 36831
1 66795 31951
2 45634
1 48295 84220
2 69093
2 82476
1 12123 56010
2 17451
2 57783
1 2514 81049
1 80939 61448
2 50620
2 84902
1 11594 143
1 43544 6580
2 55233
2 3747
1 45045 14274
2 70601
1 3754 56491
1 63585 27686
1 26637 69273
1 20989 44134
2 71608
2 61719
1 30490 22400
1 34572 28979
2 50344
2 22224
2 49976
2 28866
1 23432 79746
1 27817 17282
2 25046
2 21928
1 64906 26600
2 49926
1 54850 15220
1 77249 67043
1 66767 85520
2 71697
1 76511 82211
2 65916
1 2162 19613
1 29978 36894
1 15563 80811
2 24213
1 42350 17344
1 48384 72194
2 84907
2 65269
1 3573 24740
1 75270 6434
1 31432 71751
2 68709
1 21871 70417
1 58764 64240
1 52988 40529
1 72656 43417
1 55662 5213
1 53888 3532
2 32570
1 8070 17848
1 43878 24282
2 35848
2 84015
2 43895
2 1799
2 78062
2 15138
2 67105
1 77656 23934
1 46731 29146
1 14031 79803
1 7139 73825
2 24987
1 41664 9807
2 38050
1 46325 56019
2 26162
1 45418 64763
2 21094
2 25449
2 21371
2 57963
2 39066
1 42670 32281
1 10348 19519
2 82460
2 25224
2 75018
2 72055
2 32705
1 21456 51060
1 86218 9405
2 29932
1 58250 51302
1 76751 79941
1 72808 83150
1 11456 6910
2 81603
2 82836
1 55586 31805
1 1592 74224
1 57868 9092
1 33513 55848
1 30252 46319
2 49040
2 11874
1 51513 9125
2 48075
2 84006
1 55911 79021
2 52159
1 73889 44502
1 36019 32139
1 54425 41230
1 1350 57617
2 31602
1 49920 41180
2 22332
2 40431
1 19220 1918
1 16638 17440
1 56197 82869
2 29408
2 17713
2 66727
2 69427
1 51620 46825
2 22649
2 28054
1 14054 29772
2 36385
2 77010
1 3326 78927
1 19963 56906
2 36698
2 420
2 83896
2 33852
1 28522 16692
2 80141
1 55590 16202
2 44182
1 41703 73953
2 38626
1 43736 67004
1 83202 47112
1 53520 34859
1 67245 35278
2 25092
2 5365
2 42469
2 69342
1 46110 85470
1 34298 3603
1 76000 77555
1 28038 49027
2 55581
1 44238 16105
2 58296
1 18242 86080
1 76342 24584
2 42245
2 63734
2 64668
1 31488 63550
2 65786
2 70756
2 18659
2 4314
2 82807
2 12585
2 75998
1 19831 912
2 19323
2 7365
1 68954 10149
1 6639 82114
2 27472
1 1941 68731
2 69092
2 69075
2 48621
2 76512
1 46694 2510
2 83230
1 26204 84141
1 45526 5782
2 10510
2 84128
1 2452 79654
2 77049
2 37198
2 73418
2 72629
2 67991
2 3244
2 40040
1 20964 46414
2 69968
1 4671 42331
1 57578 29724
1 53391 27264
1 55842 20331
2 46303
2 45878
1 74367 26119
1 4224 54648
1 7467 73102
2 17943
2 54805
2 37985
2 76857
1 40594 8386
2 3736
2 58380
2 78156
2 80089
1 40198 39379
1 75103 26036
2 79326
2 84868
1 27737 46133
1 42880 14351
2 80864
1 1680 82256
2 57192
1 20591 32380
2 44874
2 45490
2 22358
1 38293 47339
2 24867
2 27480
1 36086 35350
1 42757 61162
2 57107
2 52059
2 34791
2 50224
1 35050 31353
2 41291
2 22261
1 35679 5158
1 73971 52496
1 59376 50840
1 38878 47464
1 6655 3633
1 64437 21279
2 29908
1 60413 38173
2 65807
1 57301 64120
1 7479 46919
2 43157
2 35075
2 25649
2 50454
1 51696 49870
2 69634
2 1536
2 81499
1 1182 24819
1 61594 62992
2 1353
2 81787
2 45756
1 33468 34413
1 46083 30027
2 71731
2 47904
1 24781 58313
2 7827
1 21608 30512
1 4960 31693
1 50624 53825
2 75109
2 2752
2 41726
1 72985 75194
1 79357 34689
1 76807 19832
1 85250 2541
2 56975
1 39715 6301
1 70226 76587
2 62457
2 20882
1 38230 9403
2 40982
1 549 50028
2 75742
2 19417
1 40923 9636
1 905 55424
2 32793
1 76493 33046
2 81252
1 69237 12049
1 28293 32930
1 66523 42333
1 68043 82582
1 31483 22641
2 85507
2 57071
1 51693 21822
1 20529 36240
2 6879
2 74788
2 67936
1 68765 40523
1 57597 73453
2 84658
2 39081
1 72318 75490
2 8371
1 57053 50428
2 57434
2 61561
1 43726 11214
1 50604 84484
1 10671 26371
1 39975 27433
1 10984 14298
2 9054
1 77353 35705
1 26794 7251
1 48924 24842
1 2076 42814
2 24176
1 83688 82515
1 8243 40950
1 18914 67321
1 19427 55292
1 77536 69589
1 47128 81287
1 82832 78715
1 3495 84513
2 75462
2 5419
1 15191 76720
1 12291 72647
1 20534 27009
1 86573 54868
1 66538 23572
1 57486 6573
1 18026 48398
2 14270
1 1915 64890
2 52383
1 60806 57801
1 75996 8472
1 1700 81118
1 69359 21540
1 29883 76407
1 56959 13392
2 27857
1 48357 45882
2 56391
2 69425
2 46118
1 71227 60420
1 42440 19824
2 50912
1 80866 5981
2 24176
1 48459 14597
1 38368 71555
1 6316 12824
1 15211 19244
2 71602
1 77762 3858
2 20127
1 20421 62759
2 783
2 2926
2 10155
2 53926
2 83552
2 9465
1 14703 81019
1 68144 54381
1 83355 34163
1 28908 34634
2 79891
1 12311 28927
1 35608 20402
2 4358
2 65474
1 39897 32812
2 83987
2 65970
1 23850 20940
1 52532 35859
2 9838
2 65750
1 18067 57934
2 20366
1 21514 43086
2 2454
1 31287 33445
1 53464 73341
1 23382 70741
2 2765
1 32358 70830
2 45429
2 14278
1 3535 40566
2 68728
2 7676
2 3233
1 6130 30162
1 33256 61449
2 39268
1 12378 78091
1 43657 13
1 47178 79496
2 43842
1 66479 18658
2 30552
2 22104
2 31673
1 62324 34905
1 68453 65067
1 15122 467
2 54389
2 10226
2 1574
1 6444 63709
2 85939
2 18853
1 50516 37510
2 81067
1 74472 54298
1 64789 30034
2 84294
2 15739
2 74146
1 46701 2487
2 56926
2 14773
2 62487
2 6897
2 23057
2 20604
2 70923
1 28590 41606
2 82887
1 39057 73459
1 83889 45897
2 6693
1 81368 13932
1 7979 70858
2 22751
2 75548
2 70179
2 84826
2 79067
1 1341 25991
2 42946
1 17777 47446
2 4649
2 44282
2 67780
2 52203
1 64906 56348
1 9715 69409
1 72997 18909
1 56588 77372
2 73592
1 59598 74932
2 81075
2 17178
2 86401
2 64038
2 68978
1 30749 33365
1 6722 58810
1 37799 68524
2 5039
1 27556 34049
2 18340
1 19603 9269
1 7947 26187
2 46902
1 9262 7254
2 33839
1 10990 30037
1 4893 38977
1 63702 17677
1 45639 65786
1 61110 6754
2 7121
2 74618
2 42027
2 81795
1 74127 42110
2 43927
1 61253 38304
2 72242
2 28222
2 67856
2 14788
1 10147 60426
1 28879 82075
1 81660 2608
2 30229
2 67346
1 71663 48972
1 27185 81626
2 84213
2 11617
2 49611
1 53097 40158
1 10088 15484
1 20234 75910
1 49112 31936
1 4724 81669
1 34952 71537
2 16261
1 61793 71695
1 17370 45008
1 34200 56625
2 83810
2 72806
2 79423
1 13402 60671
1 49850 27727
2 42324
1 78038 37405
1 26403 22354
2 42663
1 46896 27770
1 64265 72778
1 59003 3354
2 56225
2 5679
2 6722
1 28084 27931
1 38472 55658
2 80796
1 51491 31613
1 77893 14506
2 81094
1 54945 69402
1 32623 16131
1 52164 19484
2 68928
2 21360
2 630
2 72231
1 17733 24116
1 77772 65450
1 42675 10475
1 81106 72106
1 75612 78989
1 58427 43663
1 74557 423
1 7454 63230
1 1362 45128
2 1991
2 57980
2 7280
2 35845
2 68622
1 41139 39635
2 35658
1 61501 24682
1 22563 43647
2 63374
1 22179 22635
1 85409 11362
2 43949
2 50086
2 62754
2 40776
1 37557 86366
2 42775
2 1008
2 37114
2 7561
2 4254
2 65981
1 54035 58136
1 37208 57744
2 9108
1 51497 53344
1 45532 29510
2 46847
2 69145
2 17347
2 48081
2 57979
2 5053
1 68067 56433
2 47460
1 23648 66134
1 60855 84416
2 69963
1 71292 83845
1 30236 73893
2 37621
1 21638 84246
2 7508
1 39519 65486
1 5111 4976
2 61543
2 41488
2 45362
1 69644 66755
1 42312 10669
1 74142 55052
1 17791 42358
2 55411
2 25230
2 20215
2 67012
2 19301
1 72509 24276
2 8003
2 67950
1 51890 2396
1 79184 68383
1 50391 25401
2 18856
1 24854 61213
2 40804
1 65858 54411
2 59134
2 68953
1 27808 54874
1 54270 62876
1 35632 49352
2 85153
1 35340 27487
1 46270 13426
2 65125
1 23185 289
1 63988 68215
2 78937
1 3447 34850
1 2958 62657
1 26745 77466
2 57060
2 53725
1 32741 33148
1 20766 71541
1 34192 30410
1 45193 14133
2 49697
1 70607 80598
1 14328 44583
2 27000
1 2466 7959
2 40470
2 52422
1 26594 26176
1 59741 82396
1 5233 11711
2 35643
1 42025 49775
2 52260
1 227 6809
1 14554 51392
2 41553
2 69381
1 54833 70390
1 20667 58447
1 46842 39783
1 42651 81345
1 14900 78177
2 28715
1 33855 44921
1 82827 45147
1 36759 20239
2 17087
2 85160
1 32380 53405
2 54760
1 2667 64273
1 42449 7478
2 84333
1 52414 36461
1 41667 30613
2 86587
1 17214 5686
1 53972 25924
2 71058
2 28457
2 80634
2 62284
1 69344 25489
1 64208 28477
1 15134 26222
2 28086
1 24129 69752
1 84564 30291
1 62316 83102
2 29700
1 46553 61296
1 75010 53310
2 70283
1 42286 53040
1 36981 30660
2 78613
1 30270 36699
2 53490
1 64708 67861
1 55537 33207
1 52051 49875
2 35028
2 46603
2 45389
2 59738
1 2870 62562
2 17903
2 73321
1 52107 40192
2 2218
1 19122 23584
1 47521 42925
2 41267
2 81394
2 23302
1 61520 30444
2 20321
2 37445
1 7177 60546
2 72206
1 86465 7569
1 40069 59789
1 35755 78910
1 9561 39844
1 38904 41649
2 80837
1 50657 31748
2 81100
1 49120 85407
2 19602
2 67984
1 78201 15436
1 85770 14993
2 58971
2 68984
1 49791 78544
1 39152 77987
2 19380
1 60603 70036
1 2815 64548
1 12473 63367
1 32075 29902
1 64820 21515
2 10855
2 21983
2 745
1 26480 12577
1 65562 71916
1 17500 39191
2 10813
1 59263 35874
2 84349
2 36157
2 33421
1 51569 64437
1 33622 24300
1 14858 46282
2 15602
2 9496
2 62854
2 60633
2 53096
1 61388 63909
1 81189 60321
2 78951
1 7359 14031
1 36129 26138
1 43130 59759
2 21525
1 7590 44002
1 60825 53498
2 84217
1 21183 30330
2 42083
2 80049
2 86319
1 7929 39221
2 62414
1 57063 11955
1 33532 15623
1 81426 37147
2 2428
1 67213 23791
2 27763
2 50565
1 51749 66705
2 17418
1 1707 64275
1 56761 16908
2 79713
1 24482 5080
1 18552 20703
1 13391 57849
2 15818
2 80801
1 61007 21977
2 72110
2 33855
1 43566 51272
1 5811 28959
1 23111 6405
1 16236 37101
1 21316 68262
1 2557 25933
1 20944 39522
1 33893 80861
1 55438 16250
1 1500 8249
1 53727 51815
1 611 18164
2 69107
1 45388 18436
2 43027
1 39364 24701
1 2459 50633
1 70528 50693
1 17833 44967
2 33810
1 5673 35309
1 3888 49574
1 53374 10723
2 5770
2 62333
1 58804 33255
2 11589
1 32296 43323
2 43467
2 19555
2 13816
2 60204
1 78862 81958
2 74709
2 32890
2 75395
2 8956
2 52571
1 72199 64266
2 18866
1 40792 12561
2 84114
2 68701
1 28268 83938
1 73320 18093
1 65594 60589
1 53715 46502
1 51948 35309
1 60903 45175
2 70765
1 2328 52842
1 34727 7047
1 59961 51699
2 2613
1 59731 86550
1 46463 18055
1 72596 78643
1 39723 85683
2 5084
2 56149
1 40118 80797
1 31443 43663
1 2171 38929
1 24921 12302
2 16922
2 47351
2 62002
2 83654
2 31749
1 32650 17368
1 31746 61977
2 26689
1 14944 27345
2 72771
2 77075
1 68623 29416
1 54082 41717
1 71003 17169
2 21607
2 78291
2 33177
2 9412
2 48484
2 58111
2 28292
1 15950 3774
1 2236 76544
1 79311 223
2 22139
1 49202 24395
1 33617 2102
1 15762 41811
2 81560
1 44538 51510
2 6434
1 33414 77433
2 39290
1 36860 72511
1 73942 46135
2 34703
2 71019
1 50995 55952
1 84611 58053
1 60912 13276
2 16423
2 85064
1 24105 52037
1 57519 42882
2 10221
2 16625
2 19247
1 2817 68126
1 44071 52557
1 8478 69047
1 53628 40513
2 27952
1 69636 4913
2 28652
1 47772 80688
1 18703 36982
2 76049
1 55374 32732
1 19892 35548
2 19112
2 61078
2 48635
1 17731 62801
1 7379 51291
2 37554
2 43120
2 42461
1 60305 61985
1 57825 14147
1 18435 30060
2 45417
2 1824
1 29601 2520
2 5867
2 24838
1 74494 69426
2 39198
2 29068
1 5950 8685
2 57380
2 34336
1 47891 9022
1 26865 39081
2 72281
1 36821 79092
1 39340 20932
2 51033
2 69171
2 75734
1 38676 38564
1 8028 5052
2 66966
2 1915
2 16768
1 70862 38362
1 70481 26233
1 80589 63053
2 33710
1 83464 79284
2 42646
2 26855
1 43630 65530
1 7333 34096
1 66308 14474
2 28761
1 36221 86231
1 35122 36852
2 21893
2 46147
2 35699
2 21827
1 33091 49203
1 55497 76057
1 59665 54999
2 66997
1 23672 7256
1 43125 83143
1 79346 82786
2 75006
2 55848
1 53343 62534
2 49580
1 77620 42693
1 40236 38991
2 76831
2 85670
1 15346 66079
1 39017 33874
1 42680 30429
2 82564
2 11546
2 67342
1 81292 34097
2 11037
1 20219 2070
2 30189
1 86437 56194
2 74595
2 85455
1 81893 54282
2 29179
1 45588 20146
2 2103
1 35345 73085
1 63277 28328
2 67154
1 26916 47911
2 74362
2 44277
1 8244 84489
1 24058 83357
2 19364
1 29018 48542
1 35144 29227
1 84373 36538
2 70870
1 8588 59736
2 36281
2 41885
1 14485 29659
1 19300 17283
1 17202 79502
1 61097 66151
1 33225 55707
2 53105
2 164
1 2049 83827
1 33457 68969
2 53731
2 377
1 39234 45107
1 68893 81348
1 86175 86371
1 39628 75991
1 66317 84974
1 35437 55912
1 239 16614
2 49413
1 25390 82869
1 36612 50012
2 36989
2 40483
1 78600 22788
2 60244
2 84303
1 69668 73707
1 49397 72093
1 84833 1956
1 85071 18570
2 47896
2 83254
2 83448
2 15267
1 30806 52599
1 73439 5150
1 71371 65393
1 69086 37894
2 16744
1 44972 2250
1 3757 4205
2 49366
1 36822 10675
2 33489
1 67386 27306
2 26034
1 51459 25163
1 56608 7619
2 82540
1 19908 80972
2 36652
1 60660 38901
1 24955 3644
2 74321
2 7880
2 18021
2 21462
2 29212
2 32518
2 71780
2 53361
2 25837
1 84878 6489
1 39802 22177
1 25600 43376
2 57161
2 63824
1 16602 58445
1 62135 76465
2 44136
1 67215 64457
1 28488 10188
1 42387 59652
2 7108
1 39962 31197
1 22677 52477
1 26591 26069
1 55460 50431
1 72061 22288
1 47609 59292
2 5157
2 11352
1 45071 39839
1 52707 42764
2 86179
1 79010 92
2 50705
1 54622 8538
2 80690
1 65357 5073
1 11370 74486
2 58978
2 43063
2 23921
1 54824 29530
1 55701 82236
2 29642
1 68504 22065
2 70649
2 25765
1 41846 35662
2 25916
2 84984
2 33466
1 65535 52982
1 69137 77654
2 84090
1 55138 12833
2 50786
1 52309 6564
1 34912 49021
1 28759 35324
2 70604
1 37116 57058
2 82638
1 499 76597
2 53480
1 32290 5085
2 76918
1 72443 3163
2 36641
2 47027
1 55676 81939
1 13658 24110
1 17988 55252
1 15642 25722
2 58818
1 47682 48828
2 61700
2 44830
2 10705
1 78296 83147
2 73014
2 80616
1 84070 49704
1 10785 23900
2 59411
2 29242
2 18068
1 60696 76886
2 68916
2 37969
2 79650
1 71350 50893
1 23597 47453
2 10023
2 79051
1 85800 2706
1 57123 26606
1 77073 76158
1 3998 7638
2 25233
2 45184
2 84187
1 12128 37789
1 83477 2094
2 20487
1 37912 30509
2 30376
1 58153 33081
2 75815
2 42353
1 9795 86067
1 17433 19235
2 62494
1 24168 20633
2 36295
1 21962 80310
1 61438 14209
2 12763
2 3491
2 318
1 36757 75323
2 56982
2 38248
1 77694 69083
2 10341
2 67780
1 23270 1825
2 20103
2 78780
2 81297
2 75160
1 26932 80416
2 30608
1 12059 27903
2 23468
2 21634
2 25612
2 4749
2 70207
2 12089
2 74246
1 28609 54887
2 20801
2 76532
2 17823
2 22440
1 13332 13586
1 25390 41489
2 9396
1 57437 31649
1 30715 36398
1 14334 787
2 80376
1 3911 22397
2 38606
1 33121 75676
2 50943
1 21685 23132
1 35270 76054
1 37297 72395
2 37621
2 52849
2 34498
2 41464
2 50571
2 3159
2 35372
1 11091 34516
1 44211 23605
1 55693 36149
2 78824
2 14232
1 73828 51529
1 55567 49688
2 21828
2 52916
1 75784 62286
2 67784
2 3354
2 12076
1 51083 49032
2 35226
1 35424 71374
2 27661
2 78425
2 41716
1 31664 10695
1 50083 79648
1 16411 72337
2 39235
1 18843 65217
2 82536
1 7345 7570
1 73663 42796
1 22500 74708
2 10699
1 23154 27726
2 74185
2 16084
2 22885
2 42513
2 42020
1 39069 71029
2 64824
1 16027 63194
2 23597
2 66015
2 77718
2 62177
1 59751 65312
2 48015
1 80324 20817
1 82051 4240
2 85103
2 51361
2 3681
1 59292 29043
2 35857
2 60287
2 76783
1 46922 28453
2 69638
1 69594 48362
2 31022
1 18978 12377
1 14442 63743
1 12957 67816
2 12708
2 10790
1 61077 78725
2 66726
2 1799
1 13216 9260
1 62521 78897
1 45527 1210
1 37087 80810
2 49464
1 29423 26619
1 2918 54973
2 15626
2 7556
1 22035 46819
2 2174
1 78895 66760
1 1567 26085
2 41002
2 15535
2 39977
2 83559
2 62624
2 84381
2 53307
1 65292 50072
1 65711 18166
1 1158 25524
1 50457 45844
1 30629 79380
2 17252
2 50421
1 64923 53170
2 78083
1 30111 14658
2 27905
1 48388 75742
2 11873
1 29930 77164
1 31087 63226
1 42083 22483
1 33250 62401
2 50502
1 34844 72265
1 48552 47417
2 19770
2 17354
1 65971 42330
2 15664
2 75111
2 75939
1 19885 67564
2 73624
2 25347
1 63974 48287
1 75014 73488
2 60691
1 37525 68646
2 57294
2 65277
1 46634 68145
1 62297 74693
1 4528 24583
1 71539 52685
1 19114 83409
2 67741
1 61121 61331
2 8560
1 70450 6661
1 52508 7458
1 33172 33273
2 79805
1 53427 55515
1 51285 20581
1 75370 5532
2 62858
2 37562
2 52925
2 10765
1 21528 19324
1 5390 25985
1 18436 80568
2 51607
1 23992 44825
1 37957 60878
2 49780
2 48403
1 8068 2556
1 79838 656
1 6714 20089
2 81508
1 2228 33430
2 75338
1 73106 69319
2 38125
1 37610 43488
1 36105 64904
2 85884
1 42434 45524
2 5528
2 68757
2 79621
1 73398 23064
2 75553
1 64359 83096
2 11490
2 43899
2 68278
2 62717
2 2897
1 50621 44053
2 31473
1 17593 20392
1 85612 2561
2 39185
1 13750 62248
2 2715
2 7810
1 62120 66425
2 66557
1 58192 2057
1 43909 52079
2 55068
2 12504
1 56569 30096
2 30199
2 70030
2 28843
1 70887 4504
2 73602
2 20398
1 75239 236
2 55209
1 49674 17804
1 6995 30421
2 22601
1 46857 22553
1 76952 42896
1 66611 26338
2 55992
1 42119 60495
1 76259 26489
2 30700
2 49775
1 30887 15494
1 9229 48875
1 39649 83228
1 40152 43498
1 10635 80988
2 58443
2 27724
2 77542
1 79457 11988
1 29667 85602
1 60366 61281
2 82547
2 54514
2 61935
2 60074
2 60567
1 15686 64603
2 73447
1 74271 45302
2 15407
2 79172
2 75510
2 85976
2 50713
2 39494
2 67115
2 78112
1 16678 13998
2 76751
2 33485
2 5218
2 59061
1 78169 46744
1 79799 22690
2 32923
1 30017 84621
2 48606
1 30934 48638
1 11461 84090
2 54166
1 751 27084
2 76869
1 77106 82086
2 49579
1 71314 56861
1 64526 40089
1 10861 83000
2 8894
2 26285
1 69646 74922
1 41645 72424
2 9223
1 910 36306
2 77779
2 2543
2 50558
2 68517
2 30059
1 60348 70148
1 71208 27099
1 40640 65811
1 58818 9408
1 72224 11591
2 72384
2 42277
2 17657
1 25023 35608
2 19378
2 30041
1 81987 60100
1 55748 4199
2 907
2 66992
1 57647 80290
2 67054
2 46539
1 37597 79461
2 79873
2 38192
2 51728
1 64968 31644
2 55548
2 76440
2 64132
1 33258 57522
1 25093 37926
1 82739 78754
2 23745
2 69445
2 32764
2 36336
1 49563 74527
2 61829
1 59681 6886
2 28641
1 46044 57700
1 52182 51496
2 59227
2 33903
2 33279
2 44137
2 21237
1 33363 54000
2 69698
1 20492 18177
1 82320 79914
1 2618 10057
2 2992
1 55271 28035
2 67305
1 80921 17844
2 62690
1 44523 20240
2 65759
2 62584
1 25828 6234
2 46319
2 22470
2 64862
2 5208
2 28433
2 4969
2 83359
2 24959
2 28661
1 39238 4763
2 83760
2 44223
1 40439 67346
1 66266 73579
2 73123
2 34484
2 83927
2 33794
2 14855
2 84891
1 85889 72092
1 67212 14165
2 19862
1 15809 64160
2 60031
1 5446 1328
2 32250
1 30237 18786
2 25260
2 51850
1 2243 45185
1 51899 4027
1 51200 36658
2 78950
2 44445
2 77414
1 36923 42421
1 85091 47866
2 63852
2 31007
1 59439 85517
2 67349
1 52107 30130
1 78643 82028
1 77688 46641
1 34738 86129
1 79182 58892
2 13386
1 15744 54746
1 63609 50308
1 17676 41854
1 37653 1322
2 65541
2 13770
1 29679 52952
1 50745 4591
1 69008 39328
1 51505 79048
1 24828 52972
1 40572 21130
2 64719
2 47954
1 73830 55779
2 75151
1 20078 48328
1 29160 78006
1 80809 2702
1 5924 71709
2 64294
2 2156
2 21993
1 48280 23103
2 16987
1 21646 64940
2 56014
2 6369
2 12111
1 53443 50986
1 5400 56226
2 55227
1 63415 888
1 41121 84639
2 49501
2 6985
1 3685 83241
2 12584
2 14196
1 81977 8865
1 505 20975
1 53947 71960
1 59346 41598
2 75111
2 68768
2 57355
2 74050
1 80466 54632
1 52197 18856
2 1453
2 38812
2 56392
1 24512 1126
2 6025
2 49190
2 14418
2 40660
2 57598
1 9616 47008
2 80042
2 2243
2 49641
1 69 68496
1 1522 60473
1 64295 30277
2 49346
1 20620 55370
2 69810
2 33453
1 8505 60888
1 30768 70503
1 70925 24497
2 73167
1 75501 52143
1 57409 43968
2 78420
1 38253 69235
2 48137
1 81139 16919
2 64361
1 74202 77196
2 48502
2 31700
2 5305
2 56914
2 10281
1 20079 62424
1 77488 19804
1 29859 54947
1 12507 28879
1 34220 70557
1 27843 48330
1 15457 86064
2 24497
2 72246
2 65821
2 74366
2 19641
2 30478
1 65904 68504
2 49244
1 30766 31375
2 20183
1 19040 4152
1 7421 13021
2 22877
2 15812
2 33552
1 64826 59912
1 13143 30849
1 77329 61326
1 17184 3781
2 66427
1 47859 11214
2 68042
1 27079 32732
1 34499 45752
2 17914
2 7250
2 12878
1 51190 72789
1 64332 17051
1 55073 38915
1 72256 3235
1 52095 26455
1 23847 34494
1 57240 61573
1 26286 56610
2 17723
1 84789 24972
2 58206
2 25490
1 29107 50360
2 15532
1 68576 82692
1 71810 72694
2 58803
2 1533
2 11486
1 28820 71197
2 45969
2 23858
1 9352 9369
2 67557
2 41359
1 40369 5131
2 55900
2 84151
2 36155
2 85237
2 2127
1 15373 55962
1 81810 45320
2 40819
1 84653 25216
1 7418 34584
2 35513
1 56371 68554
1 22041 44669
2 53681
1 68070 3248
1 27258 17088
2 18079
1 11848 67511
1 57168 14965
1 61868 60157
2 21551
1 9917 36563
2 8636
2 6131
1 36052 50799
2 3145
1 52935 6393
1 40732 70606
1 19349 24144
1 47398 59492
2 62362
2 46972
1 71530 68522
1 81446 18497
1 50620 71969
2 19420
2 11422
1 71704 64990
2 78096
1 19029 22653
1 38377 7336
1 85774 27366
1 22088 36975
2 58018
1 48736 82600
1 27771 37093
1 13153 44842
1 81711 16802
1 66827 42330
1 18874 67522
1 2066 8803
1 9401 4069
1 83892 23899
2 34279
2 55913
2 13387
2 1712
2 49556
2 14848
1 45199 57098
1 65040 37337
2 16052
2 16079
1 18815 24881
1 75341 76075
2 72645
1 7672 67462
2 24123
1 38549 36586
2 40245
2 44292
2 54489
2 72728
2 28481
2 74782
2 766
1 77750 66706
1 32797 15998
2 50239
1 39691 18450
2 64854
2 35327
2 79158
1 17598 39250
1 33229 54278
2 66495
1 86188 50511
2 4671
1 15124 42959
2 4816
2 55056
2 86533
2 31350
1 8242 9616
1 4107 73557
1 6955 4567
2 14633
2 75806
2 64829
2 32479
2 54524
1 1106 69648
2 703
1 76941 55759
2 37425
1 10884 16359
2 67626
2 46294
1 20143 53249
1 41671 67881
1 30890 53633
2 35101
1 32691 50163
2 80922
1 84984 81625
1 35876 11335
2 73300
2 66307
2 880
1 9138 47174
1 76406 13835
1 31490 42254
1 22918 9300
2 18557
2 18457
2 13699
1 62481 59221
1 4656 8509
2 60079
2 72107
2 53083
2 8220
2 80698
2 12578
2 34490
1 50199 16317
2 20037
2 46079
1 20538 28211
2 80455
1 69982 9360
1 39030 36187
1 41916 68832
2 55537
1 45596 31170
2 37370
2 17824
2 48353
1 48715 75876
2 50796
2 45660
1 71242 16960
1 35884 47480
1 52308 47048
1 42222 2376
2 79599
2 29837
1 49621 255
1 53907 65204
2 62799
1 31041 12626
2 81836
1 22511 27121
1 9 52860
2 47489
2 41915
2 72656
1 57451 47263
1 75902 37638
1 38935 37892
1 53381 16508
2 76718
2 126
2 47663
1 11286 30712
1 51597 30721
2 41205
1 37265 83119
2 70459
1 64685 78260
1 53999 29310
2 53473
2 55358
1 44248 63905
1 28471 64030
2 76133
1 32101 67384
2 44237
2 46535
2 10803
1 42511 18037
2 83718
2 19882
1 57798 49191
2 71809
2 34470
2 34591
1 70673 63061
1 4901 13146
2 37002
1 27478 41777
2 34551
1 23925 78888
2 2500
2 40809
2 929
1 16971 50120
2 49318
1 51490 62470
1 23815 46555
1 20709 51456
1 84671 48996
1 72687 4185
2 20650
1 71527 60076
2 74027
2 50379
2 81513
2 57834
1 18721 20565
1 30750 83034
1 15103 43001
1 35811 54995
2 81020
2 42673
1 21587 43150
1 74065 28089
1 36509 62654
1 300 56392
2 2000
1 71091 67846
2 38214
1 5187 40928
1 48188 63371
1 63721 32102
2 81124
1 53215 63249
2 22600
1 19964 4933
2 43157
1 48073 12961
2 50072
1 38938 78456
1 77151 51003
1 31491 38652
2 8275
1 924 40376
2 42586
1 14835 66373
2 37434
1 941 2905
2 4636
1 39770 64722
2 50380
2 85205
1 36274 36307
1 51338 67798
1 35666 36611
1 83715 76986
1 39713 66088
2 19499
1 2929 10549
2 5833
2 60304
2 49681
2 4471
1 17709 50214
1 53982 86520
1 65858 67730
1 62063 17753
1 59190 55278
1 59442 81904
2 39479
1 23489 10566
1 29322 59938
1 74112 23032
1 39121 83631
2 2747
1 16383 2680
1 42780 70409
1 65381 48701
1 37983 64517
2 57963
2 602
2 23290
1 68546 81877
2 2435
1 48601 25466
1 1135 69635
2 51007
2 37657
1 40242 40975
1 33987 19768
1 6089 18290
2 72717
1 5586 33857
1 28875 18486
2 24165
1 79163 51758
1 65168 24044
2 48215
1 14794 5105
1 68480 5885
2 66526
1 57129 73811
1 75418 59025
2 25622
1 73610 33805
2 52635
1 78187 45609
1 3896 47723
1 27939 11510
1 73256 73430
2 22517
2 69634
1 82386 30583
2 69609
2 26915
2 76834
2 27733
2 46879
1 77030 31363
2 83177
1 37789 4852
2 65728
2 30372
2 50329
1 35451 19063
2 55867
1 68289 7364
2 65908
1 8131 16694
2 35863
1 54769 31031
2 46670
2 75246
2 16125
1 81608 42391
1 25392 55326
2 32925
1 47466 31170
2 22865
1 75084 28412
1 69900 36542
2 77790
1 57637 6510
1 49706 53179
2 85491
2 58434
2 71494
2 17613
2 30102
2 3762
2 6894
1 15423 29758
1 51045 18708
1 34357 55250
1 25559 1606
2 32068
1 6038 45785
2 52067
2 40273
1 20577 15049
1 78000 5689
2 81761
2 36078
2 63066
2 46108
2 45082
1 61880 13744
1 47978 62475
2 40584
2 41414
2 23305
1 43117 24116
2 63693
1 42206 15644
2 71390
2 53035
1 48586 29514
2 8107
2 5747
1 79455 66616
1 1384 3042
2 2507
2 5609
2 75476
2 5943
2 32076
1 59834 34820
2 65225
2 64299
2 48166
2 21725
2 42069
1 61704 65016
1 2272 80421
2 5313
1 43722 57485
2 53674
1 70389 59616
2 15877
2 79749
2 56683
2 77983
2 11137
1 68357 79987
2 23838
2 31174
1 72530 80571
2 27158
2 48378
2 17320
2 85091
1 3480 18658
1 66482 68985
1 77717 86207
2 29652
2 67369
2 62909
1 38683 159
2 30395
1 487 24379
2 74770
2 54564
2 48659
2 18104
2 30595
2 69909
2 66285
1 48745 65904
2 78396
2 65309
2 83903
2 60242
1 14572 51176
1 15058 75554
2 3240
2 21186
1 68964 8840
2 55265
2 85370
2 10463
1 27420 19746
2 64820
1 73043 4080
2 30898
2 53895
2 65805
2 35933
1 54575 49680
2 35419
2 75145
1 40244 37166
2 40217
2 79849
1 22092 20681
2 34679
1 3056 21135
2 36170
1 61891 50603
2 41108
2 37412
1 84198 47631
1 33029 79034
1 11362 32690
2 5498
2 38638
1 44662 21268
2 75625
1 73144 78680
2 83802
2 3064
2 39403
1 21291 69026
1 64337 27175
2 33640
1 42570 78087
1 75260 33651
1 22117 72288
1 27318 6969
2 16355
2 18225
2 13947
1 4913 64136
2 4854
2 16911
2 31710
1 61593 81833
1 35209 84942
2 27850
2 61115
1 16808 46816
1 44125 14323
1 21018 77237
2 76591
1 48756 42042
2 4915
2 58486
1 81313 3609
1 56319 45980
1 52066 44334
2 79915
2 14981
2 8707
1 2742 13370
2 57296
2 74432
1 71517 39566
2 26971
1 18235 34404
1 40060 29130
1 64210 45987
2 37737
1 16271 38729
1 55296 14248
2 64002
1 34515 77371
2 5223
2 68747
2 57226
2 22568
1 11637 40802
1 60034 41400
1 72579 19022
1 83977 17298
1 60786 16565
1 29494 30812
1 54034 27932
2 5357
1 37048 77653
1 46296 48292
2 29403
1 5970 70204
1 66003 25017
1 12533 4577
1 9922 69000
1 31247 85564
2 60740
2 51394
1 65384 83219
1 1043 80805
2 52574
1 33438 46907
2 39877
2 14071
1 79418 39087
2 5363
2 61284
2 73202
1 7070 72179
2 67809
1 42668 56534
2 86425
1 2883 80642
1 15996 81694
2 62902
1 22488 29191
2 61354
1 39257 73763
1 43459 48459
2 77200
1 57401 62791
2 85749
1 19592 55695
2 19429
2 51096
2 16023
2 8590
1 3944 81277
1 33134 34321
1 15693 34116
2 3615
1 39186 53946
2 64298
2 52055
2 23921
2 60814
2 52388
1 20415 64022
2 36437
2 23393
1 48468 18082
1 42141 12941
1 18372 47056
2 21986
1 50195 36471
2 75031
2 39900
1 45689 51740
2 46381
2 5211
1 42100 20014
2 37
2 59380
2 61487
2 51183
2 64596
2 42560
1 52079 1681
2 1962
2 74782
1 76552 64986
1 2243 29416
1 66908 81753
1 69546 15179
2 30121
1 14187 39163
1 58500 50885
2 36509
2 32085
1 7008 33765
2 8970
1 13472 79825
1 78457 70321
1 68412 60071
2 63577
2 33566
1 79087 24225
1 53812 63387
1 25725 74810
2 62233
2 81711
1 76208 28889
1 45716 59844
2 86079
1 39453 69812
1 21277 43295
2 45392
2 69713
2 34027
2 64178
2 31275
2 26975
1 40192 49746
2 82442
1 85982 24743
1 45110 45125
2 5141
1 85477 74952
1 67293 31660
2 26097
2 4651
1 67751 59126
2 29541
2 16
1 70436 746
1 80211 83187
1 79605 68468
1 85254 27005
2 3807
2 35022
2 12221
1 70956 73207
2 65220
2 34222
1 10934 43671
2 61873
2 53516
1 4971 80854
2 1570
1 40027 30577
1 85819 57581
2 50164
2 15399
2 17722
2 34368
2 80614
1 3276 75374
1 61336 32457
1 36621 36682
1 42880 41652
1 3302 3760
1 3867 34336
1 50224 52456
2 13800
2 37782
1 75678 29446
2 40558
1 71703 43834
2 52163
2 5254
1 15741 2474
1 19159 44125
1 22460 8423
1 73452 42759
1 37088 8627
2 50887
1 41339 75224
2 31324
2 56770
2 79582
2 35257
2 79723
1 74779 8876
1 9328 28034
1 55705 11033
1 34334 84484
2 15508
1 28530 66191
2 55651
1 82172 71863
2 42925
1 28138 83045
2 63394
2 9734
1 76931 65735
1 86258 54307
1 15914 25878
1 10786 70901
1 73419 66424
1 53022 73372
2 73963
2 56064
1 72420 11521
2 68877
1 52249 71029
2 30103
2 24664
2 68707
1 8702 84620
2 14867
2 10239
2 82236
2 56074
2 23985
2 43710
2 9751
2 39312
2 32744
2 57054
2 13707
1 36172 35617
1 8188 17736
1 16889 15768
2 78882
1 84521 33230
2 74595
2 37106
1 3529 80816
2 60405
2 65323
2 78526
1 20345 37469
2 83453
1 17863 45176
2 82725
2 59256
2 81229
1 44155 79163
2 32591
1 55699 69697
1 19766 24464
1 80171 70245
2 43462
2 60112
1 60191 42358
1 47244 20760
2 3023
2 33872
1 75927 75639
1 33494 68214
1 26624 56462
2 9733
1 29638 81322
1 70347 64979
2 27222
2 69126
1 61304 72022
1 69086 6194
2 72108
2 54651
1 59556 43703
1 53588 72455
1 80211 42329
2 50482
1 44591 5755
1 28350 31273
1 55571 32386
2 67676
2 80044
2 36726
2 74645
2 30405
1 38248 3373
1 42029 17500
2 47109
2 75146
1 61605 1001
1 27898 17471
1 59170 82416
2 4968
1 6151 59195
2 20555
1 44084 8613
1 35027 51321
2 85526
2 80058
1 44499 40580
2 33057
1 49703 81183
1 38140 12067
1 10722 7895
2 15690
1 36822 35423
2 57376
2 60801
1 5077 9240
2 43106
1 50068 36577
1 7980 37695
1 1575 14287
2 82758
1 21633 8237
1 32355 16131
1 8583 75002
2 44005
2 70161
2 18806
2 62040
1 48486 18559
1 59093 55135
2 27611
2 2294
1 28193 72374
2 86261
1 80717 23889
1 57387 78775
1 45801 4973
1 50933 75134
1 30277 45773
1 18861 54797
2 15623
2 80085
2 15451
2 7496
1 75057 79869
2 35269
1 32324 59158
1 3123 11884
1 9462 16857
2 20933
1 54285 51210
1 13551 70070
1 38502 46231
1 31999 51433
2 78864
2 74975
2 12749
2 63141
1 11779 82837
2 62027
1 237 32027
2 31246
1 38056 46069
2 49769
2 48190
1 58660 7834
1 4071 59266
2 43473
2 16182
1 4894 42763
2 26007
2 4686
1 77106 59944
1 69671 45472
1 36043 83527
1 14163 7248
2 22892
1 38992 77851
1 43062 11068
2 47074
1 46571 78957
2 2746
1 81239 17825
2 3323
1 25973 59357
1 71444 60050
2 28923
1 49297 36170
2 32727
1 47212 23990
1 3686 35057
2 11298
1 26616 3667
2 76487
1 48691 7725
2 12553
1 4139 71909
1 36121 5910
1 65043 73259
1 61751 81479
1 55936 42103
1 5591 6328
2 72223
1 71784 59377
2 39237
2 33428
2 57000
2 13892
1 62858 46340
1 12391 12788
1 37973 46586
1 13136 41477
1 29611 44119
1 35201 50446
1 67962 28609
2 40751
2 48676
1 4406 50016
2 15999
2 62248
2 31324
1 51785 44112
1 50296 4110
2 23971
2 6365
1 50243 44220
1 14101 68463
1 42710 77902
1 13687 39991
1 18092 50545
1 81216 35529
2 34023
1 71814 46347
2 37447
2 75612
2 81151
2 3114
1 45392 47333
2 20031
1 2110 23279
1 34093 36966
1 30055 15596
1 54659 10225
2 54923
2 8467
2 11671
1 38135 68852
1 82010 23954
1 85123 32637
1 6408 43513
1 82741 45622
1 63802 79714
1 5931 70307
2 38065
2 50117
2 53840
1 35272 54528
2 28654
2 56502
2 48623
1 82865 7697
1 66349 14104
2 30403
1 36716 57196
2 76968
1 1068 21227
2 86258
2 5993
2 34521
1 61748 2461
2 50940
2 26125
1 64822 67119
1 72519 54162
2 47161
2 76104
1 81971 7251
1 32890 49282
2 54116
2 60957
1 11150 846
1 79709 23132
2 49331
1 1391 75455
1 26752 16525
1 12683 70686
1 20382 76480
2 38339
2 46
1 65292 49327
2 32820
2 47626
1 26172 9010
2 19293
1 82665 29163
1 84055 18030
2 71345
2 73807
1 65779 69420
1 16211 62215
1 48612 62260
1 74442 72125
2 20675
1 31167 48830
1 40177 12590
1 32856 55793
1 52480 13800
1 50327 85144
2 37546
2 35705
1 21483 12454
2 85307
1 65930 35053
2 51467
1 30133 12566
2 78962
1 3349 52091
1 36205 68422
1 49223 82221
1 12962 80778
1 11046 37313
2 78550
1 3244 82220
2 64308
2 13644
1 73568 32237
1 86133 81996
1 85969 45884
1 52907 82088
1 63235 5262
1 48396 65349
1 42943 76394
2 80859
1 18822 84102
1 84000 22361
1 11056 56666
2 43292
2 80280
2 51865
1 45122 81844
1 40622 7071
2 6422
1 39228 71770
1 42709 22116
2 36980
2 42129
1 43742 80
1 50909 11135
2 5595
1 69112 46414
2 81515
1 59325 37311
1 60485 44381
2 66907
1 44270 12628
1 391 81869
2 84496
1 29769 79528
1 76974 57460
2 1521
2 28154
2 35119
1 77813 77173
1 11089 27896
1 71574 32815
1 12432 12790
2 72185
2 51919
1 4224 49827
1 81118 3307
1 71504 60766
1 33563 26773
1 10586 22431
1 48937 13016
1 60026 40911
1 5551 73725
1 65108 47053
1 11244 24175
1 39249 75524
2 81750
2 49054
2 15509
2 46022
1 10544 24297
1 80100 37677
1 6528 86188
1 7977 50328
1 42240 68851
1 2705 52315
2 74005
1 45335 62941
1 1036 6946
1 10349 22454
1 56370 32063
1 41206 12796
2 78882
2 19007
1 45573 26983
1 14769 29761
1 9612 32465
2 15698
1 6653 21571
2 61175
1 50306 38703
1 33298 47127
2 25899
1 51607 38694
2 43902
2 58118
2 40143
2 46223
1 75399 78373
2 68402
1 48424 48822
1 69994 5595
2 53139
1 64397 7171
1 72062 17573
2 51568
1 74866 4092
2 69436
2 30493
1 28925 76715
1 64862 68501
2 46676
2 80130
2 69810
1 22169 8918
2 38607
1 5462 48881
1 23034 85053
2 52752
1 35526 322
2 18812
1 47375 47737
2 6894
2 49981
1 33226 29223
1 2674 12445
1 24843 21362
2 23988
2 67634
1 35081 51206
2 66514
1 26282 15452
1 43000 81390
1 3787 42539
2 10680
2 1045
2 15187
1 2498 64987
2 66378
1 71738 41963
2 904
1 60636 35984
1 53048 15910
2 79329
2 77479
1 33829 86523
1 76367 37586
2 18867
1 28227 81180
1 77850 59579
1 18179 23359
1 60141 50587
2 43688
2 62386
1 85348 78295
2 78089
1 81993 34907
2 42467
2 14880
2 61046
2 79221
1 75465 22068
2 48456
1 59251 71814
1 79931 82939
2 84157
1 74786 36549
1 27033 41063
2 18305
2 14358
1 12 56994
1 80064 31452
2 33236
2 1986
1 35747 50441
2 8411
2 17131
2 39684
2 85910
2 25395
1 9160 12966
2 75198
1 34480 50095
1 81617 20501
1 75093 12492
1 68867 7166
2 37583
2 80112
2 51323
1 38719 13615
2 75915
2 58287
2 9347
2 27688
2 63721
1 2377 27228
1 83993 8268
2 33038
2 10386
1 27924 40056
1 70836 80706
2 82697
1 73745 9724
2 63072
2 39751
1 39672 28274
2 47030
1 46056 9945
1 61306 7351
1 4545 40388
2 62056
1 57788 15524
2 42036
1 17580 85272
1 51863 8408
2 75474
2 22371
1 78405 11183
2 85973
2 60373
2 17429
2 16681
1 47300 17607
1 22768 33849
2 85417
2 69633
1 81109 68317
1 6923 37264
1 82396 75996
1 70154 28352
2 84470
2 57719
2 84194
2 14423
1 54554 61722
1 24364 84489
1 4835 83319
1 74468 52329
1 16736 22495
1 53999 61867
2 43408
1 78292 32298
2 76174
1 2155 8381
1 77301 22803
1 5807 84525
1 30170 82426
2 82131
1 22602 30550
1 67470 47285
1 79799 14697
1 1350 18643
1 79641 50940
2 29767
2 81075
2 42567
2 60949
1 85259 58886
1 75968 15264
2 71511
1 15862 15473
1 43870 23296
1 84208 37992
1 85557 56634
1 39150 20987
1 68916 5913
1 20475 9018
2 41962
2 54198
1 65596 43578
1 19395 75627
1 82383 51638
2 204
2 83025
1 73464 16718
1 43510 84893
1 25035 19353
2 30947
1 46410 39965
1 1784 45092
1 63170 24100
2 53232
2 58843
2 86416
2 85286
1 19903 42262
2 6779
2 2314
2 17824
2 35862
1 24730 66809
2 31678
1 4631 80587
2 70318
1 10455 53534
1 61614 25789
2 21981
2 41842
2 77248
2 27532
2 17034
2 8267
1 75765 44128
2 13907
2 33377
2 12738
2 123
2 29402
2 9547
1 41644 71160
1 45327 6553
2 581
1 77806 45223
2 75245
1 7018 83511
1 82783 1591
2 57228
1 5216 16225
1 50887 63473
2 80288
2 54980
1 36359 39552
1 81685 6643
2 42805
1 58751 48566
2 47408
2 27062
2 50091
2 53587
2 41023
1 74272 17786
1 38571 81258
2 79398
1 13643 29984
2 13733
2 67968
2 38441
1 63246 10604
1 36163 18551
2 23763
2 28692
1 37546 11161
2 38148
1 66366 85092
2 61037
2 77351
1 65063 67874
2 78795
2 18086
2 77223
1 36367 48366
1 33068 66916
1 17370 50875
2 24927
1 22755 73507
2 21599
1 46149 19553
1 10982 57442
1 76044 38728
1 28790 38049
1 49037 28685
1 45942 77050
2 79010
1 44037 9792
2 55631
2 31162
2 68764
1 60523 82588
1 40614 31400
2 11469
2 85931
1 74236 75259
2 49337
1 38007 27247
1 75595 48919
2 6924
1 6941 75714
1 2198 67414
2 70961
2 35397
1 11412 76010
2 21299
2 57735
1 58752 45384
2 20948
2 54687
1 82505 12288
2 5375
2 15423
1 55839 51675
2 18575
2 56278
1 5545 5087
1 64083 41636
2 45920
2 75823
2 61816
1 83540 43302
2 51639
1 46334 24465
2 51708
2 7793
1 3154 59467
2 21728
1 35622 71802
2 40709
2 82672
2 80875
2 45947
2 69104
1 65267 26595
1 29095 38772
2 75428
1 40719 1088
2 48512
2 13704
2 4420
2 34436
2 67772
2 41288
2 9648
2 45923
2 43530
2 41833
1 15789 68427
1 44884 67738
2 80850
1 13278 81937
2 22328
1 29180 4257
1 25150 38692
1 6334 52255
1 10843 22441
1 17305 34631
1 7288 76463
1 23077 18841
1 28499 47117
1 22761 52042
1 65237 67518
1 85661 10110
2 31583
2 84256
2 41592
2 5333
1 72364 30165
2 67533
2 84691
1 34286 68306
1 12640 10217
2 57804
2 9897
1 58752 77414
1 18365 936
2 49947
1 67070 28030
1 77532 33362
2 23847
2 2651
1 43669 47880
1 77955 29598
1 51133 39814
2 22349
1 82067 12545
2 72893
1 70984 34368
2 81469
1 54471 22911
2 45415
1 49463 29800
2 12652
1 37419 60532
1 75912 3542
1 40457 3895
1 23344 84350
2 35888
1 60087 79935
1 54993 20210
1 86093 74680
2 37133
2 69382
2 23845
1 12659 66100
2 33729
2 10953
2 11176
1 1704 50017
1 46592 37211
2 10386
1 64527 5703
2 84736
1 72873 72828
2 23418
1 38931 70551
2 62601
2 30768
2 77477
2 8593
1 7525 20541
1 57542 55832
2 8165
1 7918 26540
2 60746
1 24175 17186
2 57541
2 70150
1 72791 54113
2 9343
1 33261 6984
1 29610 62702
1 37135 83242
2 8089
2 33586
2 13987
2 3332
2 62788
1 17062 40512
2 74602
1 46945 72967
2 14471
2 69919
2 29799
1 82698 59408
2 81225
1 57336 30692
2 70360
2 2500
2 26858
2 37772
2 69608
1 4108 46403
2 78480
1 84017 13008
2 33429
1 15178 23766
1 11289 83173
2 5926
1 65207 83743
2 9519
1 81873 54403
2 48242
2 51885
1 68084 16532
2 79135
2 52629
1 68557 42063
2 64895
1 7709 59212
1 51421 27623
1 65626 53368
2 58412
1 14657 14237
2 63484
1 43953 75908
2 25450
1 60686 65123
2 73853
2 3910
2 39043
1 47106 7290
2 36712
2 76716
1 37748 43496
1 56699 66921
1 70935 58161
2 54490
1 68256 29846
1 34646 51070
2 17125
1 82274 21034
2 81855
2 35846
1 60008 33096
1 10675 25876
1 54171 19007
2 81630
2 21676
2 19143
1 29267 811
2 30781
1 31033 57955
2 69367
1 34153 58107
1 5606 7365
2 26153
2 80935
2 26874
2 51536
1 51768 46578
2 73443
2 12894
1 2999 60831
1 80905 56826
2 12811
1 64460 26991
1 35979 36437
2 3882
1 9806 4880
2 46633
2 64891
1 85299 30071
2 79050
1 39555 52483
2 42553
1 4547 83996
2 86227
2 27447
1 84336 5495
1 34185 75735
2 3703
1 69378 54154
2 61670
1 25370 20920
1 4606 60508
2 44161
2 9220
1 13667 60892
2 10630
2 15419
2 38042
1 4109 12071
2 40383
2 11592
2 19898
2 13664
1 19280 39033
1 50011 43639
1 11080 48338
1 20299 9002
2 41729
1 48183 15672
1 46797 14252
1 11445 73449
1 12366 23969
2 12240
1 56754 73029
1 76034 25474
1 86583 29651
1 11075 77988
1 78499 47529
1 33640 61729
1 9850 4761
2 71227
2 62243
2 66423
1 82056 49767
1 86460 19933
1 46382 56505
1 69328 56500
2 3171
1 48556 47486
1 9497 82228
1 71225 86230
2 36524
2 16356
2 73223
1 71569 21783
2 81874
2 30323
2 63534
1 32263 43912
1 49302 53940
2 37953
2 31179
2 72530
1 40382 57168
1 72098 7104
2 1866
1 24077 76308
2 45859
2 39644
1 11033 15402
1 48276 8204
1 28798 57505
2 12491
1 8426 43669
2 80955
1 75432 12074
1 60942 66304
2 62807
1 79544 13066
2 85941
1 36506 35458
2 51907
2 13622
2 26547
2 38692
2 54909
1 66951 59116
2 61318
2 31994
2 61041
1 13647 77047
1 52738 30542
2 49600
2 36534
2 25892
1 11963 34938
1 79738 61485
2 31842
2 81032
2 60912
1 83092 82768
2 75624
1 78694 42511
2 69153
1 57034 13107
2 20046
2 72572
2 29431
1 39190 24908
1 32340 46931
1 64182 40892
1 64662 15216
1 61166 58522
1 10742 49172
2 53252
1 45683 38867
2 19328
2 4497
1 60890 71185
2 9293
1 37744 67447
2 84674
1 1925 86104
1 66587 14732
2 1704
1 47928 12445
2 24458
1 49843 70140
1 73755 2880
2 78252
1 27722 23388
2 37014
2 44529
2 71506
1 43549 73430
2 14233
1 64527 38275
2 11732
1 28116 8107
1 54351 57949
2 79991
2 18168
1 83907 51578
1 67833 58364
2 75547
1 58174 21004
2 15135
2 22128
2 68940
1 75306 45150
1 35459 33804
2 20069
1 85519 35357
2 51713
1 9996 49032
1 5618 30277
2 45918
1 14260 17504
1 80844 79764
1 63511 69670
1 24117 18927
2 43580
2 38132
1 34993 238
2 30889
1 82331 5490
1 5314 31669
1 82717 76750
2 62491
1 2983 70934
1 82746 47761
2 26367
1 7383 45294
2 50962
1 57064 35524
2 17840
2 39511
2 61886
1 41244 27738
2 20267
2 27371
1 86358 39458
1 31243 85262
1 79003 68529
2 46481
1 37085 18287
1 50176 35889
1 19337 14268
2 58848
2 45991
1 36761 73729
2 57027
1 2916 23311
2 42373
2 2559
1 84049 42100
1 75840 1993
1 26337 20279
1 37051 16707
1 56388 30974
1 28648 26491
1 6447 63251
2 68579
1 61262 32034
2 79704
1 10115 82263
1 7576 37775
1 43955 307
2 70291
1 83830 20755
1 69721 77142
1 39717 66328
2 55703
2 39621
1 15304 80975
1 47337 59052
2 42821
2 77087
1 37281 75401
2 41774
2 75851
2 56830
2 46231
1 16765 83911
1 56481 63651
1 72723 10376
1 52631 25680
2 7213
2 26844
2 76375
1 79124 29678
2 28476
2 9554
2 86553
2 34963
1 41800 50161
1 39123 54701
2 16187
2 53516
2 9015
2 12780
1 73897 6874
2 75934
1 20738 29009
1 35644 18023
2 45197
2 84131
2 31118
2 82564
1 34376 82226
2 15169
2 45541
1 46051 54555
2 58831
1 36092 26243
2 72564
2 63414
1 17445 12470
1 62149 18205
2 20232
2 20818
2 15485
1 46286 11123
2 61454
2 39183
1 29536 54277
1 48905 46177
2 35686
1 35478 66254
1 11001 83698
1 4546 19798
1 80833 40029
2 62189
1 52421 85363
1 24082 79005
2 54693
1 37719 44768
2 51129
1 45466 14043
2 8270
2 69563
1 21059 27212
1 25604 7548
1 66975 47577
2 42577
1 61576 41352
2 85657
2 18733
1 25908 16990
2 72323
2 73818
1 42700 37666
1 5633 20641
1 73817 8391
1 59960 15939
1 40347 24054
1 82923 36981
1 84813 69210
1 79121 1355
1 18441 65471
2 51303
2 44775
2 50240
2 43051
2 63620
1 3641 32549
2 63600
1 60126 17359
2 23117
2 70060
2 19585
2 24193
2 14576
1 77685 40585
1 42400 48125
2 45980
2 41916
1 75314 66074
2 78954
2 67894
1 21061 1971
1 54140 25088
2 37612
1 35346 50832
1 47463 25946
2 85686
2 66128
1 75193 65065
2 47509
1 10998 36235
1 12063 28601
2 79956
2 80101
1 45 47653
2 15806
2 6609
2 57174
1 12026 83119
2 11125
1 29566 13161
1 55169 21716
1 36100 32714
2 83105
2 85087
2 85271
2 9611
1 51314 17802
2 67119
2 28722
2 81317
1 4246 38387
2 62496
1 78169 36196
2 46750
2 54984
1 51163 72010
1 9352 70509
1 8035 35191
1 49183 47043
2 71296
1 28635 13430
2 70490
1 71165 22290
2 7613
2 20398
1 40085 27686
2 55608
1 26833 41030
2 83310
1 40934 51883
2 27624
1 28261 79241
2 16373
2 20280
1 52317 39953
2 74606
1 75482 79960
2 79828
1 69725 16036
1 14751 42868
2 86269
1 36661 1154
1 17879 75903
1 6679 68556
2 23051
1 7031 19756
1 46983 48164
1 29164 84184
1 31742 77424
2 62006
1 1640 76756
2 52811
1 10407 2884
1 22957 67888
2 49983
2 9412
1 11030 59795
1 77911 36446
1 39487 1115
2 37083
1 33268 75045
2 8686
1 54211 85441
2 20434
1 70805 70443
1 7174 51744
2 57156
1 71351 54428
1 5097 19269
2 2081
1 2638 3195
2 259
2 26425
1 22587 82237
2 76798
2 52107
1 77458 36324
2 25366
1 53908 718
1 54168 32607
2 65458
2 48301
1 39783 39932
2 3516
1 78631 20658
2 75012
1 62827 66721
2 17869
2 51763
1 29103 53927
1 33138 68373
1 54868 35953
1 83900 61949
2 6152
2 26528
2 42882
2 47375
2 11240
1 70475 54483
2 11147
2 22073
1 60777 38476
2 28116
2 73830
2 75604
1 6392 24647
2 68341
1 53239 32850
1 59860 36270
2 20647
2 280
2 15621
1 13354 73893
2 82552
2 85092
1 31923 26620
1 66292 83646
1 21815 3450
1 68902 71790
1 35553 65178
2 55951
1 40650 37136
1 40930 46285
2 56231
1 57183 41085
2 8953
1 11121 1414
1 39217 67705
2 63994
1 74380 66291
1 20122 79981
2 85299
1 37287 60698
1 34961 28368
2 81246
2 64428
1 29379 18925
2 38331
1 2636 39745
1 2391 67988
2 66384
1 17934 46088
1 38055 20
1 83892 5561
1 58002 12290
2 46908
2 72611
2 37789
2 1357
1 78961 226
1 42136 509
2 44526
1 25655 24323
1 43588 30949
1 42181 30968
1 39486 83654
2 58026
1 70133 18347
2 16695
1 67632 17553
2 84884
1 86158 34600
1 79 77240
1 29114 63434
2 42481
2 80600
2 23154
1 29405 62639
2 68711
2 78527
1 52423 21783
2 3286
1 47041 2630
2 64632
1 43387 37770
2 34040
1 39057 10886
2 42077
2 59636
2 15011
2 25649
2 27738
2 32804
1 20567 45765
2 50056
1 4825 57635
2 53073
1 61544 9872
2 71487
2 49960
1 15335 28997
1 54319 2045
2 29868
1 48464 68056
1 16775 14272
1 37342 60036
2 810
1 22513 58444
2 36124
1 17338 6535
2 49364
1 12560 33859
1 41556 60430
2 4140
1 71043 59003
2 13050
1 22435 27321
2 59776
2 1808
2 30933
2 40106
1 20983 8180
1 27517 57367
2 85627
1 698 72484
2 21666
1 36699 18323
1 9114 71109
1 17004 6956
2 1123
2 20870
2 48393
2 34915
1 38528 55898
2 3131
1 27996 17096
2 11335
1 28888 43895
2 63624
2 65447
2 3120
1 67931 67249
2 1444
1 84192 22314
2 45997
1 27293 8446
1 43729 65662
1 1094 7071
2 4625
1 32278 80638
1 32276 57675
1 11135 53903
2 61102
2 47750
2 83815
1 76167 19541
2 82702
2 56867
2 48454
2 70222
2 22767
2 60327
1 16774 53144
1 39612 45958
2 56455
2 46430
2 78732
1 45244 31246
1 35315 20825
1 25428 64065
2 42834
2 3785
2 12797
2 40146
2 31032
2 67401
1 49516 20425
2 2582
2 61175
2 34912
2 51764
2 45103
2 76008
1 78930 14848
1 73722 57681
2 38046
1 45902 48211
2 9941
2 17233
1 37368 66748
2 80912
1 56260 16038
2 4584
2 4595
2 35536
1 34697 62001
1 49545 26482
1 67764 59587
1 16776 18901
2 53060
2 43468
2 27260
1 10991 46102
2 40858
1 12275 80276
1 2709 45409
1 38244 22824
2 60784
1 78618 678
1 59795 60264
1 37109 39703
2 50707
1 6894 34411
1 48268 5940
2 83966
1 86421 9653
1 74983 59487
2 22234
1 29795 4181
1 69502 82799
1 66101 16545
2 65302
2 54187
1 64899 43808
1 59848 60688
2 26327
2 2345
2 5120
2 34687
1 32023 41658
1 43166 31991
1 36170 14906
2 29852
2 40349
2 20260
2 59061
1 32851 16282
1 53238 37508
1 79564 82255
2 26639
2 72121
1 80889 17557
1 57176 21261
1 37643 57431
2 14321
2 25913
2 5569
2 69747
1 63363 63137
1 29588 29787
1 40241 69889
1 53239 9940
2 38772
1 77378 56328
1 47966 77589
1 85608 48432
1 60467 9665
2 75674
2 10518
2 40400
2 82508
1 16880 25707
1 57121 9008
1 70898 66073
1 23082 58414
2 79410
2 10911
2 60677
2 79381
1 30936 49584
2 20022
2 5770
2 65754
1 35314 61015
1 21559 48645
1 77693 71438
2 57178
2 42657
1 6538 35479
2 17448
2 85572
2 19760
2 18852
1 72269 85999
2 38577
2 81528
2 81782
1 49244 16754
1 84508 7859
2 17496
2 54120
1 15118 60657
1 79475 38643
2 78459
2 63433
1 5949 6727
1 52486 22501
1 12368 17441
2 7562
2 55644
2 12487
1 79299 70140
1 18287 37673
1 80530 58868
1 73417 10924
2 25828
1 2927 55255
1 56779 30902
2 79279
2 76487
1 51527 84049
1 67709 68902
1 42351 22153
2 34488
1 85442 7854
2 57723
1 28876 29185
2 54703
2 26934
1 38839 44251
2 16372
2 20475
2 7613
1 50858 12218
1 33173 76435
2 55325
2 3912
2 36472
1 11760 54733
1 40635 83917
1 8750 71660
2 39784
2 65423
2 822
2 35607
2 70515
1 18489 82732
1 12200 33118
2 28063
2 15681
1 20619 74572
1 35890 84263
2 80345
2 66585
1 13086 19782
2 78508
2 58353
1 31059 25984
1 12617 5011
2 7835
1 75678 59065
2 59825
1 50713 40982
2 67913
2 68069
1 70628 59983
2 9996
2 86066
1 25527 34392
2 80349
2 25815
1 38605 77951
1 46439 55699
2 18916
2 45064
1 33299 86045
2 14625
1 19487 53785
1 40008 72943
1 73614 32960
1 12553 27890
1 53440 53878
1 46491 5895
2 42640
2 52754
2 31788
2 72942
1 21513 72399
2 83263
2 64555
1 4123 17975
2 42689
1 30315 62196
2 58204
1 31532 25495
1 78022 31389
2 81200
1 50447 22491
1 38661 8845
1 20712 81243
2 17388
1 59023 28387
2 37536
1 24682 3076
1 290 67754
2 81823
2 60831
2 51258
1 80153 45870
2 44012
2 47019
2 37743
2 24462
1 38011 41849
1 57572 30774
2 8521
2 64070
2 73108
1 39888 61318
2 52586
1 23672 17256
1 17237 63126
2 21788
1 19719 25537
1 63262 49998
1 61812 52385
2 32796
2 46311
2 53085
1 60576 144
2 13877
1 84154 66462
1 21238 44256
1 85600 20794
1 20800 73357
1 46337 29949
1 56873 66064
1 22671 33526
2 19241
1 14127 32864
1 35241 33007
2 49117
1 39167 76117
1 60404 33786
2 19956
1 6540 1294
1 26452 8169
1 30704 65042
2 49641
1 52502 61913
1 6290 36578
1 78123 32357
1 80262 81474
2 32842
2 9374
2 25866
1 73739 1523
2 75033
2 56375
1 42909 491
2 61885
1 70444 74925
2 51348
1 30238 25654
2 62594
1 26963 18019
2 20343
2 25736
2 35965
2 21817
1 79042 57388
1 9368 14541
1 9858 83860
2 67654
1 62768 14188
1 17934 44425
1 11761 20432
1 38724 38450
1 19605 48549
2 54270
2 71592
1 43078 64046
1 5051 73413
2 9932
1 26904 84362
1 8033 60543
1 1048 39015
1 27381 50776
2 47218
1 71112 83417
1 33073 19303
1 78125 4308
1 34616 28892
1 205 15718
1 10137 59527
1 55037 44941
1 76118 44543
1 28546 9648
1 39860 81770
1 3310 66294
2 72951
2 951
2 51443
1 65841 46597
1 28833 46802
2 60916
1 30471 80441
2 75411
1 69709 80493
1 11667 3553
1 51526 85322
1 54835 65029
2 1737
2 81081
2 50328
1 59469 57464
1 48840 64804
2 70294
2 50644
1 75870 7
1 58991 80499
1 31196 44590
1 43260 43324
2 58633
2 17905
2 67776
1 14537 78643
2 74005
2 29582
2 74861
2 67090
2 13812
1 20374 13818
1 39904 54855
2 71099
1 80939 27772
1 18714 86404
2 36619
1 27338 56681
1 66519 37033
2 76576
1 66601 64849
2 47103
2 4133
2 76852
2 16988
1 33344 45998
2 6740
1 50116 23459
2 10471
1 16759 31196
1 73439 26995
2 71011
1 74528 11577
1 52789 49024
1 22680 13695
2 12945
2 74809
2 72654
1 25995 79393
2 76110
1 62373 86581
1 39670 78315
2 73647
1 62383 18609
2 50324
2 73949
2 39747
2 46870
2 3589
2 6164
1 24003 39356
2 10537
2 29339
1 56089 5124
1 23576 5332
2 1419
2 18166
2 11000
2 35202
1 2664 12266
2 82144
2 55450
2 79487
1 77541 64028
2 24647
2 61872
1 35162 31374
1 42878 15488
1 42322 16906
1 21026 1784
2 36328
1 37755 38991
2 39763
2 29463
1 80817 69488
2 71771
1 60488 56956
1 35772 71480
1 27684 4539
1 43171 76643
1 20615 15089
1 22399 51121
2 19923
1 54302 29712
2 49387
2 18879
2 2613
1 75926 10079
1 6833 52648
2 78312
2 62879
1 46016 66589
1 43435 616
1 61880 70140
2 77190
2 70144
2 40851
1 15369 60563
1 19524 63175
1 55988 33793
2 23359
2 10376
1 51309 33793
1 10737 13794
1 54171 61536
1 76589 5627
2 27731
1 34017 80299
1 67289 9080
1 79978 75729
1 23938 5668
1 46244 29027
1 17158 44110
2 11490
2 24947
2 76115
2 47357
2 29658
2 22592
2 22624
1 51099 80240
2 20718
2 77825
2 80551
1 15527 83061
1 44553 45963
2 49201
2 58270
1 37993 44091
2 77649
2 81644
2 57844
1 78106 41006
1 3156 81784
1 23873 20442
1 80858 61531
1 9797 58004
2 14888
2 36535
2 77552
2 50360
1 12846 73285
2 17706
1 48402 36088
1 459 77093
1 3614 72290
1 74613 53270
2 68883
1 26714 39218
1 63594 54105
2 13541
2 15638
2 3042
1 81729 76326
2 59973
1 81218 9474
1 81676 47105
1 45828 32807
2 33853
2 43114
2 35366
2 15904
1 7373 70008
2 20913
1 35843 50335
1 40976 45476
1 73792 65987
1 28961 75460
1 71175 35978
2 77542
2 32583
1 75938 36235
1 24716 66600
2 67375
2 47944
1 55424 31172
2 19171
1 77812 25185
1 25555 4584
2 54516
1 16045 86229
1 72096 77183
2 65217
2 16310
1 24561 1565
1 2496 68939
2 10978
2 84810
2 20181
2 59591
1 42577 5913
2 47161
1 12552 1156
1 12194 38254
1 49915 18087
2 25856
1 4362 50416
2 46364
2 65438
2 71554
1 34512 27116
2 51905
1 48571 55020
1 46068 62719
1 19159 63874
1 78478 62666
2 41805
1 33409 28200
1 84896 39154
2 44673
1 11576 80962
2 20897
1 72351 50398
1 33009 12381
2 46705
1 72480 14925
2 10306
1 37701 72971
2 40044
1 85824 68243
1 84132 67936
2 2756
1 68741 83717
2 3050
1 64951 13987
1 11372 73493
2 18615
1 31202 80665
2 41507
2 2816
2 54998
2 63230
2 71641
1 12318 52989
1 15073 8019
2 59329
2 43449
2 26107
1 81430 84604
2 40152
1 57898 71353
1 23014 73398
2 72955
1 28828 76353
1 43600 61407
2 16456
1 58335 31529
1 59273 51396
1 16134 57817
2 34108
1 75897 38987
2 5940
1 38114 63774
2 72050
1 27343 7828
1 17108 6834
2 39053
1 47564 74526
2 39631
2 45606
1 75537 61740
2 66830
2 83117
2 55911
2 22617
1 48531 46930
1 33994 84533
1 41821 72041
2 9193
2 25175
1 24663 13113
2 64293
1 8593 29270
1 30871 12602
2 47795
2 77536
2 19549
2 43863
1 60494 24996
2 18978
2 64970
2 19593
2 68118
2 11355
2 18418
1 31025 23497
2 20833
1 21468 80561
2 69262
2 76997
2 22653
2 4194
2 72133
1 27294 4524
1 52802 56080
2 40377
1 970 51731
1 66513 73198
1 3422 63795
1 68074 85263
1 67535 67937
2 57945
1 4670 69584
2 16479
2 22188
2 59652
2 57112
