587 5509
2 244
1 165 169
1 281 146
2 479
1 256 411
1 371 405
2 523
2 261
1 304 35
2 264
1 198 49
2 14
2 247
1 304 411
2 433
2 158
1 82 45
2 580
1 512 397
2 447
2 563
1 60 10
2 410
2 503
1 16 16
2 349
2 20
2 372
2 362
2 338
2 73
1 522 178
2 419
2 350
2 455
2 234
2 437
1 136 352
1 238 455
2 586
1 337 257
1 289 118
2 39
1 111 18
2 376
2 413
2 269
1 223 401
1 187 251
1 322 102
2 59
2 294
2 369
2 400
2 505
2 4
2 576
2 61
2 490
2 482
2 249
1 479 62
2 78
1 263 486
2 239
1 56 32
2 512
2 499
2 166
1 394 209
2 8
2 486
1 249 468
2 497
2 232
2 248
2 457
1 295 544
2 338
2 281
2 23
2 436
1 194 364
1 490 280
2 171
2 396
2 145
2 415
1 379 473
2 188
2 263
2 385
2 319
2 292
2 506
2 192
1 13 555
1 502 334
2 173
2 343
2 243
2 506
1 282 478
2 469
1 350 450
2 361
2 98
2 24
1 558 302
1 570 269
1 572 102
2 244
2 531
1 354 521
2 101
1 316 275
2 47
2 132
2 484
1 434 48
2 536
1 223 56
1 578 210
2 92
1 401 291
2 148
2 449
1 332 163
2 19
1 435 142
2 184
1 462 30
2 383
2 189
2 120
2 96
1 520 275
1 333 65
2 567
2 192
2 539
2 354
1 199 201
1 261 471
1 135 500
2 18
2 181
2 271
2 392
2 475
2 501
2 143
1 200 438
2 252
2 201
2 533
1 305 230
1 189 52
2 188
2 485
2 225
2 23
2 499
2 154
1 123 373
2 366
2 157
1 323 132
1 427 77
2 232
2 145
2 445
1 107 488
2 446
2 529
2 304
2 89
2 17
2 330
1 76 488
2 375
2 110
2 237
1 273 468
2 417
2 24
2 407
2 363
2 136
1 232 439
2 320
2 347
2 312
2 106
2 147
2 22
1 355 259
1 40 139
2 543
2 306
1 345 316
2 109
1 63 340
1 393 159
2 240
2 9
2 382
1 55 362
1 398 216
2 514
2 138
2 297
2 514
2 420
2 537
1 106 12
1 495 405
2 192
2 214
1 551 95
1 18 543
1 502 171
2 428
2 384
2 308
2 62
2 292
2 536
2 496
2 99
1 539 124
2 95
2 380
1 519 385
2 474
2 77
2 377
2 156
2 140
2 132
2 550
2 5
2 241
1 45 339
1 583 462
2 90
1 461 235
1 345 397
1 476 473
2 353
2 3
2 117
2 330
1 515 252
2 12
1 321 57
1 222 139
2 216
2 91
2 550
2 20
2 109
2 331
2 435
2 132
2 424
2 289
2 198
1 62 209
1 382 352
2 16
2 568
2 219
2 580
2 564
2 39
2 94
1 214 528
2 432
2 99
2 275
1 225 314
1 434 259
2 198
2 383
1 14 200
2 171
2 86
1 291 124
2 384
1 119 412
2 550
2 354
2 85
2 302
2 5
2 69
2 433
1 168 33
2 367
2 372
2 24
2 436
2 510
2 227
2 143
1 3 540
2 80
2 352
2 435
1 29 503
2 548
1 481 81
2 348
2 178
2 42
1 341 276
2 72
2 244
2 396
1 254 55
1 291 406
2 138
2 497
2 75
2 244
2 537
1 489 55
2 394
2 508
2 372
2 393
1 455 107
2 288
2 236
1 150 142
2 374
2 77
1 63 34
2 118
2 306
1 125 532
2 308
2 233
2 77
2 552
2 231
1 406 91
2 106
1 23 273
2 511
1 127 74
2 470
2 539
2 296
2 220
1 470 172
2 62
2 65
2 366
2 259
1 473 140
2 212
2 61
2 172
1 38 245
2 8
2 418
2 318
2 502
1 550 174
2 111
1 117 223
2 499
2 56
1 120 431
2 281
2 7
2 488
2 197
2 138
1 284 420
1 363 422
1 412 95
2 22
2 228
2 562
2 225
2 109
2 48
2 125
2 470
2 26
2 274
2 238
1 88 158
1 538 79
1 449 173
2 471
2 163
2 422
2 439
2 583
1 586 373
2 124
1 571 149
2 257
2 93
1 215 250
1 165 328
2 27
2 273
2 447
1 124 282
2 62
2 493
2 318
2 252
2 119
2 89
1 579 129
2 239
2 315
2 508
2 89
2 141
2 30
2 296
2 368
2 215
1 111 59
1 475 397
2 6
2 446
2 209
2 44
2 330
2 199
2 586
2 371
2 60
2 313
1 53 93
2 354
2 258
2 109
1 395 553
2 26
2 129
2 484
2 181
2 30
2 151
2 78
2 341
1 508 66
1 61 158
2 414
2 571
2 46
2 220
1 364 332
2 492
2 578
2 246
1 367 125
1 481 289
2 234
2 569
1 92 42
1 405 543
2 388
2 25
2 174
1 379 506
2 370
2 120
2 229
2 399
2 551
2 142
1 526 67
2 325
2 135
2 150
1 260 38
2 372
2 217
2 517
2 122
2 118
2 332
1 337 231
2 387
2 427
1 48 581
2 372
2 138
2 475
2 499
2 444
2 64
2 362
2 382
1 379 499
2 211
2 147
2 131
1 463 57
2 510
1 360 382
2 497
2 263
2 31
2 253
2 424
2 175
1 206 157
1 205 554
2 49
2 445
2 145
2 323
2 417
2 360
2 247
2 330
2 165
1 282 417
2 119
2 521
1 447 178
1 151 231
2 200
1 278 465
2 98
1 575 14
2 434
1 405 290
2 326
1 500 107
2 260
2 25
2 259
2 457
2 122
2 508
1 529 198
2 16
1 572 3
2 143
2 205
2 225
2 372
2 344
1 462 16
2 573
1 548 543
2 135
2 439
2 397
1 340 95
2 134
2 571
2 308
1 320 354
2 77
2 409
1 115 370
2 404
2 231
2 311
1 499 474
2 54
2 300
2 465
1 26 43
2 141
1 271 461
1 2 537
2 497
1 41 367
2 532
2 36
2 531
2 307
2 525
1 201 325
2 165
1 365 294
2 505
2 141
2 432
2 415
2 225
2 485
1 89 516
2 212
1 255 316
1 172 341
1 459 165
1 36 270
2 329
2 110
2 366
2 489
2 489
2 319
2 331
1 448 259
2 72
2 301
1 126 472
2 115
2 391
2 466
2 48
2 386
2 178
2 319
2 345
2 512
2 578
2 484
2 514
2 509
2 243
2 134
1 35 248
2 513
2 436
2 325
1 470 569
2 134
2 573
2 19
2 53
1 252 536
2 178
2 456
2 133
2 319
2 385
2 403
2 344
2 482
2 480
1 150 300
2 536
1 561 55
2 26
2 534
2 97
2 539
2 397
1 402 215
2 287
1 420 96
1 258 77
2 150
2 354
1 111 389
2 85
2 102
2 93
2 258
1 433 210
2 329
2 230
1 485 516
2 317
1 447 74
2 64
1 389 504
1 499 393
2 583
1 268 280
2 402
2 117
2 159
2 575
1 173 31
2 188
2 340
2 300
2 73
2 136
2 367
1 459 259
2 542
2 327
2 521
2 183
2 475
2 80
2 467
2 80
2 527
2 242
2 232
1 484 95
1 444 549
1 316 220
2 270
2 70
2 246
2 185
2 272
2 549
2 493
2 400
2 240
2 136
2 564
2 548
2 78
1 119 348
1 426 91
2 151
1 78 484
2 262
2 141
2 326
2 280
2 274
2 366
2 309
2 82
2 477
2 88
2 532
2 100
2 25
1 20 184
1 3 140
1 368 368
2 193
1 580 232
2 166
2 120
1 526 288
2 415
2 157
2 558
2 395
2 116
2 533
2 408
2 526
2 403
2 134
2 47
2 326
2 465
2 181
2 447
2 421
2 582
1 570 52
2 377
2 284
2 510
1 354 545
1 187 447
2 408
2 47
1 367 108
2 289
2 522
2 257
2 509
2 432
2 389
2 368
1 382 313
2 551
2 420
2 440
1 159 260
2 205
2 274
2 550
2 188
2 296
2 339
1 281 270
2 169
2 75
2 163
2 408
1 53 327
2 492
1 30 251
2 234
1 372 46
2 433
2 163
2 176
2 533
2 184
2 124
2 402
1 215 289
2 428
2 478
2 420
2 328
2 182
2 386
2 107
2 486
1 227 127
2 141
2 57
2 485
2 463
2 424
1 587 488
2 515
2 315
2 548
2 516
2 203
1 108 396
2 93
2 105
2 335
2 464
2 244
2 159
2 73
1 296 159
2 312
1 448 127
2 408
2 535
2 557
2 157
1 227 336
2 418
2 520
2 17
2 493
1 569 112
2 64
2 195
2 218
2 580
2 299
1 112 246
2 168
2 105
2 320
1 131 237
2 63
2 9
2 479
2 42
2 421
2 496
2 237
2 482
2 57
1 129 255
2 77
2 31
2 455
1 208 585
2 201
2 72
2 207
2 181
2 553
2 440
2 216
2 175
2 492
1 389 120
2 326
2 408
1 465 275
1 172 359
2 459
2 449
2 212
2 435
2 552
2 486
2 165
2 100
2 67
2 76
2 402
1 469 222
2 433
1 48 18
2 512
1 359 461
2 570
2 578
2 336
2 514
1 103 89
2 464
2 364
2 427
1 526 309
2 282
2 482
2 171
1 341 147
1 301 289
2 86
2 117
2 305
2 269
2 218
2 370
2 78
2 299
2 434
2 329
2 260
2 44
2 58
2 77
2 185
1 339 270
1 455 278
2 85
2 528
2 260
2 261
2 305
2 93
2 165
2 453
2 143
1 528 201
2 17
2 65
2 203
2 286
1 111 233
2 156
2 43
2 70
2 166
2 448
2 25
1 265 477
2 494
2 63
2 352
1 58 416
2 260
1 506 416
2 238
1 16 498
2 518
1 1 96
2 535
2 466
2 204
2 267
2 240
1 391 5
2 448
2 302
2 256
2 535
1 458 104
1 368 302
2 348
2 330
2 336
2 166
2 59
2 335
1 173 163
2 264
2 505
1 546 37
2 179
1 554 136
2 271
2 564
1 351 452
2 51
2 15
2 268
2 150
2 328
2 265
2 86
2 390
1 53 426
2 318
2 174
2 259
2 370
2 449
1 186 108
2 560
2 486
2 369
2 342
1 544 106
2 129
2 470
1 253 395
2 571
1 276 437
2 220
1 471 168
1 156 275
2 216
2 106
2 353
2 297
1 283 490
2 411
2 10
2 355
2 410
2 383
2 187
1 491 492
2 71
1 70 433
2 372
2 154
2 268
2 37
1 176 26
2 586
2 540
1 482 444
1 233 239
2 419
2 390
2 184
2 165
2 392
2 125
2 366
1 575 259
2 390
1 12 333
2 139
2 324
1 228 38
2 553
2 271
1 326 94
1 285 259
2 90
1 381 397
1 245 471
2 231
2 528
2 19
2 381
2 196
2 30
2 266
2 256
1 229 81
2 146
1 388 402
2 359
2 438
2 440
2 289
2 94
2 499
1 100 380
2 382
2 30
2 59
2 457
2 339
2 137
2 490
2 299
2 470
2 468
2 433
2 365
2 382
1 14 580
2 393
2 74
2 23
2 243
2 144
2 472
2 561
2 83
2 167
1 467 160
2 43
1 368 494
2 249
2 293
2 277
2 321
2 457
2 37
2 564
1 536 448
2 509
2 531
1 569 56
2 141
1 514 319
2 507
1 251 5
2 578
2 576
2 44
1 242 167
2 305
2 4
1 121 512
1 64 517
2 206
2 190
2 501
2 343
2 519
2 424
2 84
2 311
2 248
2 310
2 310
1 261 401
1 468 325
1 531 342
2 236
2 496
2 156
2 419
1 435 512
2 170
2 116
1 76 450
2 385
2 543
1 123 356
1 3 181
2 33
1 339 269
2 247
2 505
2 89
2 9
2 578
2 107
2 157
2 142
1 66 504
1 563 40
2 251
2 381
1 162 402
1 430 165
2 100
1 528 275
2 537
2 238
1 568 430
2 250
2 347
2 575
2 465
2 480
2 242
2 323
1 262 356
2 426
2 431
2 575
2 255
2 80
2 325
2 422
2 396
1 215 211
2 494
2 5
2 215
1 245 37
1 506 392
1 344 526
2 438
2 29
2 124
1 9 535
2 517
2 563
2 530
2 226
2 360
2 321
1 564 566
2 212
1 501 18
1 526 429
2 39
2 369
1 565 464
2 232
1 511 207
2 453
2 540
2 252
2 209
1 333 274
2 545
2 436
2 85
2 577
2 499
2 217
2 511
1 355 155
1 278 448
2 231
1 340 119
1 22 327
1 442 14
2 399
2 286
2 442
1 537 203
2 483
2 318
2 11
2 60
2 450
2 470
2 347
2 211
2 331
1 441 185
2 291
2 407
1 42 261
1 78 550
2 60
2 297
2 566
2 24
2 331
2 31
2 464
2 220
2 583
2 341
1 393 44
2 299
2 477
2 529
2 22
2 114
2 305
2 468
2 189
2 103
2 59
2 182
1 331 82
2 587
2 159
2 553
1 190 172
2 162
2 451
2 209
2 173
2 142
2 286
1 168 388
2 226
2 318
2 243
1 16 242
2 175
2 286
2 410
2 577
2 157
2 341
2 4
2 465
2 65
2 62
2 550
2 545
2 15
1 205 413
2 533
2 357
2 518
2 575
2 27
1 131 554
1 583 57
2 460
2 476
2 437
2 171
1 164 133
2 244
2 560
2 282
2 283
2 223
2 521
1 260 579
2 313
2 323
2 300
2 156
2 403
1 308 573
1 471 205
2 215
2 345
2 323
2 423
2 272
2 290
2 502
2 209
1 257 531
2 556
1 250 157
2 342
2 199
2 521
2 351
2 444
1 375 266
2 298
2 515
2 411
2 367
2 17
2 534
2 187
1 358 523
1 571 364
2 270
1 229 173
1 463 116
1 251 382
2 48
2 557
2 413
1 453 190
2 545
1 516 144
1 373 166
2 357
1 263 126
1 491 298
1 367 413
1 117 294
2 251
1 287 250
2 152
1 397 34
2 32
2 302
2 508
2 311
2 496
1 489 280
2 199
2 343
2 531
2 318
1 296 27
2 545
1 286 72
2 406
2 75
2 31
1 462 584
1 151 493
2 53
1 102 338
2 531
2 471
2 180
2 284
2 366
2 526
2 399
2 557
1 144 510
2 60
1 154 200
2 146
2 174
2 13
2 358
2 373
2 31
2 559
2 257
2 54
2 575
2 264
2 79
2 53
2 553
2 563
2 558
2 76
2 39
1 241 396
2 113
2 247
1 108 60
1 31 200
2 105
2 378
1 229 284
2 51
1 224 27
2 281
1 163 11
1 425 251
2 54
1 216 301
1 410 447
2 528
2 387
2 210
2 280
2 547
1 576 382
2 102
1 70 336
2 80
1 556 330
2 22
1 404 409
2 313
2 579
1 328 465
2 37
2 77
2 187
2 51
2 519
2 450
2 488
2 80
2 549
2 109
2 102
2 392
2 237
2 312
1 487 189
2 523
1 450 585
2 92
2 582
2 286
2 23
2 524
2 194
2 10
2 555
2 313
2 18
2 18
2 38
2 104
2 526
1 273 523
2 364
2 28
2 356
2 495
2 495
1 321 479
1 122 446
2 434
2 495
2 321
2 20
1 514 518
2 445
1 285 478
2 355
2 39
2 562
2 337
2 42
2 361
2 279
1 124 213
2 31
1 343 440
2 80
2 231
2 311
1 126 288
2 567
2 212
1 266 158
1 148 287
2 8
2 48
2 56
1 335 173
1 178 113
2 344
2 72
2 288
2 397
2 265
1 366 477
1 45 134
1 279 420
2 373
2 255
2 495
2 520
2 55
2 280
2 540
2 554
2 545
2 120
2 410
2 485
2 409
2 433
2 394
2 466
2 117
1 363 112
2 295
2 461
2 558
2 443
2 323
1 271 468
2 477
2 455
2 176
1 489 21
1 295 459
2 473
2 132
2 187
1 43 552
2 533
1 180 476
2 2
1 106 556
2 582
1 294 368
2 569
2 41
2 563
2 515
1 574 146
2 260
2 324
2 508
2 245
2 158
1 189 211
1 157 50
1 2 430
2 522
2 314
2 427
1 561 441
1 47 587
2 307
1 428 530
1 110 275
2 354
2 564
2 451
1 200 42
2 42
2 244
2 313
2 379
2 365
2 10
2 318
2 218
1 540 160
1 149 521
2 502
2 367
2 150
2 178
2 222
2 277
2 172
2 269
2 276
1 281 285
2 12
2 262
1 350 508
2 499
1 503 413
2 369
2 291
1 69 481
2 375
2 54
2 259
2 8
2 542
2 232
1 386 129
2 484
2 181
2 477
2 11
2 175
2 280
2 334
2 446
2 222
2 63
2 287
2 361
2 426
2 53
2 534
2 184
2 159
2 525
2 485
2 524
2 413
1 37 160
2 482
1 458 10
1 137 384
2 584
2 41
2 256
2 90
2 149
2 95
1 543 230
2 577
2 156
2 468
2 62
1 261 230
2 270
2 123
2 76
1 270 117
2 525
2 439
2 316
2 56
2 587
2 498
2 450
2 565
1 431 39
1 191 356
2 548
2 54
2 392
1 469 508
2 494
2 545
2 491
2 509
1 1 206
1 76 155
2 54
1 397 179
1 1 534
2 48
1 587 160
2 345
1 161 452
2 335
2 401
1 410 410
1 497 28
1 573 270
2 39
2 232
2 356
2 338
2 366
1 302 25
2 146
2 500
2 187
2 506
2 72
2 497
2 325
2 82
2 293
2 522
1 234 238
1 552 575
2 417
2 3
2 513
2 7
2 332
2 259
2 281
2 165
2 542
2 213
2 472
2 39
2 138
2 56
2 324
2 326
2 217
2 94
2 151
2 67
2 381
2 232
2 154
2 437
2 558
1 318 442
2 356
2 291
2 315
2 538
2 241
2 75
2 197
2 306
2 370
2 264
1 518 424
2 500
2 543
2 421
2 324
2 129
2 365
1 398 280
1 255 520
2 416
2 179
2 567
2 2
1 325 283
2 161
2 196
1 86 79
2 446
2 427
2 398
2 504
2 571
1 549 3
2 378
2 369
2 156
1 97 421
2 379
1 414 509
2 346
2 478
2 39
2 125
2 189
2 115
2 399
1 445 488
2 322
1 470 417
2 312
2 240
2 305
2 305
2 168
1 493 58
2 531
2 560
2 38
1 344 521
1 254 378
1 355 199
1 237 28
1 548 541
2 439
1 264 244
2 432
1 64 576
2 94
1 214 323
1 102 167
2 476
2 447
2 187
2 13
2 85
2 471
1 3 322
1 267 565
2 198
2 278
2 25
1 198 326
2 247
2 447
1 402 367
2 64
1 145 77
2 316
2 446
2 348
2 585
1 245 213
2 115
2 83
2 448
2 552
2 26
2 1
1 293 367
2 356
2 72
2 395
2 277
2 415
2 519
1 237 263
2 47
1 114 129
2 562
1 68 116
1 545 203
2 337
2 115
2 576
2 211
2 74
2 222
2 110
2 400
2 416
2 479
2 138
2 309
2 16
1 314 36
1 16 310
2 85
1 536 160
2 159
2 97
2 263
2 255
2 571
2 418
2 79
1 57 273
2 255
2 393
2 324
2 84
2 68
1 557 16
1 580 175
2 176
2 219
2 74
2 243
2 551
1 427 173
2 112
2 147
2 582
1 223 306
1 355 374
1 325 476
1 404 63
2 80
2 466
2 543
1 81 303
2 416
1 321 308
2 510
2 153
2 82
2 222
2 316
2 430
2 571
2 544
2 469
1 15 434
2 57
2 41
2 93
2 1
2 264
2 335
2 493
2 386
2 559
2 95
2 106
2 224
1 278 356
2 400
2 228
2 13
2 400
2 351
1 459 263
2 125
1 422 117
2 220
2 406
1 77 59
2 398
1 2 88
2 384
2 94
1 259 106
1 71 564
2 513
2 396
2 59
2 465
2 339
2 157
2 167
1 302 342
2 83
2 219
2 226
2 486
2 377
2 119
2 68
2 459
2 146
1 148 138
1 323 476
2 566
2 315
2 520
2 343
2 499
1 407 137
2 306
2 554
2 91
2 551
2 459
2 74
2 288
2 425
2 99
1 88 317
2 387
2 544
2 350
2 289
2 178
2 562
2 520
1 328 520
1 169 391
2 243
1 348 453
2 457
1 174 544
1 562 430
1 18 71
2 59
1 222 236
2 283
1 344 240
1 276 161
1 166 308
2 516
2 577
2 24
1 290 567
1 351 497
1 368 67
2 426
1 559 162
2 255
2 93
2 260
2 154
2 33
2 265
2 528
2 78
2 468
1 31 463
2 527
1 585 93
2 511
1 469 85
2 136
2 533
2 478
2 283
2 520
1 296 568
2 50
2 147
1 11 264
1 315 290
2 400
2 48
2 400
1 407 254
1 37 199
1 514 99
2 45
2 217
1 98 487
2 329
2 319
1 397 211
2 100
2 553
2 483
2 468
1 194 134
1 317 420
1 331 518
2 375
1 293 128
2 192
2 560
1 336 311
2 46
2 321
2 516
1 463 216
2 374
2 403
2 226
2 363
2 252
2 343
2 57
2 30
1 574 2
2 322
2 294
2 363
1 434 291
1 310 507
2 96
2 498
2 140
1 481 108
2 332
2 281
2 421
2 222
1 398 294
1 210 587
2 72
2 116
2 527
2 368
2 20
1 533 51
1 178 31
2 160
1 480 528
2 400
2 470
1 148 177
1 444 263
2 15
1 418 376
2 255
2 350
2 526
2 498
2 473
2 476
2 302
2 72
2 267
1 520 573
2 196
2 586
2 408
2 246
1 475 561
2 131
1 353 156
2 350
1 90 291
1 222 92
2 293
2 38
2 74
1 343 269
1 341 226
2 440
2 361
2 532
2 458
2 204
2 472
2 129
2 344
2 195
2 477
2 76
2 188
2 124
2 4
2 371
2 375
1 201 235
2 232
2 508
1 290 34
1 343 249
1 186 368
2 207
2 124
2 358
2 18
1 342 109
2 125
1 107 435
1 428 485
2 514
2 353
2 526
2 145
1 177 330
1 400 536
2 524
2 256
2 423
2 176
2 469
2 455
2 235
2 503
2 347
2 37
2 144
2 433
1 337 109
2 391
2 153
2 532
1 43 366
1 192 41
2 161
2 376
2 161
2 238
2 300
1 329 412
2 391
2 98
2 453
2 30
1 540 405
1 10 447
2 488
1 310 497
1 236 372
2 397
2 358
2 538
2 517
2 421
2 293
2 47
2 318
2 118
2 68
2 367
2 291
2 152
1 263 37
2 135
2 144
1 15 332
1 38 262
2 545
2 564
1 215 221
1 465 425
2 532
2 16
2 236
2 197
1 219 234
2 353
2 400
2 578
1 47 116
1 318 73
2 381
2 375
2 427
2 25
2 284
2 91
2 205
2 525
2 264
1 295 29
1 194 253
2 337
1 340 329
1 500 488
2 547
2 98
2 114
2 548
2 92
2 225
2 183
1 509 447
2 303
2 154
1 228 378
2 27
2 74
2 217
2 140
1 423 325
2 36
2 195
2 125
2 156
2 14
2 17
2 323
2 22
2 315
2 441
2 362
2 220
1 374 367
2 49
2 555
2 237
2 477
2 125
2 410
2 408
2 236
2 136
2 389
1 368 137
1 514 498
2 233
1 495 13
2 43
2 111
2 538
2 214
2 323
2 115
2 428
2 190
1 563 243
2 87
2 319
2 37
1 259 270
2 253
2 460
2 582
1 119 32
2 419
1 3 439
2 44
2 278
1 74 340
2 257
2 173
1 64 209
2 410
2 207
2 259
2 457
2 236
2 372
2 407
1 6 258
2 50
2 322
2 198
2 431
2 88
2 528
2 225
2 60
2 37
2 548
2 91
2 438
2 85
2 571
2 360
2 324
2 452
2 277
1 307 121
2 481
2 543
2 447
2 278
1 410 499
2 25
2 409
2 253
2 316
2 359
1 65 96
2 516
2 446
2 547
2 92
2 202
2 70
2 507
2 296
2 345
1 440 520
2 401
2 392
2 9
2 477
2 345
1 1 585
2 78
2 570
1 570 271
2 53
1 222 486
2 137
2 31
2 263
2 477
2 233
2 543
1 82 115
2 140
1 325 144
2 368
2 536
2 397
2 490
2 60
2 442
2 218
2 272
2 313
1 515 546
2 558
2 21
2 93
1 287 417
2 154
2 17
2 48
2 527
1 141 587
2 82
2 142
2 554
1 278 215
2 323
1 193 176
2 278
2 420
2 272
2 304
2 326
2 103
2 432
1 466 518
1 547 213
2 12
2 499
2 568
2 112
1 327 374
2 104
2 226
2 1
2 558
2 361
1 246 12
2 471
2 325
2 23
2 497
2 390
2 410
2 42
2 3
2 481
1 558 210
2 311
2 157
2 265
2 243
2 116
2 394
2 461
2 115
2 510
2 387
1 144 256
1 164 346
2 145
1 469 354
2 193
1 105 560
1 122 303
1 237 352
2 415
2 242
2 308
1 264 107
2 407
1 38 71
1 450 215
1 331 68
1 23 217
2 583
1 35 298
1 358 149
2 186
2 350
1 267 13
2 374
2 384
2 218
2 530
2 168
2 497
2 286
2 538
2 15
2 234
2 459
1 47 566
2 506
1 490 185
2 380
1 107 263
2 324
2 409
2 296
2 400
2 84
2 67
1 520 59
2 331
2 21
2 583
1 469 497
2 66
2 78
2 31
1 90 441
2 499
1 263 297
1 379 380
2 532
2 93
2 92
2 20
2 386
1 495 267
1 193 419
2 358
2 52
1 306 580
1 304 336
2 13
2 393
1 238 337
2 417
1 232 426
2 430
1 48 424
1 233 117
1 255 561
2 393
1 516 385
1 232 220
2 331
2 240
2 534
1 363 450
2 7
1 449 437
1 583 360
1 229 476
2 570
2 379
2 119
2 260
2 38
1 473 368
2 125
2 222
2 451
1 203 458
1 151 394
2 233
2 317
1 229 485
1 177 363
1 382 256
2 421
1 55 306
2 330
1 336 552
2 199
2 507
1 181 157
1 237 389
2 554
2 30
2 466
2 401
2 1
2 533
2 449
2 226
2 330
2 356
2 460
2 103
1 210 284
2 346
2 424
2 73
1 176 111
2 381
2 521
1 79 466
2 527
2 114
2 296
2 490
2 229
1 279 20
1 62 55
1 81 478
2 154
1 420 351
2 300
2 333
2 439
2 155
1 177 268
2 559
2 502
2 265
1 513 371
1 74 425
1 154 402
2 394
2 473
1 377 185
2 209
2 369
2 107
2 10
2 259
2 497
2 215
2 131
2 45
2 300
2 238
2 371
1 347 434
2 4
2 535
2 519
2 475
2 5
2 534
2 479
2 462
2 316
2 282
2 180
2 255
1 535 295
2 239
2 39
1 145 348
1 251 366
2 139
2 25
2 250
2 338
2 365
2 580
2 270
1 266 480
2 500
2 84
2 166
1 143 166
2 577
2 119
2 134
2 159
2 116
2 235
2 172
1 441 251
2 123
2 363
2 73
1 530 156
2 108
2 21
1 335 11
2 541
2 280
2 24
2 499
2 172
2 102
2 304
2 367
1 136 142
2 209
2 558
2 382
2 331
2 24
1 499 84
2 364
1 502 474
2 500
2 58
2 6
2 167
2 193
2 580
1 208 288
1 178 239
2 429
2 119
1 233 31
2 525
2 485
2 368
2 438
2 429
2 277
2 555
2 535
1 301 456
2 1
1 32 326
2 548
2 214
2 127
2 448
2 138
2 2
1 216 526
2 145
2 552
2 294
2 434
1 573 302
2 73
2 413
2 101
2 205
2 198
2 58
2 481
2 76
2 286
2 421
1 436 160
1 335 453
2 181
2 370
2 99
1 575 11
2 176
2 458
2 80
2 547
2 182
2 386
2 27
1 583 1
2 155
2 446
2 497
2 499
2 109
2 133
2 107
2 445
2 343
2 68
2 394
2 311
2 176
2 161
2 469
2 551
1 360 497
2 269
1 141 47
2 237
2 500
2 65
2 331
2 204
1 36 10
2 434
2 451
2 392
1 288 52
1 411 412
2 141
1 384 281
1 27 18
2 27
2 57
2 191
1 174 1
1 271 189
2 414
1 337 305
1 125 357
1 35 181
2 175
2 264
1 86 378
2 578
1 506 134
2 109
2 47
1 268 317
2 372
2 523
2 535
2 333
1 168 454
2 48
1 344 399
1 516 276
2 7
2 148
2 52
2 323
2 540
2 502
2 461
2 359
1 92 321
2 396
2 368
2 36
2 222
2 166
2 122
1 244 387
1 383 438
2 205
2 424
2 536
2 255
2 31
2 272
1 337 167
2 204
2 287
2 354
2 364
2 428
2 247
2 386
1 164 271
2 285
1 127 321
1 381 500
2 217
2 248
2 437
2 256
2 285
2 335
1 404 425
2 74
1 70 459
1 233 142
2 17
2 259
2 115
2 250
2 442
2 171
2 457
2 249
2 540
2 272
2 18
2 386
2 366
2 137
2 274
2 296
1 113 54
2 227
2 289
1 47 309
2 40
2 164
2 115
2 577
2 159
1 581 44
2 359
2 495
1 272 273
2 562
2 370
2 112
2 390
2 108
1 343 234
2 506
2 576
1 512 461
2 106
1 323 377
2 321
2 334
2 57
2 154
2 433
2 139
1 145 574
2 342
2 334
2 248
1 205 369
1 79 61
1 32 471
2 344
1 219 90
2 275
2 537
1 84 204
2 77
2 515
2 103
1 11 319
2 453
2 373
2 101
2 203
2 403
1 563 107
2 65
2 43
2 525
2 474
2 373
1 76 387
1 178 143
2 583
2 276
2 18
2 206
1 296 338
2 432
1 546 113
2 535
1 267 559
2 240
1 546 289
2 345
1 540 487
2 36
1 113 141
1 206 346
1 1 97
1 433 496
2 45
2 32
2 139
2 461
2 377
2 166
2 264
1 192 250
2 227
2 218
1 445 510
2 44
2 395
2 443
2 168
2 263
2 361
2 376
2 278
2 152
2 404
1 123 8
2 228
2 459
2 187
1 454 486
1 551 380
2 406
2 283
2 445
1 253 345
2 486
2 109
2 565
2 52
2 20
2 414
2 87
2 114
1 312 99
1 275 479
2 181
2 508
2 19
2 412
2 432
2 485
2 446
2 53
2 148
2 125
2 586
2 419
2 375
1 298 484
2 189
1 272 350
2 431
2 529
1 143 374
2 40
2 9
2 466
2 236
2 217
2 123
1 128 322
2 445
2 285
2 308
2 220
2 359
1 437 388
1 79 174
2 119
2 62
2 52
2 441
2 284
2 297
2 365
2 274
2 237
2 257
1 463 476
2 322
2 549
2 28
2 382
2 245
2 55
2 19
2 391
2 579
2 77
2 405
2 62
2 517
2 382
1 582 357
2 403
2 46
2 8
1 405 88
2 372
2 454
2 437
2 170
2 385
2 304
2 526
1 501 456
2 382
2 66
2 513
2 131
2 492
1 230 396
2 147
2 40
2 244
2 444
2 404
2 245
1 116 184
2 29
2 55
2 66
2 60
2 175
2 49
1 501 278
2 312
2 328
2 24
2 328
2 484
1 295 142
2 497
1 509 526
2 63
1 28 270
2 106
2 184
2 22
1 518 82
2 442
2 173
2 394
1 518 377
2 312
2 81
2 429
1 247 391
1 94 506
2 1
2 450
2 351
2 282
1 53 190
2 549
2 273
2 362
1 231 5
2 249
2 410
1 260 69
1 498 163
2 504
2 96
2 434
2 424
2 226
2 318
1 524 180
2 378
2 10
2 133
2 357
2 521
1 64 3
1 61 252
2 64
1 93 430
2 38
2 475
2 242
2 298
2 558
2 56
1 27 164
2 138
2 34
2 466
1 160 391
2 498
2 308
2 481
2 259
1 3 233
2 332
2 79
2 582
1 65 6
2 229
2 432
2 357
2 126
2 162
1 284 160
2 91
2 298
2 329
1 417 561
2 248
2 262
2 580
2 321
1 64 49
2 496
2 264
1 422 303
2 438
1 405 255
1 475 553
1 216 368
1 277 465
1 274 139
2 266
2 155
2 146
2 345
2 587
2 51
2 323
2 359
2 114
1 584 1
2 586
2 533
2 580
2 582
1 135 416
2 217
2 556
1 361 313
2 360
1 139 367
1 434 138
2 47
1 560 48
2 58
2 447
2 430
1 556 195
2 385
1 120 455
1 568 228
2 569
2 425
2 453
2 53
2 55
2 428
2 234
2 172
2 289
2 13
2 114
2 47
2 520
1 452 300
1 92 306
2 265
2 7
2 222
1 221 277
2 61
2 566
2 561
2 190
2 161
1 320 454
1 404 473
2 269
2 39
2 578
1 125 133
1 255 442
1 562 131
2 35
1 476 23
2 37
1 286 197
1 105 64
1 509 536
2 277
1 444 223
2 370
2 344
2 101
2 555
1 502 465
1 521 354
2 101
2 518
1 87 150
2 237
2 586
1 66 275
2 509
2 29
2 344
2 179
2 243
2 106
2 111
2 91
2 20
2 440
2 77
2 186
2 175
2 153
2 585
2 352
2 512
2 383
2 339
2 299
1 207 405
2 404
1 415 367
1 18 220
2 182
2 533
1 420 465
2 366
2 2
2 468
2 96
1 368 521
2 166
1 31 570
2 435
2 79
2 499
2 520
2 451
2 291
1 10 256
2 462
2 362
1 98 375
2 448
2 120
2 407
2 390
1 472 324
2 550
2 163
2 557
2 96
2 299
2 243
2 154
1 184 16
1 281 477
2 229
2 11
1 37 231
2 13
2 38
2 164
2 513
2 131
2 491
2 231
2 19
2 525
2 380
2 515
2 516
2 389
2 417
2 269
2 190
2 262
2 45
2 475
2 233
1 489 136
2 133
1 486 416
2 207
2 570
2 456
2 540
2 143
2 144
2 15
1 279 363
2 323
2 34
2 520
2 281
2 19
1 162 5
2 105
2 36
1 345 578
2 384
1 226 252
2 223
1 397 502
2 43
2 416
2 29
2 302
2 3
2 221
2 411
1 355 35
2 441
1 161 524
1 582 249
2 59
2 278
2 386
2 585
1 321 74
2 169
1 545 258
2 265
2 105
1 276 139
2 217
2 56
2 365
2 576
2 195
1 154 150
2 60
2 553
2 307
2 48
2 160
1 461 425
2 565
1 2 203
2 305
2 274
2 257
2 33
2 18
2 287
1 423 433
2 475
1 293 90
2 560
2 78
2 261
2 498
2 479
2 41
2 6
1 328 350
2 447
2 329
2 268
2 360
1 569 247
2 274
2 197
1 173 361
2 433
2 177
2 142
2 469
2 557
2 252
2 506
2 213
1 48 481
2 407
1 396 154
2 170
2 126
2 162
1 95 7
2 358
1 378 235
2 302
2 10
2 22
2 77
2 261
2 214
2 31
1 571 184
2 153
2 536
2 421
2 162
2 170
2 274
2 254
2 261
2 12
1 565 26
2 298
2 15
2 462
2 492
2 403
1 98 75
2 165
2 283
2 509
1 433 196
2 186
2 258
1 295 572
1 408 462
2 194
2 101
2 107
2 99
2 319
2 84
2 448
1 362 361
2 226
2 282
2 478
2 568
1 447 52
1 267 513
2 460
2 101
2 181
2 213
2 510
2 273
2 442
2 451
2 524
1 507 306
2 484
2 466
2 230
2 512
2 529
2 456
2 25
1 110 216
2 299
2 276
1 315 218
2 178
1 531 354
2 336
2 422
2 131
1 436 61
2 432
2 285
2 18
1 456 214
1 237 512
2 513
2 564
2 89
1 161 119
1 99 455
2 521
1 477 457
1 37 317
2 126
2 152
2 497
2 443
2 344
2 183
2 535
2 585
1 574 245
1 581 344
2 340
1 268 316
1 275 440
2 127
2 150
2 381
2 384
2 80
2 189
2 582
2 95
1 345 81
2 85
2 80
2 500
2 47
2 175
1 255 310
2 319
2 311
2 106
2 434
2 421
2 534
1 344 129
1 188 209
2 272
2 222
2 369
2 184
2 425
2 438
2 38
2 107
1 454 212
2 300
2 376
2 517
2 264
2 198
2 266
2 223
2 62
1 504 312
2 100
2 135
2 297
1 206 490
1 73 201
2 459
2 525
1 25 228
2 82
2 507
2 265
2 482
2 501
2 50
2 585
2 178
1 582 437
2 571
1 399 184
2 358
2 542
2 304
2 292
2 107
2 233
1 439 214
2 440
1 245 483
2 444
2 143
2 510
2 509
2 194
2 482
1 471 436
2 275
1 491 160
1 202 479
1 140 105
2 579
1 446 562
2 389
2 553
1 57 435
2 21
2 526
1 178 497
2 377
2 555
2 343
2 568
2 371
2 512
1 199 228
2 173
2 319
2 104
2 450
1 479 471
2 505
1 429 414
2 305
2 378
2 526
1 152 259
2 359
2 510
1 410 440
2 548
2 36
2 316
2 275
2 456
2 212
2 280
1 250 84
2 127
1 159 282
1 417 220
2 99
2 233
2 82
2 556
2 84
1 68 69
2 362
1 331 73
2 110
2 114
2 4
2 446
2 521
1 78 240
2 264
2 258
2 550
2 240
2 390
1 369 458
2 231
1 167 303
2 363
1 458 55
2 198
2 252
2 263
2 458
2 92
1 546 363
2 265
2 15
1 459 383
2 295
2 418
2 416
2 323
2 220
2 4
2 377
2 48
2 171
2 427
1 430 473
2 143
1 139 244
1 98 126
2 479
2 331
2 67
1 175 68
2 52
2 142
2 413
1 566 583
2 493
2 122
2 468
1 201 107
2 3
2 219
1 182 457
2 34
1 337 209
2 62
2 161
2 187
1 565 252
2 344
2 498
1 121 379
1 321 485
2 323
2 126
2 369
2 69
1 105 493
2 282
2 457
1 256 56
1 320 307
2 76
2 578
2 84
2 441
2 440
1 314 127
1 51 583
2 120
2 247
1 95 528
2 551
1 420 106
1 152 499
2 314
1 139 440
2 95
1 37 534
1 350 161
1 401 156
2 20
2 587
1 234 27
2 284
2 214
1 476 452
2 37
1 436 175
2 568
2 409
2 303
2 453
2 420
2 31
2 372
2 259
2 403
2 383
1 366 9
1 254 460
2 290
2 308
2 166
2 233
2 391
2 208
1 497 41
2 27
2 481
2 59
1 185 430
2 370
2 460
2 549
2 403
1 469 210
2 135
2 535
2 475
2 503
1 66 43
2 93
2 320
2 487
2 60
2 165
2 38
2 459
2 544
2 337
1 570 52
2 567
1 441 542
2 356
2 221
2 524
1 326 256
2 313
2 421
2 308
1 266 432
2 264
2 80
1 400 63
1 545 129
1 398 83
2 253
2 114
1 291 513
1 47 200
2 103
1 16 497
2 281
2 275
2 316
2 144
1 417 296
2 545
2 570
2 513
1 395 39
1 185 551
1 231 251
2 420
2 423
2 425
1 171 113
2 573
2 390
2 383
2 373
2 218
2 554
1 90 448
1 149 46
1 182 276
2 3
1 525 512
2 362
2 195
2 461
2 527
1 380 322
2 252
2 252
2 215
2 283
2 248
2 121
2 26
1 133 115
1 157 39
2 18
2 135
2 213
1 518 563
1 340 510
2 1
2 52
1 241 334
2 488
1 497 552
1 393 97
2 396
2 529
2 358
2 58
2 407
2 453
2 66
2 478
2 292
2 149
1 391 482
2 378
2 380
2 448
2 526
1 80 279
2 3
2 487
2 571
2 519
1 362 84
2 252
2 432
2 329
2 293
1 234 84
2 26
2 417
1 451 180
1 229 472
2 364
2 26
2 351
2 283
1 41 423
2 221
2 278
2 118
2 360
1 154 328
2 79
2 259
2 337
2 258
1 99 34
2 124
2 529
2 163
2 295
1 441 15
2 219
2 468
2 423
1 442 251
2 20
2 538
2 243
1 305 551
2 426
1 568 306
2 235
1 322 529
1 175 543
2 480
1 196 181
2 13
1 279 293
2 186
1 276 428
1 80 478
1 505 119
2 310
1 159 277
2 187
2 371
2 556
2 335
2 531
2 263
2 55
2 293
2 385
2 168
2 147
2 242
2 351
1 461 138
2 238
2 97
1 117 326
2 466
2 196
2 436
2 561
1 13 266
2 397
2 484
1 566 42
2 217
2 276
2 29
2 415
1 283 305
1 21 338
2 93
2 265
2 578
2 519
1 3 248
2 422
2 94
2 186
1 204 77
2 381
2 577
2 467
1 13 444
1 437 300
2 469
1 500 460
2 431
2 305
2 449
2 322
2 213
2 159
2 83
1 297 188
1 5 154
2 17
1 189 453
2 73
2 374
2 293
2 502
2 392
2 204
2 501
1 330 508
2 246
2 540
2 364
2 47
2 475
2 27
1 15 336
2 435
2 395
1 296 396
2 188
2 272
2 489
2 134
2 507
1 585 459
2 362
2 555
2 511
2 404
1 131 239
1 65 447
2 292
2 112
2 430
2 545
2 88
2 454
1 481 333
2 440
2 528
2 308
1 399 511
2 486
2 548
2 206
2 111
1 149 222
2 578
2 315
2 495
2 178
1 269 510
2 208
2 10
1 71 328
2 82
2 480
2 10
2 514
2 484
2 65
2 193
1 26 507
2 20
1 43 510
2 552
2 358
2 88
2 473
2 361
2 552
2 275
2 39
2 563
1 125 127
2 317
2 251
1 134 271
1 176 280
2 227
2 126
2 532
2 14
2 439
2 498
2 341
2 229
1 34 250
2 160
2 70
1 226 480
1 496 97
1 275 452
2 132
1 4 76
2 104
2 506
2 20
2 10
2 337
2 111
2 391
2 560
2 198
2 352
2 106
1 494 467
2 543
2 476
2 174
2 149
2 461
2 389
1 501 466
1 52 76
2 443
2 462
2 43
2 254
2 265
2 293
1 14 335
2 489
2 502
2 28
2 404
2 86
2 346
2 376
2 127
2 339
2 239
2 14
2 494
1 76 108
2 307
2 527
2 22
1 50 552
2 333
2 279
1 426 37
1 301 520
1 78 359
2 403
1 253 214
2 152
2 25
2 182
2 371
1 340 103
1 391 536
2 258
1 202 183
2 257
2 283
2 60
2 90
2 152
2 175
1 581 50
1 424 231
2 207
2 337
1 411 140
1 108 484
1 310 79
2 566
2 290
2 207
2 6
2 581
2 343
2 515
2 502
1 123 412
2 169
1 540 79
2 384
2 283
2 583
1 549 61
2 251
1 214 93
2 381
2 504
2 408
2 28
2 368
2 233
1 492 480
2 570
2 348
1 61 389
2 8
2 399
2 100
1 228 279
2 21
2 447
2 445
2 358
2 158
2 498
2 498
2 133
1 255 568
2 315
2 160
2 306
2 336
2 433
1 184 376
2 221
2 414
1 25 184
2 269
2 342
1 187 231
2 253
2 550
2 300
2 235
2 224
1 457 128
1 20 311
2 103
1 248 516
1 359 112
2 128
2 207
2 574
2 47
2 423
2 314
2 15
2 256
1 252 213
2 476
2 176
2 421
2 235
2 403
2 47
2 220
2 62
2 507
2 331
1 508 427
2 55
2 18
2 265
2 110
2 332
2 304
2 261
2 53
2 499
2 242
2 452
1 415 148
2 413
2 338
2 404
2 474
2 500
1 21 356
1 150 100
2 540
2 580
1 57 188
1 202 429
2 153
2 228
2 109
2 191
1 472 94
2 446
2 167
2 45
2 122
2 122
2 234
2 521
1 183 121
1 384 50
1 36 65
2 336
2 11
2 33
1 119 374
2 143
2 69
2 562
2 468
2 217
1 310 150
1 492 358
2 376
2 217
1 471 174
2 57
2 184
2 253
1 549 92
2 2
1 219 63
2 187
2 327
2 55
1 457 547
2 443
2 152
1 158 123
1 404 179
2 87
2 355
2 403
2 8
2 193
2 554
2 412
2 41
2 354
1 255 313
2 197
2 1
2 391
2 186
2 388
1 381 242
1 443 145
2 450
2 193
2 101
2 87
2 122
2 253
2 139
2 486
1 211 573
2 14
2 288
2 496
2 188
1 43 43
2 43
2 429
1 168 29
2 254
2 436
2 93
2 277
2 559
2 454
2 126
2 152
1 362 147
2 549
1 30 91
2 72
1 105 393
1 133 120
2 561
1 142 153
2 418
2 99
2 263
2 68
2 294
2 4
2 554
2 322
1 230 498
1 312 15
1 62 148
2 65
2 134
1 447 261
2 256
1 565 519
2 45
2 382
1 339 321
2 477
2 247
2 53
2 431
2 359
2 301
1 56 508
2 348
2 505
2 123
1 534 54
2 78
2 333
2 140
2 440
1 294 186
2 346
2 165
2 445
2 213
1 298 134
2 145
2 42
2 123
2 61
2 443
2 152
1 500 378
2 352
2 133
2 140
2 36
2 391
2 546
2 448
2 236
2 400
2 113
2 446
1 74 209
1 298 360
1 298 150
2 62
2 291
2 282
2 222
1 572 201
2 88
2 299
1 132 112
2 331
1 4 434
2 299
1 82 71
1 379 307
2 528
2 73
2 55
2 347
1 326 48
2 500
2 481
1 414 92
2 157
2 470
2 587
2 569
2 338
2 47
2 61
2 505
1 200 559
2 46
2 299
2 380
2 375
2 532
1 365 412
2 81
2 534
2 62
2 422
2 295
1 543 355
2 460
2 241
2 461
1 216 172
2 8
2 340
2 413
1 146 324
2 226
2 430
2 266
2 314
1 239 282
2 7
2 165
1 64 96
1 437 311
2 402
2 6
2 99
2 194
2 242
2 556
2 520
2 211
2 347
1 116 128
1 209 451
1 289 514
2 242
1 236 366
2 54
2 418
2 375
2 482
2 201
2 561
2 570
1 97 330
2 212
2 311
1 407 54
2 420
2 449
1 128 314
2 268
2 463
1 558 574
1 87 275
2 147
2 506
2 3
2 562
1 204 285
1 111 425
2 530
2 462
1 532 188
2 212
1 145 131
2 132
2 15
2 466
2 399
2 578
1 131 52
1 421 423
2 531
1 522 561
2 397
2 21
2 467
2 542
2 450
2 242
2 571
2 444
2 546
2 309
2 544
1 148 378
2 69
1 543 4
2 32
1 578 140
2 544
2 524
2 321
2 309
1 563 456
2 207
2 482
1 360 439
1 507 316
2 76
1 198 166
1 317 65
2 456
2 51
2 71
2 60
2 513
1 539 381
2 245
2 495
1 240 433
1 160 161
2 322
2 485
1 399 214
1 493 82
2 543
1 167 160
1 230 85
2 268
2 424
2 346
2 270
1 263 401
2 423
2 566
1 86 552
2 299
2 22
2 198
2 375
2 223
2 94
1 427 448
2 350
1 31 181
2 116
2 41
2 366
2 425
2 314
2 200
2 490
1 579 101
2 367
2 8
2 58
2 221
2 87
2 550
2 250
2 320
2 230
2 558
2 517
2 271
2 340
2 308
2 374
2 433
2 372
2 34
1 254 341
2 340
2 569
2 73
2 275
1 487 454
2 445
2 462
2 287
2 10
2 362
2 1
1 123 459
2 244
2 573
2 406
2 407
2 368
2 57
2 331
2 8
2 401
2 527
2 351
2 38
2 16
2 445
2 130
2 129
2 203
2 370
2 526
2 582
2 342
2 534
2 94
1 151 494
2 90
2 368
2 146
2 520
2 256
2 195
2 456
1 360 70
2 468
1 212 549
2 554
2 433
1 106 474
2 99
2 378
1 446 208
2 257
2 417
2 555
2 83
2 179
2 579
1 409 586
2 370
1 466 469
1 17 74
2 392
2 382
2 379
2 477
1 584 117
2 509
1 171 91
2 436
2 85
2 354
2 549
1 155 515
2 572
2 177
2 423
2 257
1 227 584
2 456
1 284 515
1 454 185
2 47
2 123
2 169
2 387
2 198
1 232 389
2 262
1 400 184
2 156
2 226
2 456
1 231 152
2 232
1 294 409
2 326
1 282 582
2 168
2 291
1 530 92
2 204
2 132
1 156 287
2 381
2 130
2 169
2 84
2 474
2 395
1 202 426
2 196
2 573
2 134
2 436
2 427
2 468
2 27
1 345 288
2 369
2 478
2 286
2 523
2 437
2 296
2 256
2 247
2 99
2 320
1 89 44
2 228
2 363
1 133 207
2 49
2 45
2 25
2 86
2 1
2 378
2 572
2 496
2 231
2 558
2 474
2 94
1 460 104
2 213
2 261
2 372
2 385
2 360
2 569
1 302 503
1 97 574
2 93
2 560
2 449
2 160
2 202
2 466
1 578 178
2 338
1 500 86
2 396
2 115
1 352 503
2 549
2 452
2 191
2 349
1 117 371
2 210
2 60
1 377 138
2 505
2 369
2 148
2 399
2 383
1 444 385
2 492
2 18
2 174
1 43 138
2 500
2 99
2 407
1 361 44
2 366
2 493
2 252
2 181
2 57
2 201
1 108 105
2 125
1 11 397
2 148
2 428
1 472 412
1 245 273
2 456
2 48
2 506
2 123
2 56
2 141
1 120 248
1 44 372
1 55 268
2 289
1 189 283
2 13
2 269
2 126
2 509
2 585
2 473
2 26
1 386 166
2 5
2 318
2 284
2 277
2 498
2 18
2 348
1 198 530
2 70
2 33
2 329
2 418
2 324
2 241
2 109
2 301
2 428
2 305
2 125
2 488
2 460
2 536
1 370 566
2 439
2 517
2 462
1 347 88
1 203 415
2 399
2 553
2 366
2 137
2 112
2 343
1 452 428
2 453
1 314 349
2 447
1 165 408
1 512 495
2 214
2 207
2 347
2 444
1 159 81
2 270
2 237
1 524 164
2 389
2 304
2 110
2 15
2 70
2 285
2 467
2 473
2 523
2 431
2 357
2 47
2 358
1 574 513
2 237
2 118
2 220
2 307
2 369
2 539
2 365
2 347
2 575
2 385
2 362
1 76 450
2 500
1 102 486
1 331 135
2 535
2 455
2 138
1 170 218
2 551
1 565 397
2 52
2 241
1 190 5
2 140
2 431
2 3
2 265
1 51 587
2 382
1 168 20
1 337 324
2 387
1 317 197
2 368
2 88
2 214
2 69
2 167
2 299
2 415
2 88
2 63
2 260
2 121
2 481
1 102 234
2 6
2 540
1 418 477
2 55
2 206
2 543
2 209
1 40 37
2 127
2 552
2 260
2 287
2 49
2 226
2 586
1 418 538
1 335 514
2 476
1 228 99
2 12
1 412 51
2 314
1 431 366
2 190
1 216 228
1 458 453
2 544
2 267
2 266
2 421
1 577 537
2 175
2 26
1 519 163
1 332 513
2 110
2 30
2 70
2 110
2 297
2 71
2 312
2 158
2 397
2 488
2 460
2 540
2 143
2 148
2 303
2 567
2 515
2 41
2 440
2 199
1 196 269
2 7
2 372
2 142
2 319
2 277
2 527
2 122
2 496
2 299
1 327 298
2 423
2 81
1 75 366
1 357 47
2 363
2 95
2 519
2 12
2 188
2 32
2 113
1 444 460
2 513
2 124
2 122
2 2
2 123
2 79
2 500
2 429
2 483
2 309
2 220
1 81 210
2 116
1 372 60
1 198 572
2 408
1 102 456
1 84 578
2 162
2 359
1 484 148
1 105 456
2 324
1 6 34
2 122
2 572
2 223
1 165 203
2 157
2 545
2 474
2 9
2 177
1 97 74
2 42
2 557
2 2
1 472 35
1 93 563
2 360
2 190
2 488
2 180
2 323
2 178
2 337
2 34
2 409
2 304
1 371 273
2 459
2 388
1 447 480
1 368 340
2 558
2 154
2 543
2 159
2 36
2 208
2 135
2 169
2 213
2 199
2 34
2 495
2 63
1 401 118
2 153
2 279
1 524 114
1 469 359
2 504
2 48
2 95
2 19
2 170
2 121
1 258 277
2 91
2 415
2 543
2 143
1 327 245
2 527
2 318
1 141 234
2 188
2 266
2 102
2 314
2 395
2 583
2 528
1 10 355
2 53
2 306
1 316 50
2 255
2 131
1 491 364
2 179
2 490
2 49
2 136
2 72
1 369 243
2 541
2 396
2 391
2 510
2 26
2 169
1 409 387
1 313 163
1 491 110
2 313
2 222
2 31
2 49
2 35
2 526
2 573
2 264
2 65
1 483 123
2 263
1 174 96
1 423 65
1 32 110
2 276
2 93
2 124
1 378 245
2 317
1 391 459
2 174
2 500
2 232
1 419 176
2 514
1 470 78
1 501 274
2 277
2 2
1 314 230
2 559
2 276
1 524 234
2 197
1 470 353
1 256 184
2 303
2 181
2 274
2 185
2 529
2 63
1 543 377
1 502 435
2 190
2 417
2 493
2 178
2 378
2 217
1 413 519
2 94
2 443
2 388
2 67
1 552 97
1 428 443
2 362
2 493
2 165
1 289 190
2 250
2 256
2 128
1 485 298
2 188
1 386 575
2 540
2 193
2 51
2 492
1 394 240
2 190
1 174 566
2 353
2 247
2 107
1 275 92
2 536
2 411
2 353
1 460 100
1 509 237
2 500
2 169
2 437
2 229
2 424
2 462
2 68
2 258
2 257
2 113
2 127
2 212
2 575
2 78
1 93 315
2 92
2 262
1 341 120
2 450
1 465 325
1 532 393
2 473
2 386
2 440
1 21 152
2 95
2 567
2 415
1 505 506
2 180
2 538
1 392 488
2 269
2 35
1 117 72
2 266
1 271 205
1 291 356
2 472
2 436
2 505
2 214
2 427
1 170 465
1 61 452
2 330
2 327
2 379
2 315
2 267
2 262
2 375
2 103
2 121
2 555
1 181 268
2 107
2 217
2 524
2 522
2 20
2 469
2 489
2 376
1 133 461
2 367
2 510
2 507
1 420 561
1 100 241
2 207
2 431
2 423
1 212 565
2 321
2 288
2 313
1 441 445
1 246 311
2 255
2 377
1 112 437
2 299
2 351
2 76
2 194
2 401
2 563
2 226
2 414
1 321 77
2 265
2 307
2 69
2 268
2 445
2 381
2 177
2 432
2 45
2 462
2 26
2 518
2 4
2 66
2 259
2 98
2 428
1 11 496
1 278 441
1 244 234
2 507
1 247 101
2 459
1 377 485
2 394
2 431
1 115 555
2 344
2 113
2 56
2 179
2 488
2 254
2 353
1 63 143
2 250
1 274 224
2 171
2 160
2 494
2 508
1 81 264
2 193
2 167
2 126
1 303 244
2 533
2 507
1 238 409
2 128
2 568
2 265
1 140 71
2 131
2 497
2 342
2 491
1 362 306
2 461
1 157 399
2 252
2 61
2 227
2 117
2 472
1 85 516
2 155
1 367 232
1 78 573
2 568
2 431
2 186
2 481
2 203
2 7
1 94 496
1 498 112
2 469
1 151 397
2 392
2 309
2 410
2 22
2 541
2 496
2 567
1 220 322
2 166
1 109 259
2 442
2 521
1 225 141
2 121
2 49
2 566
2 478
2 192
2 404
2 539
2 553
1 450 287
2 115
2 34
2 523
2 129
2 569
2 96
1 561 265
1 542 243
2 520
2 49
2 10
2 426
2 86
2 102
2 101
1 572 221
2 507
2 305
2 263
1 557 488
2 235
2 259
2 118
2 170
2 78
2 286
2 506
1 266 107
2 454
2 315
2 585
2 456
2 196
2 45
2 119
1 573 379
2 550
2 123
1 161 287
2 447
1 490 318
2 96
2 9
1 374 182
1 195 137
2 477
2 521
2 473
2 127
1 214 176
2 423
2 507
1 466 453
1 455 183
2 51
2 323
2 203
2 56
2 141
1 286 408
2 427
2 247
2 144
2 315
2 383
2 496
2 86
2 177
2 44
2 91
2 227
2 576
2 287
2 372
2 171
2 282
2 72
2 149
2 488
2 204
2 170
1 548 343
2 224
2 17
2 560
2 355
1 464 585
2 349
2 220
2 61
1 28 132
